Tag(M3),Date,Time,Plot_No,Rec_No,CO2,Pressure,Flow,H2O,Tsen,O2,Error,Aux_V,PAR,Tsoil,Tair,Msoil
M3,21/06/22,09:59:54,     1,  2842,   418, 1030.7, 300, 0.0, 0.0, 0.0, 61, 0.0000,     0, 0.0,22.9, 0.0
M3,21/06/22,09:59:55,     1,  2843,   418, 1030.7, 300, 0.0, 0.0, 0.0,  0, 0.0000,     0, 0.0,22.9, 0.0
M3,21/06/22,09:59:56,     1,  2844,   418, 1030.7, 300, 0.0, 0.0, 0.0,  0, 0.0000,     0, 0.0,22.9, 0.0
M3,21/06/22,09:59:57,     1,  2845,   418, 1030.7, 300, 0.0, 0.0, 0.0,  0, 0.0000,     0, 0.0,22.9, 0.0
M3,21/06/22,09:59:58,     1,  2846,   418, 1030.7, 300, 0.0, 0.0, 0.0,  0, 0.0000,     0, 0.0,22.9, 0.0
M3,21/06/22,09:59:59,     1,  2847,   418, 1030.7, 300, 0.0, 0.0, 0.0,  0, 0.0000,     0, 0.0,22.9, 0.0
M3,21/06/22,10:00:00,     1,  2848,   417, 1030.7, 300, 0.0, 0.0, 0.0,  0, 0.0000,     0, 0.0,22.9, 0.0
M3,21/06/22,10:00:01,     1,  2849,   417, 1030.7, 300, 0.0, 0.0, 0.0,  0, 0.0000,     0, 0.0,22.9, 0.0
M3,21/06/22,10:00:02,     1,  2850,   417, 1030.7, 300, 0.0, 0.0, 0.0,  0, 0.0000,     0, 0.0,22.9, 0.0
M3,21/06/22,10:00:03,     1,  2851,   417, 1030.7, 300, 0.0, 0.0, 0.0,  0, 0.0000,     0, 0.0,22.9, 0.0
M3,21/06/22,10:00:04,     1,  2852,   418, 1030.7, 300, 0.0, 0.0, 0.0,  0, 0.0000,     0, 0.0,22.9, 0.0
M3,21/06/22,10:00:05,     1,  2853,   418, 1030.7, 300, 0.0, 0.0, 0.0,  0, 0.0000,     0, 0.0,22.9, 0.0
M3,21/06/22,10:00:06,     1,  2854,   417, 1030.7, 300, 0.0, 0.0, 0.0,  0, 0.0000,     0, 0.0,22.9, 0.0
M3,21/06/22,10:00:07,     1,  2855,   417, 1030.7, 300, 0.0, 0.0, 0.0,  0, 0.0000,     0, 0.0,22.9, 0.0
M3,21/06/22,10:00:08,     1,  2856,   417, 1030.7, 300, 0.0, 0.0, 0.0,  0, 0.0000,     0, 0.0,22.9, 0.0
M3,21/06/22,10:00:09,     1,  2857,   417, 1030.7, 300, 0.0, 0.0, 0.0,  0, 0.0000,     0, 0.0,22.9, 0.0
M3,21/06/22,10:00:10,     1,  2858,   417, 1030.7, 300, 0.0, 0.0, 0.0,  0, 0.0000,     0, 0.0,22.9, 0.0
M3,21/06/22,10:00:11,     1,  2859,   417, 1030.7, 300, 0.0, 0.0, 0.0,  0, 0.0000,     0, 0.0,22.9, 0.0
M3,21/06/22,10:00:12,     1,  2860,   417, 1030.7, 300, 0.0, 0.0, 0.0,  0, 0.0000,     0, 0.0,22.9, 0.0
M3,21/06/22,10:00:13,     1,  2861,   417, 1030.7, 300, 0.0, 0.0, 0.0,  0, 0.0000,     0, 0.0,22.9, 0.0
M3,21/06/22,10:00:14,     1,  2862,   417, 1030.8, 300, 0.0, 0.0, 0.0,  0, 0.0000,     0, 0.0,22.9, 0.0
M3,21/06/22,10:00:15,     1,  2863,   418, 1030.7, 300, 0.0, 0.0, 0.0,  0, 0.0000,     0, 0.0,22.9, 0.0
M3,21/06/22,10:00:16,     1,  2864,   418, 1030.7, 300, 0.0, 0.0, 0.0,  0, 0.0000,     0, 0.0,22.9, 0.0
M3,21/06/22,10:00:17,     1,  2865,   418, 1030.7, 300, 0.0, 0.0, 0.0,  0, 0.0000,     0, 0.0,22.9, 0.0
M3,21/06/22,10:00:18,     1,  2866,   418, 1030.7, 300, 0.0, 0.0, 0.0,  0, 0.0000,     0, 0.0,22.9, 0.0
M3,21/06/22,10:00:19,     1,  2867,   418, 1030.7, 300, 0.0, 0.0, 0.0,  0, 0.0000,     0, 0.0,22.8, 0.0
M3,21/06/22,10:00:20,     1,  2868,   418, 1030.7, 300, 0.0, 0.0, 0.0,  0, 0.0000,     0, 0.0,22.8, 0.0
M3,21/06/22,10:00:21,     1,  2869,   418, 1030.7, 300, 0.0, 0.0, 0.0,  0, 0.0000,     0, 0.0,22.8, 0.0
M3,21/06/22,10:00:22,     1,  2870,   417, 1030.8, 300, 0.0, 0.0, 0.0,  0, 0.0000,     0, 0.0,22.8, 0.0
M3,21/06/22,10:00:23,     1,  2871,   417, 1030.8, 300, 0.0, 0.0, 0.0,  0, 0.0000,     0, 0.0,22.8, 0.0
M3,21/06/22,10:00:24,     1,  2872,   417, 1030.8, 300, 0.0, 0.0, 0.0,  0, 0.0000,     0, 0.0,22.8, 0.0
M3,21/06/22,10:00:25,     1,  2873,   417, 1030.8, 300, 0.0, 0.0, 0.0,  0, 0.0000,     0, 0.0,22.8, 0.0
M3,21/06/22,10:00:26,     1,  2874,   417, 1030.8, 300, 0.0, 0.0, 0.0,  0, 0.0000,     0, 0.0,22.8, 0.0
M3,21/06/22,10:00:27,     1,  2875,   417, 1030.8, 300, 0.0, 0.0, 0.0,  0, 0.0000,     0, 0.0,22.8, 0.0
M3,21/06/22,10:00:28,     1,  2876,   417, 1030.8, 300, 0.0, 0.0, 0.0,  0, 0.0000,     0, 0.0,22.8, 0.0
M3,21/06/22,10:00:29,     1,  2877,   417, 1030.8, 300, 0.0, 0.0, 0.0,  0, 0.0000,     0, 0.0,22.8, 0.0
M3,21/06/22,10:00:30,     1,  2878,   417, 1030.8, 300, 0.0, 0.0, 0.0,  0, 0.0000,     0, 0.0,22.8, 0.0
M3,21/06/22,10:00:31,     1,  2879,   417, 1030.7, 300, 0.0, 0.0, 0.0,  0, 0.0000,     0, 0.0,22.8, 0.0
M3,21/06/22,10:00:32,     1,  2880,   417, 1030.7, 300, 0.0, 0.0, 0.0,  0, 0.0000,     0, 0.0,22.8, 0.0
M3,21/06/22,10:00:33,     1,  2881,   417, 1030.7, 300, 0.0, 0.0, 0.0,  0, 0.0000,     0, 0.0,22.8, 0.0
M3,21/06/22,10:00:34,     1,  2882,   417, 1030.8, 300, 0.0, 0.0, 0.0,  0, 0.0000,     0, 0.0,22.8, 0.0
M3,21/06/22,10:00:35,     1,  2883,   417, 1030.7, 300, 0.0, 0.0, 0.0,  0, 0.0000,     0, 0.0,22.8, 0.0
M3,21/06/22,10:00:36,     1,  2884,   417, 1030.7, 300, 0.0, 0.0, 0.0,  0, 0.0000,     0, 0.0,22.8, 0.0
M3,21/06/22,10:00:37,     1,  2885,   417, 1030.7, 300, 0.0, 0.0, 0.0,  0, 0.0000,     0, 0.0,22.8, 0.0
M3,21/06/22,10:00:38,     1,  2886,   417, 1030.7, 300, 0.0, 0.0, 0.0,  0, 0.0000,     0, 0.0,22.8, 0.0
M3,21/06/22,10:00:39,     1,  2887,   417, 1030.7, 300, 0.0, 0.0, 0.0,  0, 0.0000,     0, 0.0,22.8, 0.0
M3,21/06/22,10:00:40,     1,  2888,   417, 1030.7, 300, 0.0, 0.0, 0.0,  0, 0.0000,     0, 0.0,22.8, 0.0
M3,21/06/22,10:00:41,     1,  2889,   417, 1030.7, 300, 0.0, 0.0, 0.0,  0, 0.0000,     0, 0.0,22.8, 0.0
M3,21/06/22,10:00:42,     1,  2890,   417, 1030.8, 300, 0.0, 0.0, 0.0,  0, 0.0000,     0, 0.0,22.8, 0.0
M3,21/06/22,10:00:43,     1,  2891,   417, 1030.8, 300, 0.0, 0.0, 0.0,  0, 0.0000,     0, 0.0,22.8, 0.0
M3,21/06/22,10:00:44,     1,  2892,   417, 1030.7, 300, 0.0, 0.0, 0.0,  0, 0.0000,     0, 0.0,22.8, 0.0
M3,21/06/22,10:00:45,     1,  2893,   417, 1030.7, 300, 0.0, 0.0, 0.0,  0, 0.0000,     0, 0.0,22.8, 0.0
M3,21/06/22,10:00:46,     1,  2894,   417, 1030.8, 300, 0.0, 0.0, 0.0,  0, 0.0000,     0, 0.0,22.8, 0.0
M3,21/06/22,10:00:47,     1,  2895,   418, 1030.8, 300, 0.0, 0.0, 0.0,  0, 0.0000,     0, 0.0,22.7, 0.0
M3,21/06/22,10:00:48,     1,  2896,   418, 1030.8, 300, 0.0, 0.0, 0.0,  0, 0.0000,     0, 0.0,22.7, 0.0
M3,21/06/22,10:00:49,     1,  2897,   418, 1030.8, 300, 0.0, 0.0, 0.0,  0, 0.0000,     0, 0.0,22.7, 0.0
M3,21/06/22,10:00:50,     1,  2898,   418, 1030.7, 300, 0.0, 0.0, 0.0,  0, 0.0000,     0, 0.0,22.7, 0.0
M3,21/06/22,10:00:51,     1,  2899,   418, 1030.7, 300, 0.0, 0.0, 0.0,  0, 0.0000,     0, 0.0,22.7, 0.0
M3,21/06/22,10:00:52,     1,  2900,   418, 1030.7, 300, 0.0, 0.0, 0.0,  0, 0.0000,     0, 0.0,22.7, 0.0
M3,21/06/22,10:00:53,     1,  2901,   418, 1030.7, 300, 0.0, 0.0, 0.0,  0, 0.0000,     0, 0.0,22.7, 0.0
M3,21/06/22,10:00:54,     1,  2902,   417, 1030.7, 300, 0.0, 0.0, 0.0,  0, 0.0000,     0, 0.0,22.7, 0.0
M3,21/06/22,10:00:55,     1,  2903,   417, 1030.7, 300, 0.0, 0.0, 0.0,  0, 0.0000,     0, 0.0,22.7, 0.0
M3,21/06/22,10:00:56,     1,  2904,   418, 1030.7, 300, 0.0, 0.0, 0.0,  0, 0.0000,     0, 0.0,22.7, 0.0
M3,21/06/22,10:00:57,     1,  2905,   418, 1030.7, 300, 0.0, 0.0, 0.0,  0, 0.0000,     0, 0.0,22.7, 0.0
M3,21/06/22,10:00:58,     1,  2906,   418, 1030.7, 300, 0.0, 0.0, 0.0,  0, 0.0000,     0, 0.0,22.7, 0.0
M3,21/06/22,10:00:59,     1,  2907,   418, 1030.7, 300, 0.0, 0.0, 0.0,  0, 0.0000,     0, 0.0,22.7, 0.0
M3,21/06/22,10:01:00,     1,  2908,   418, 1030.7, 300, 0.0, 0.0, 0.0,  0, 0.0000,     0, 0.0,22.7, 0.0
M3,21/06/22,10:01:01,     1,  2909,   418, 1030.7, 300, 0.0, 0.0, 0.0,  0, 0.0000,     0, 0.0,22.7, 0.0
M3,21/06/22,10:01:02,     1,  2910,   419, 1030.7, 300, 0.0, 0.0, 0.0,  0, 0.0000,     0, 0.0,22.7, 0.0
M3,21/06/22,10:01:03,     1,  2911,   419, 1030.7, 300, 0.0, 0.0, 0.0,  0, 0.0000,     0, 0.0,22.7, 0.0
M3,21/06/22,10:01:04,     1,  2912,   419, 1030.7, 300, 0.0, 0.0, 0.0,  0, 0.0000,     0, 0.0,22.7, 0.0
M3,21/06/22,10:01:05,     1,  2913,   419, 1030.7, 300, 0.0, 0.0, 0.0,  0, 0.0000,     0, 0.0,22.7, 0.0
M3,21/06/22,10:01:06,     1,  2914,   419, 1030.7, 300, 0.0, 0.0, 0.0,  0, 0.0000,     0, 0.0,22.7, 0.0
M3,21/06/22,10:01:07,     1,  2915,   418, 1030.8, 300, 0.0, 0.0, 0.0,  0, 0.0000,     0, 0.0,22.7, 0.0
M3,21/06/22,10:01:08,     1,  2916,   418, 1030.8, 300, 0.0, 0.0, 0.0,  0, 0.0000,     0, 0.0,22.7, 0.0
M3,21/06/22,10:01:09,     1,  2917,   419, 1030.7, 300, 0.0, 0.0, 0.0,  0, 0.0000,     0, 0.0,22.7, 0.0
M3,21/06/22,10:01:10,     1,  2918,   419, 1030.7, 300, 0.0, 0.0, 0.0,  0, 0.0000,     0, 0.0,22.7, 0.0
M3,21/06/22,10:01:11,     1,  2919,   419, 1030.7, 300, 0.0, 0.0, 0.0,  0, 0.0000,     0, 0.0,22.7, 0.0
M3,21/06/22,10:01:12,     1,  2920,   418, 1030.7, 300, 0.0, 0.0, 0.0,  0, 0.0000,     0, 0.0,22.7, 0.0
M3,21/06/22,10:01:13,     1,  2921,   418, 1030.7, 300, 0.0, 0.0, 0.0,  0, 0.0000,     0, 0.0,22.7, 0.0
M3,21/06/22,10:01:14,     1,  2922,   418, 1030.7, 300, 0.0, 0.0, 0.0,  0, 0.0000,     0, 0.0,22.7, 0.0
M3,21/06/22,10:01:15,     1,  2923,   418, 1030.7, 300, 0.0, 0.0, 0.0,  0, 0.0000,     0, 0.0,22.6, 0.0
M3,21/06/22,10:01:16,     1,  2924,   418, 1030.7, 300, 0.0, 0.0, 0.0,  0, 0.0000,     0, 0.0,22.6, 0.0
M3,21/06/22,10:01:17,     1,  2925,   418, 1030.7, 300, 0.0, 0.0, 0.0,  0, 0.0000,     0, 0.0,22.6, 0.0
M3,21/06/22,10:01:19,     1,  2926,   418, 1030.7, 300, 0.0, 0.0, 0.0,  0, 0.0000,     0, 0.0,22.6, 0.0
M3,21/06/22,10:01:20,     1,  2927,   418, 1030.7, 300, 0.0, 0.0, 0.0,  0, 0.0000,     0, 0.0,22.6, 0.0
M3,21/06/22,10:01:21,     1,  2928,   419, 1030.7, 300, 0.0, 0.0, 0.0,  0, 0.0000,     0, 0.0,22.6, 0.0
M3,21/06/22,10:01:22,     1,  2929,   419, 1030.7, 300, 0.0, 0.0, 0.0,  0, 0.0000,     0, 0.0,22.6, 0.0
M3,21/06/22,10:01:23,     1,  2930,   419, 1030.7, 300, 0.0, 0.0, 0.0,  0, 0.0000,     0, 0.0,22.6, 0.0
M3,21/06/22,10:01:24,     1,  2931,   419, 1030.7, 300, 0.0, 0.0, 0.0,  0, 0.0000,     0, 0.0,22.6, 0.0
M3,21/06/22,10:01:25,     1,  2932,   419, 1030.7, 300, 0.0, 0.0, 0.0,  0, 0.0000,     0, 0.0,22.6, 0.0
M3,21/06/22,10:01:26,     1,  2933,   419, 1030.7, 300, 0.0, 0.0, 0.0,  0, 0.0000,     0, 0.0,22.6, 0.0
M3,21/06/22,10:01:27,     1,  2934,   419, 1030.7, 300, 0.0, 0.0, 0.0,  0, 0.0000,     0, 0.0,22.6, 0.0
M3,21/06/22,10:01:28,     1,  2935,   419, 1030.7, 300, 0.0, 0.0, 0.0,  0, 0.0000,     0, 0.0,22.6, 0.0
M3,21/06/22,10:01:29,     1,  2936,   418, 1030.7, 300, 0.0, 0.0, 0.0,  0, 0.0000,     0, 0.0,22.6, 0.0
M3,21/06/22,10:01:30,     1,  2937,   418, 1030.7, 300, 0.0, 0.0, 0.0,  0, 0.0000,     0, 0.0,22.6, 0.0
M3,21/06/22,10:01:31,     1,  2938,   419, 1030.7, 300, 0.0, 0.0, 0.0,  0, 0.0000,     0, 0.0,22.6, 0.0
M3,21/06/22,10:01:32,     1,  2939,   419, 1030.7, 300, 0.0, 0.0, 0.0,  0, 0.0000,     0, 0.0,22.6, 0.0
M3,21/06/22,10:01:33,     1,  2940,   419, 1030.7, 300, 0.0, 0.0, 0.0,  0, 0.0000,     0, 0.0,22.6, 0.0
M3,21/06/22,10:01:34,     1,  2941,   419, 1030.7, 300, 0.0, 0.0, 0.0,  0, 0.0000,     0, 0.0,22.6, 0.0
M3,21/06/22,10:01:35,     1,  2942,   419, 1030.7, 300, 0.0, 0.0, 0.0,  0, 0.0000,     0, 0.0,22.6, 0.0
M3,21/06/22,10:01:36,     1,  2943,   419, 1030.7, 300, 0.0, 0.0, 0.0,  0, 0.0000,     0, 0.0,22.6, 0.0
M3,21/06/22,10:01:37,     1,  2944,   419, 1030.7, 300, 0.0, 0.0, 0.0,  0, 0.0000,     0, 0.0,22.6, 0.0
M3,21/06/22,10:01:38,     1,  2945,   419, 1030.7, 300, 0.0, 0.0, 0.0,  0, 0.0000,     0, 0.0,22.6, 0.0
M3,21/06/22,10:01:39,     1,  2946,   419, 1030.7, 300, 0.0, 0.0, 0.0,  0, 0.0000,     0, 0.0,22.6, 0.0
M3,21/06/22,10:01:40,     1,  2947,   418, 1030.8, 300, 0.0, 0.0, 0.0,  0, 0.0000,     0, 0.0,22.6, 0.0
M3,21/06/22,10:01:41,     1,  2948,   418, 1030.8, 300, 0.0, 0.0, 0.0,  0, 0.0000,     0, 0.0,22.6, 0.0
M3,21/06/22,10:01:42,     1,  2949,   418, 1030.8, 300, 0.0, 0.0, 0.0,  0, 0.0000,     0, 0.0,22.5, 0.0
M3,21/06/22,10:01:43,     1,  2950,   419, 1030.8, 300, 0.0, 0.0, 0.0,  0, 0.0000,     0, 0.0,22.5, 0.0
M3,21/06/22,10:01:44,     1,  2951,   419, 1030.8, 300, 0.0, 0.0, 0.0,  0, 0.0000,     0, 0.0,22.5, 0.0
M3,21/06/22,10:01:45,     1,  2952,   419, 1030.8, 300, 0.0, 0.0, 0.0,  0, 0.0000,     0, 0.0,22.5, 0.0
M3,21/06/22,10:01:46,     1,  2953,   419, 1030.8, 300, 0.0, 0.0, 0.0,  0, 0.0000,     0, 0.0,22.5, 0.0
M3,21/06/22,10:01:47,     1,  2954,   419, 1030.8, 300, 0.0, 0.0, 0.0,  0, 0.0000,     0, 0.0,22.5, 0.0
M3,21/06/22,10:01:48,     1,  2955,   419, 1030.8, 300, 0.0, 0.0, 0.0,  0, 0.0000,     0, 0.0,22.5, 0.0
M3,21/06/22,10:01:49,     1,  2956,   419, 1030.7, 300, 0.0, 0.0, 0.0,  0, 0.0000,     0, 0.0,22.5, 0.0
M3,21/06/22,10:01:50,     1,  2957,   419, 1030.7, 300, 0.0, 0.0, 0.0,  0, 0.0000,     0, 0.0,22.5, 0.0
M3,21/06/22,10:01:51,     1,  2958,   419, 1030.7, 300, 0.0, 0.0, 0.0,  0, 0.0000,     0, 0.0,22.5, 0.0
M3,21/06/22,10:01:52,     1,  2959,   419, 1030.7, 300, 0.0, 0.0, 0.0,  0, 0.0000,     0, 0.0,22.5, 0.0
M3,21/06/22,10:01:53,     1,  2960,   419, 1030.7, 300, 0.0, 0.0, 0.0,  0, 0.0000,     0, 0.0,22.5, 0.0
M3,21/06/22,10:01:54,     1,  2961,   419, 1030.7, 300, 0.0, 0.0, 0.0,  0, 0.0000,     0, 0.0,22.5, 0.0
M3,21/06/22,10:01:55,     1,  2962,   419, 1030.7, 300, 0.0, 0.0, 0.0,  0, 0.0000,     0, 0.0,22.5, 0.0
M3,21/06/22,10:01:56,     1,  2963,   419, 1030.7, 300, 0.0, 0.0, 0.0,  0, 0.0000,     0, 0.0,22.5, 0.0
M3,21/06/22,10:01:57,     1,  2964,   419, 1030.7, 300, 0.0, 0.0, 0.0,  0, 0.0000,     0, 0.0,22.5, 0.0
M3,21/06/22,10:01:58,     1,  2965,   419, 1030.7, 300, 0.0, 0.0, 0.0,  0, 0.0000,     0, 0.0,22.5, 0.0
M3,21/06/22,10:01:59,     1,  2966,   420, 1030.7, 300, 0.0, 0.0, 0.0,  0, 0.0000,     0, 0.0,22.5, 0.0
M3,21/06/22,10:02:00,     1,  2967,   420, 1030.7, 300, 0.0, 0.0, 0.0,  0, 0.0000,     0, 0.0,22.5, 0.0
M3,21/06/22,10:02:01,     1,  2968,   420, 1030.7, 300, 0.0, 0.0, 0.0,  0, 0.0000,     0, 0.0,22.5, 0.0
M3,21/06/22,10:02:02,     1,  2969,   420, 1030.7, 300, 0.0, 0.0, 0.0,  0, 0.0000,     0, 0.0,22.5, 0.0
M3,21/06/22,10:02:03,     1,  2970,   420, 1030.7, 300, 0.0, 0.0, 0.0,  0, 0.0000,     0, 0.0,22.5, 0.0
M3,21/06/22,10:02:04,     1,  2971,   420, 1030.7, 300, 0.0, 0.0, 0.0,  0, 0.0000,     0, 0.0,22.5, 0.0
M3,21/06/22,10:02:05,     1,  2972,   420, 1030.7, 300, 0.0, 0.0, 0.0,  0, 0.0000,     0, 0.0,22.5, 0.0
M3,21/06/22,10:02:06,     1,  2973,   420, 1030.7, 300, 0.0, 0.0, 0.0,  0, 0.0000,     0, 0.0,22.5, 0.0
M3,21/06/22,10:02:07,     1,  2974,   420, 1030.7, 300, 0.0, 0.0, 0.0,  0, 0.0000,     0, 0.0,22.5, 0.0
M3,21/06/22,10:02:08,     1,  2975,   420, 1030.7, 300, 0.0, 0.0, 0.0,  0, 0.0000,     0, 0.0,22.5, 0.0
M3,21/06/22,10:02:09,     1,  2976,   421, 1030.7, 300, 0.0, 0.0, 0.0,  0, 0.0000,     0, 0.0,22.5, 0.0
M3,21/06/22,10:02:10,     1,  2977,   421, 1030.7, 300, 0.0, 0.0, 0.0,  0, 0.0000,     0, 0.0,22.5, 0.0
M3,21/06/22,10:02:11,     1,  2978,   421, 1030.7, 300, 0.0, 0.0, 0.0,  0, 0.0000,     0, 0.0,22.5, 0.0
M3,21/06/22,10:02:12,     1,  2979,   421, 1030.7, 300, 0.0, 0.0, 0.0,  0, 0.0000,     0, 0.0,22.5, 0.0
M3,21/06/22,10:02:13,     1,  2980,   421, 1030.7, 300, 0.0, 0.0, 0.0,  0, 0.0000,     0, 0.0,22.4, 0.0
M3,21/06/22,10:02:14,     1,  2981,   421, 1030.7, 300, 0.0, 0.0, 0.0,  0, 0.0000,     0, 0.0,22.4, 0.0
M3,21/06/22,10:02:15,     1,  2982,   421, 1030.7, 300, 0.0, 0.0, 0.0,  0, 0.0000,     0, 0.0,22.4, 0.0
M3,21/06/22,10:02:16,     1,  2983,   421, 1030.7, 300, 0.0, 0.0, 0.0,  0, 0.0000,     0, 0.0,22.4, 0.0
M3,21/06/22,10:02:17,     1,  2984,   421, 1030.7, 300, 0.0, 0.0, 0.0,  0, 0.0000,     0, 0.0,22.4, 0.0
M3,21/06/22,10:02:18,     1,  2985,   421, 1030.7, 300, 0.0, 0.0, 0.0,  0, 0.0000,     0, 0.0,22.4, 0.0
M3,21/06/22,10:02:19,     1,  2986,   421, 1030.7, 300, 0.0, 0.0, 0.0,  0, 0.0000,     0, 0.0,22.4, 0.0
M3,21/06/22,10:02:20,     1,  2987,   421, 1030.7, 300, 0.0, 0.0, 0.0,  0, 0.0000,     0, 0.0,22.4, 0.0
M3,21/06/22,10:02:21,     1,  2988,   421, 1030.7, 300, 0.0, 0.0, 0.0,  0, 0.0000,     0, 0.0,22.4, 0.0
M3,21/06/22,10:02:22,     1,  2989,   421, 1030.7, 300, 0.0, 0.0, 0.0,  0, 0.0000,     0, 0.0,22.4, 0.0
M3,21/06/22,10:02:23,     1,  2990,   422, 1030.7, 300, 0.0, 0.0, 0.0,  0, 0.0000,     0, 0.0,22.4, 0.0
M3,21/06/22,10:02:24,     1,  2991,   422, 1030.7, 300, 0.0, 0.0, 0.0,  0, 0.0000,     0, 0.0,22.4, 0.0
M3,21/06/22,10:02:25,     1,  2992,   422, 1030.7, 300, 0.0, 0.0, 0.0,  0, 0.0000,     0, 0.0,22.4, 0.0
M3,21/06/22,10:02:26,     1,  2993,   422, 1030.7, 300, 0.0, 0.0, 0.0,  0, 0.0000,     0, 0.0,22.4, 0.0
M3,21/06/22,10:02:27,     1,  2994,   422, 1030.7, 300, 0.0, 0.0, 0.0,  0, 0.0000,     0, 0.0,22.4, 0.0
M3,21/06/22,10:02:28,     1,  2995,   422, 1030.7, 300, 0.0, 0.0, 0.0,  0, 0.0000,     0, 0.0,22.4, 0.0
M3,21/06/22,10:02:29,     1,  2996,   422, 1030.7, 300, 0.0, 0.0, 0.0,  0, 0.0000,     0, 0.0,22.4, 0.0
M3,21/06/22,10:02:30,     1,  2997,   423, 1030.7, 300, 0.0, 0.0, 0.0,  0, 0.0000,     0, 0.0,22.4, 0.0
M3,21/06/22,10:02:31,     1,  2998,   423, 1030.7, 300, 0.0, 0.0, 0.0,  0, 0.0000,     0, 0.0,22.4, 0.0
M3,21/06/22,10:02:32,     1,  2999,   423, 1030.8, 300, 0.0, 0.0, 0.0,  0, 0.0000,     0, 0.0,22.4, 0.0
M3,21/06/22,10:02:33,     1,  3000,   423, 1030.8, 300, 0.0, 0.0, 0.0,  0, 0.0000,     0, 0.0,22.4, 0.0
M3,21/06/22,10:02:34,     1,  3001,   423, 1030.8, 300, 0.0, 0.0, 0.0,  0, 0.0000,     0, 0.0,22.4, 0.0
M3,21/06/22,10:02:35,     1,  3002,   422, 1030.8, 300, 0.0, 0.0, 0.0,  0, 0.0000,     0, 0.0,22.4, 0.0
M3,21/06/22,10:02:36,     1,  3003,   422, 1030.8, 300, 0.0, 0.0, 0.0,  0, 0.0000,     0, 0.0,22.4, 0.0
M3,21/06/22,10:02:37,     1,  3004,   422, 1030.8, 300, 0.0, 0.0, 0.0,  0, 0.0000,     0, 0.0,22.4, 0.0
M3,21/06/22,10:02:38,     1,  3005,   423, 1030.8, 300, 0.0, 0.0, 0.0,  0, 0.0000,     0, 0.0,22.4, 0.0
M3,21/06/22,10:02:39,     1,  3006,   423, 1030.8, 300, 0.0, 0.0, 0.0,  0, 0.0000,     0, 0.0,22.4, 0.0
M3,21/06/22,10:02:40,     1,  3007,   423, 1030.8, 300, 0.0, 0.0, 0.0,  0, 0.0000,     0, 0.0,22.4, 0.0
M3,21/06/22,10:02:41,     1,  3008,   422, 1030.7, 300, 0.0, 0.0, 0.0,  0, 0.0000,     0, 0.0,22.4, 0.0
M3,21/06/22,10:02:42,     1,  3009,   422, 1030.7, 300, 0.0, 0.0, 0.0,  0, 0.0000,     0, 0.0,22.3, 0.0
M3,21/06/22,10:02:43,     1,  3010,   421, 1030.7, 300, 0.0, 0.0, 0.0,  0, 0.0000,     0, 0.0,22.3, 0.0
M3,21/06/22,10:02:44,     1,  3011,   421, 1030.7, 300, 0.0, 0.0, 0.0,  0, 0.0000,     0, 0.0,22.3, 0.0
M3,21/06/22,10:02:45,     1,  3012,   421, 1030.7, 300, 0.0, 0.0, 0.0,  0, 0.0000,     0, 0.0,22.3, 0.0
M3,21/06/22,10:02:46,     1,  3013,   421, 1030.7, 300, 0.0, 0.0, 0.0,  0, 0.0000,     0, 0.0,22.3, 0.0
M3,21/06/22,10:02:47,     1,  3014,   421, 1030.7, 300, 0.0, 0.0, 0.0,  0, 0.0000,     0, 0.0,22.3, 0.0
M3,21/06/22,10:02:48,     1,  3015,   421, 1030.7, 300, 0.0, 0.0, 0.0,  0, 0.0000,     0, 0.0,22.3, 0.0
