Tag(M3),Date,Time,Plot_No,Rec_No,CO2,Pressure,Flow,H2O,Tsen,O2,Error,Aux_V,PAR,Tsoil,Tair,Msoil
M3,29/06/22,13:14:06,     1,  2052,   410, 1025.4, 300, 0.0, 0.0, 0.0, 61, 0.0000,   480, 0.0,29.3, 0.0
M3,29/06/22,13:14:07,     1,  2053,   410, 1025.4, 300, 0.0, 0.0, 0.0,  0, 0.0000,   481, 0.0,29.3, 0.0
M3,29/06/22,13:14:08,     1,  2054,   409, 1025.4, 300, 0.0, 0.0, 0.0,  0, 0.0000,   482, 0.0,29.3, 0.0
M3,29/06/22,13:14:09,     1,  2055,   409, 1025.4, 300, 0.0, 0.0, 0.0,  0, 0.0000,   484, 0.0,29.3, 0.0
M3,29/06/22,13:14:10,     1,  2056,   409, 1025.4, 300, 0.0, 0.0, 0.0,  0, 0.0000,   483, 0.0,29.3, 0.0
M3,29/06/22,13:14:11,     1,  2057,   409, 1025.4, 300, 0.0, 0.0, 0.0,  0, 0.0000,   483, 0.0,29.3, 0.0
M3,29/06/22,13:14:12,     1,  2058,   409, 1025.4, 300, 0.0, 0.0, 0.0,  0, 0.0000,   483, 0.0,29.3, 0.0
M3,29/06/22,13:14:13,     1,  2059,   409, 1025.4, 300, 0.0, 0.0, 0.0,  0, 0.0000,   484, 0.0,29.3, 0.0
M3,29/06/22,13:14:14,     1,  2060,   409, 1025.4, 300, 0.0, 0.0, 0.0,  0, 0.0000,   483, 0.0,29.3, 0.0
M3,29/06/22,13:14:15,     1,  2061,   409, 1025.4, 300, 0.0, 0.0, 0.0,  0, 0.0000,   483, 0.0,29.3, 0.0
M3,29/06/22,13:14:16,     1,  2062,   409, 1025.5, 300, 0.0, 0.0, 0.0,  0, 0.0000,   482, 0.0,29.3, 0.0
M3,29/06/22,13:14:17,     1,  2063,   409, 1025.5, 300, 0.0, 0.0, 0.0,  0, 0.0000,   482, 0.0,29.3, 0.0
M3,29/06/22,13:14:18,     1,  2064,   410, 1025.5, 300, 0.0, 0.0, 0.0,  0, 0.0000,   483, 0.0,29.3, 0.0
M3,29/06/22,13:14:19,     1,  2065,   410, 1025.5, 300, 0.0, 0.0, 0.0,  0, 0.0000,   483, 0.0,29.3, 0.0
M3,29/06/22,13:14:20,     1,  2066,   410, 1025.5, 300, 0.0, 0.0, 0.0,  0, 0.0000,   483, 0.0,29.3, 0.0
M3,29/06/22,13:14:21,     1,  2067,   409, 1025.5, 300, 0.0, 0.0, 0.0,  0, 0.0000,   484, 0.0,29.3, 0.0
M3,29/06/22,13:14:22,     1,  2068,   409, 1025.5, 300, 0.0, 0.0, 0.0,  0, 0.0000,   484, 0.0,29.3, 0.0
M3,29/06/22,13:14:23,     1,  2069,   409, 1025.5, 300, 0.0, 0.0, 0.0,  0, 0.0000,   484, 0.0,29.3, 0.0
M3,29/06/22,13:14:24,     1,  2070,   408, 1025.5, 300, 0.0, 0.0, 0.0,  0, 0.0000,   482, 0.0,29.3, 0.0
M3,29/06/22,13:14:25,     1,  2071,   408, 1025.5, 300, 0.0, 0.0, 0.0,  0, 0.0000,   483, 0.0,29.3, 0.0
M3,29/06/22,13:14:26,     1,  2072,   409, 1025.5, 300, 0.0, 0.0, 0.0,  0, 0.0000,   483, 0.0,29.3, 0.0
M3,29/06/22,13:14:27,     1,  2073,   409, 1025.5, 300, 0.0, 0.0, 0.0,  0, 0.0000,   483, 0.0,29.3, 0.0
M3,29/06/22,13:14:28,     1,  2074,   409, 1025.5, 300, 0.0, 0.0, 0.0,  0, 0.0000,   483, 0.0,29.3, 0.0
M3,29/06/22,13:14:29,     1,  2075,   409, 1025.5, 300, 0.0, 0.0, 0.0,  0, 0.0000,   482, 0.0,29.3, 0.0
M3,29/06/22,13:14:30,     1,  2076,   409, 1025.5, 300, 0.0, 0.0, 0.0,  0, 0.0000,   483, 0.0,29.3, 0.0
M3,29/06/22,13:14:31,     1,  2077,   410, 1025.5, 300, 0.0, 0.0, 0.0,  0, 0.0000,   482, 0.0,29.3, 0.0
M3,29/06/22,13:14:32,     1,  2078,   410, 1025.5, 300, 0.0, 0.0, 0.0,  0, 0.0000,   482, 0.0,29.3, 0.0
M3,29/06/22,13:14:33,     1,  2079,   410, 1025.5, 300, 0.0, 0.0, 0.0,  0, 0.0000,   481, 0.0,29.3, 0.0
M3,29/06/22,13:14:34,     1,  2080,   410, 1025.5, 300, 0.0, 0.0, 0.0,  0, 0.0000,   481, 0.0,29.2, 0.0
M3,29/06/22,13:14:35,     1,  2081,   410, 1025.4, 300, 0.0, 0.0, 0.0,  0, 0.0000,   481, 0.0,29.2, 0.0
M3,29/06/22,13:14:36,     1,  2082,   410, 1025.4, 300, 0.0, 0.0, 0.0,  0, 0.0000,   480, 0.0,29.2, 0.0
M3,29/06/22,13:14:37,     1,  2083,   410, 1025.4, 300, 0.0, 0.0, 0.0,  0, 0.0000,   480, 0.0,29.2, 0.0
M3,29/06/22,13:14:38,     1,  2084,   410, 1025.4, 300, 0.0, 0.0, 0.0,  0, 0.0000,   480, 0.0,29.2, 0.0
M3,29/06/22,13:14:39,     1,  2085,   409, 1025.4, 300, 0.0, 0.0, 0.0,  0, 0.0000,   480, 0.0,29.2, 0.0
M3,29/06/22,13:14:40,     1,  2086,   409, 1025.4, 300, 0.0, 0.0, 0.0,  0, 0.0000,   480, 0.0,29.2, 0.0
M3,29/06/22,13:14:41,     1,  2087,   409, 1025.4, 300, 0.0, 0.0, 0.0,  0, 0.0000,   480, 0.0,29.3, 0.0
M3,29/06/22,13:14:42,     1,  2088,   409, 1025.4, 300, 0.0, 0.0, 0.0,  0, 0.0000,   481, 0.0,29.3, 0.0
M3,29/06/22,13:14:43,     1,  2089,   409, 1025.4, 300, 0.0, 0.0, 0.0,  0, 0.0000,   480, 0.0,29.3, 0.0
M3,29/06/22,13:14:44,     1,  2090,   409, 1025.4, 300, 0.0, 0.0, 0.0,  0, 0.0000,   480, 0.0,29.3, 0.0
M3,29/06/22,13:14:45,     1,  2091,   409, 1025.4, 300, 0.0, 0.0, 0.0,  0, 0.0000,   479, 0.0,29.3, 0.0
M3,29/06/22,13:14:46,     1,  2092,   409, 1025.4, 300, 0.0, 0.0, 0.0,  0, 0.0000,   479, 0.0,29.3, 0.0
M3,29/06/22,13:14:47,     1,  2093,   409, 1025.4, 300, 0.0, 0.0, 0.0,  0, 0.0000,   479, 0.0,29.3, 0.0
M3,29/06/22,13:14:48,     1,  2094,   409, 1025.4, 300, 0.0, 0.0, 0.0,  0, 0.0000,   479, 0.0,29.2, 0.0
M3,29/06/22,13:14:49,     1,  2095,   409, 1025.5, 300, 0.0, 0.0, 0.0,  0, 0.0000,   480, 0.0,29.2, 0.0
M3,29/06/22,13:14:50,     1,  2096,   409, 1025.5, 300, 0.0, 0.0, 0.0,  0, 0.0000,   480, 0.0,29.2, 0.0
M3,29/06/22,13:14:51,     1,  2097,   408, 1025.5, 300, 0.0, 0.0, 0.0,  0, 0.0000,   478, 0.0,29.2, 0.0
M3,29/06/22,13:14:52,     1,  2098,   408, 1025.5, 300, 0.0, 0.0, 0.0,  0, 0.0000,   479, 0.0,29.2, 0.0
M3,29/06/22,13:14:53,     1,  2099,   408, 1025.5, 300, 0.0, 0.0, 0.0,  0, 0.0000,   479, 0.0,29.2, 0.0
M3,29/06/22,13:14:54,     1,  2100,   409, 1025.5, 300, 0.0, 0.0, 0.0,  0, 0.0000,   479, 0.0,29.2, 0.0
M3,29/06/22,13:14:55,     1,  2101,   409, 1025.5, 300, 0.0, 0.0, 0.0,  0, 0.0000,   479, 0.0,29.2, 0.0
M3,29/06/22,13:14:56,     1,  2102,   409, 1025.5, 300, 0.0, 0.0, 0.0,  0, 0.0000,   478, 0.0,29.2, 0.0
M3,29/06/22,13:14:57,     1,  2103,   409, 1025.5, 300, 0.0, 0.0, 0.0,  0, 0.0000,   478, 0.0,29.2, 0.0
M3,29/06/22,13:14:58,     1,  2104,   409, 1025.5, 300, 0.0, 0.0, 0.0,  0, 0.0000,   477, 0.0,29.1, 0.0
M3,29/06/22,13:14:59,     1,  2105,   409, 1025.5, 300, 0.0, 0.0, 0.0,  0, 0.0000,   515, 0.0,29.2, 0.0
M3,29/06/22,13:15:00,     1,  2106,   409, 1025.5, 300, 0.0, 0.0, 0.0,  0, 0.0000,   573, 0.0,29.2, 0.0
M3,29/06/22,13:15:01,     1,  2107,   409, 1025.5, 300, 0.0, 0.0, 0.0,  0, 0.0000,   599, 0.0,29.2, 0.0
M3,29/06/22,13:15:02,     1,  2108,   408, 1025.5, 300, 0.0, 0.0, 0.0,  0, 0.0000,   610, 0.0,29.2, 0.0
M3,29/06/22,13:15:03,     1,  2109,   408, 1025.5, 300, 0.0, 0.0, 0.0,  0, 0.0000,   611, 0.0,29.2, 0.0
M3,29/06/22,13:15:04,     1,  2110,   408, 1025.5, 300, 0.0, 0.0, 0.0,  0, 0.0000,   611, 0.0,29.2, 0.0
M3,29/06/22,13:15:05,     1,  2111,   408, 1025.4, 300, 0.0, 0.0, 0.0,  0, 0.0000,   613, 0.0,29.2, 0.0
M3,29/06/22,13:15:06,     1,  2112,   408, 1025.4, 300, 0.0, 0.0, 0.0,  0, 0.0000,   612, 0.0,29.2, 0.0
M3,29/06/22,13:15:07,     1,  2113,   408, 1025.4, 300, 0.0, 0.0, 0.0,  0, 0.0000,   612, 0.0,29.2, 0.0
M3,29/06/22,13:15:08,     1,  2114,   407, 1025.5, 300, 0.0, 0.0, 0.0,  0, 0.0000,   613, 0.0,29.2, 0.0
M3,29/06/22,13:15:09,     1,  2115,   407, 1025.5, 300, 0.0, 0.0, 0.0,  0, 0.0000,   614, 0.0,29.2, 0.0
M3,29/06/22,13:15:10,     1,  2116,   407, 1025.5, 300, 0.0, 0.0, 0.0,  0, 0.0000,   614, 0.0,29.2, 0.0
M3,29/06/22,13:15:11,     1,  2117,   407, 1025.5, 300, 0.0, 0.0, 0.0,  0, 0.0000,   614, 0.0,29.2, 0.0
M3,29/06/22,13:15:12,     1,  2118,   408, 1025.5, 300, 0.0, 0.0, 0.0,  0, 0.0000,   614, 0.0,29.2, 0.0
M3,29/06/22,13:15:13,     1,  2119,   408, 1025.5, 300, 0.0, 0.0, 0.0,  0, 0.0000,   614, 0.0,29.2, 0.0
M3,29/06/22,13:15:14,     1,  2120,   408, 1025.5, 300, 0.0, 0.0, 0.0,  0, 0.0000,   616, 0.0,29.2, 0.0
M3,29/06/22,13:15:15,     1,  2121,   408, 1025.5, 300, 0.0, 0.0, 0.0,  0, 0.0000,   616, 0.0,29.2, 0.0
M3,29/06/22,13:15:16,     1,  2122,   407, 1025.5, 300, 0.0, 0.0, 0.0,  0, 0.0000,   616, 0.0,29.2, 0.0
M3,29/06/22,13:15:17,     1,  2123,   407, 1025.5, 300, 0.0, 0.0, 0.0,  0, 0.0000,   616, 0.0,29.2, 0.0
M3,29/06/22,13:15:18,     1,  2124,   407, 1025.5, 300, 0.0, 0.0, 0.0,  0, 0.0000,   617, 0.0,29.2, 0.0
M3,29/06/22,13:15:19,     1,  2125,   408, 1025.5, 300, 0.0, 0.0, 0.0,  0, 0.0000,   617, 0.0,29.2, 0.0
M3,29/06/22,13:15:20,     1,  2126,   408, 1025.5, 300, 0.0, 0.0, 0.0,  0, 0.0000,   618, 0.0,29.2, 0.0
M3,29/06/22,13:15:21,     1,  2127,   408, 1025.5, 300, 0.0, 0.0, 0.0,  0, 0.0000,   618, 0.0,29.2, 0.0
M3,29/06/22,13:15:22,     1,  2128,   408, 1025.5, 300, 0.0, 0.0, 0.0,  0, 0.0000,   619, 0.0,29.2, 0.0
M3,29/06/22,13:15:23,     1,  2129,   408, 1025.5, 300, 0.0, 0.0, 0.0,  0, 0.0000,   619, 0.0,29.2, 0.0
M3,29/06/22,13:15:24,     1,  2130,   408, 1025.5, 300, 0.0, 0.0, 0.0,  0, 0.0000,   619, 0.0,29.2, 0.0
M3,29/06/22,13:15:25,     1,  2131,   408, 1025.5, 300, 0.0, 0.0, 0.0,  0, 0.0000,   620, 0.0,29.2, 0.0
M3,29/06/22,13:15:26,     1,  2132,   407, 1025.5, 300, 0.0, 0.0, 0.0,  0, 0.0000,   620, 0.0,29.2, 0.0
M3,29/06/22,13:15:27,     1,  2133,   407, 1025.5, 300, 0.0, 0.0, 0.0,  0, 0.0000,   620, 0.0,29.2, 0.0
M3,29/06/22,13:15:28,     1,  2134,   407, 1025.4, 300, 0.0, 0.0, 0.0,  0, 0.0000,   620, 0.0,29.2, 0.0
M3,29/06/22,13:15:29,     1,  2135,   406, 1025.4, 300, 0.0, 0.0, 0.0,  0, 0.0000,   619, 0.0,29.2, 0.0
M3,29/06/22,13:15:30,     1,  2136,   406, 1025.4, 300, 0.0, 0.0, 0.0,  0, 0.0000,   620, 0.0,29.2, 0.0
M3,29/06/22,13:15:31,     1,  2137,   406, 1025.4, 300, 0.0, 0.0, 0.0,  0, 0.0000,   620, 0.0,29.2, 0.0
M3,29/06/22,13:15:32,     1,  2138,   406, 1025.5, 300, 0.0, 0.0, 0.0,  0, 0.0000,   621, 0.0,29.2, 0.0
M3,29/06/22,13:15:33,     1,  2139,   406, 1025.5, 300, 0.0, 0.0, 0.0,  0, 0.0000,   621, 0.0,29.2, 0.0
M3,29/06/22,13:15:34,     1,  2140,   406, 1025.5, 300, 0.0, 0.0, 0.0,  0, 0.0000,   620, 0.0,29.2, 0.0
M3,29/06/22,13:15:35,     1,  2141,   406, 1025.5, 300, 0.0, 0.0, 0.0,  0, 0.0000,   618, 0.0,29.2, 0.0
M3,29/06/22,13:15:36,     1,  2142,   406, 1025.5, 300, 0.0, 0.0, 0.0,  0, 0.0000,   623, 0.0,29.2, 0.0
M3,29/06/22,13:15:37,     1,  2143,   406, 1025.5, 300, 0.0, 0.0, 0.0,  0, 0.0000,   625, 0.0,29.2, 0.0
M3,29/06/22,13:15:38,     1,  2144,   406, 1025.5, 300, 0.0, 0.0, 0.0,  0, 0.0000,   625, 0.0,29.2, 0.0
M3,29/06/22,13:15:39,     1,  2145,   406, 1025.5, 300, 0.0, 0.0, 0.0,  0, 0.0000,   625, 0.0,29.2, 0.0
M3,29/06/22,13:15:40,     1,  2146,   406, 1025.5, 300, 0.0, 0.0, 0.0,  0, 0.0000,   625, 0.0,29.2, 0.0
M3,29/06/22,13:15:41,     1,  2147,   406, 1025.5, 300, 0.0, 0.0, 0.0,  0, 0.0000,   625, 0.0,29.2, 0.0
M3,29/06/22,13:15:42,     1,  2148,   406, 1025.5, 300, 0.0, 0.0, 0.0,  0, 0.0000,   624, 0.0,29.2, 0.0
M3,29/06/22,13:15:43,     1,  2149,   406, 1025.5, 300, 0.0, 0.0, 0.0,  0, 0.0000,   624, 0.0,29.2, 0.0
M3,29/06/22,13:15:44,     1,  2150,   406, 1025.5, 300, 0.0, 0.0, 0.0,  0, 0.0000,   625, 0.0,29.2, 0.0
M3,29/06/22,13:15:45,     1,  2151,   406, 1025.5, 300, 0.0, 0.0, 0.0,  0, 0.0000,   625, 0.0,29.2, 0.0
M3,29/06/22,13:15:46,     1,  2152,   406, 1025.5, 300, 0.0, 0.0, 0.0,  0, 0.0000,   625, 0.0,29.2, 0.0
M3,29/06/22,13:15:47,     1,  2153,   406, 1025.5, 300, 0.0, 0.0, 0.0,  0, 0.0000,   625, 0.0,29.2, 0.0
M3,29/06/22,13:15:48,     1,  2154,   406, 1025.5, 300, 0.0, 0.0, 0.0,  0, 0.0000,   625, 0.0,29.2, 0.0
M3,29/06/22,13:15:49,     1,  2155,   407, 1025.5, 300, 0.0, 0.0, 0.0,  0, 0.0000,   625, 0.0,29.2, 0.0
M3,29/06/22,13:15:50,     1,  2156,   407, 1025.5, 300, 0.0, 0.0, 0.0,  0, 0.0000,   625, 0.0,29.2, 0.0
M3,29/06/22,13:15:51,     1,  2157,   407, 1025.5, 300, 0.0, 0.0, 0.0,  0, 0.0000,   625, 0.0,29.2, 0.0
M3,29/06/22,13:15:52,     1,  2158,   407, 1025.5, 300, 0.0, 0.0, 0.0,  0, 0.0000,   625, 0.0,29.2, 0.0
M3,29/06/22,13:15:54,     1,  2159,   407, 1025.5, 300, 0.0, 0.0, 0.0,  0, 0.0000,   625, 0.0,29.2, 0.0
M3,29/06/22,13:15:55,     1,  2160,   407, 1025.5, 300, 0.0, 0.0, 0.0,  0, 0.0000,   625, 0.0,29.2, 0.0
M3,29/06/22,13:15:56,     1,  2161,   407, 1025.5, 300, 0.0, 0.0, 0.0,  0, 0.0000,   625, 0.0,29.2, 0.0
M3,29/06/22,13:15:57,     1,  2162,   407, 1025.5, 300, 0.0, 0.0, 0.0,  0, 0.0000,   625, 0.0,29.2, 0.0
M3,29/06/22,13:15:58,     1,  2163,   407, 1025.5, 300, 0.0, 0.0, 0.0,  0, 0.0000,   625, 0.0,29.2, 0.0
M3,29/06/22,13:15:59,     1,  2164,   407, 1025.5, 300, 0.0, 0.0, 0.0,  0, 0.0000,   625, 0.0,29.2, 0.0
M3,29/06/22,13:16:00,     1,  2165,   407, 1025.5, 300, 0.0, 0.0, 0.0,  0, 0.0000,   625, 0.0,29.2, 0.0
M3,29/06/22,13:16:01,     1,  2166,   407, 1025.5, 300, 0.0, 0.0, 0.0,  0, 0.0000,   624, 0.0,29.2, 0.0
M3,29/06/22,13:16:02,     1,  2167,   407, 1025.5, 300, 0.0, 0.0, 0.0,  0, 0.0000,   625, 0.0,29.2, 0.0
M3,29/06/22,13:16:03,     1,  2168,   407, 1025.5, 300, 0.0, 0.0, 0.0,  0, 0.0000,   625, 0.0,29.2, 0.0
M3,29/06/22,13:16:04,     1,  2169,   407, 1025.4, 300, 0.0, 0.0, 0.0,  0, 0.0000,   625, 0.0,29.2, 0.0
M3,29/06/22,13:16:05,     1,  2170,   407, 1025.4, 300, 0.0, 0.0, 0.0,  0, 0.0000,   625, 0.0,29.2, 0.0
M3,29/06/22,13:16:06,     1,  2171,   407, 1025.4, 300, 0.0, 0.0, 0.0,  0, 0.0000,   624, 0.0,29.2, 0.0
M3,29/06/22,13:16:07,     1,  2172,   407, 1025.4, 300, 0.0, 0.0, 0.0,  0, 0.0000,   624, 0.0,29.2, 0.0
M3,29/06/22,13:16:08,     1,  2173,   407, 1025.4, 300, 0.0, 0.0, 0.0,  0, 0.0000,   624, 0.0,29.2, 0.0
M3,29/06/22,13:16:09,     1,  2174,   407, 1025.4, 300, 0.0, 0.0, 0.0,  0, 0.0000,   624, 0.0,29.2, 0.0
M3,29/06/22,13:16:10,     1,  2175,   407, 1025.4, 300, 0.0, 0.0, 0.0,  0, 0.0000,   624, 0.0,29.2, 0.0
M3,29/06/22,13:16:11,     1,  2176,   407, 1025.4, 300, 0.0, 0.0, 0.0,  0, 0.0000,   624, 0.0,29.2, 0.0
M3,29/06/22,13:16:12,     1,  2177,   407, 1025.4, 300, 0.0, 0.0, 0.0,  0, 0.0000,   624, 0.0,29.2, 0.0
M3,29/06/22,13:16:13,     1,  2178,   407, 1025.4, 300, 0.0, 0.0, 0.0,  0, 0.0000,   624, 0.0,29.2, 0.0
M3,29/06/22,13:16:14,     1,  2179,   407, 1025.4, 300, 0.0, 0.0, 0.0,  0, 0.0000,   623, 0.0,29.2, 0.0
M3,29/06/22,13:16:15,     1,  2180,   407, 1025.4, 300, 0.0, 0.0, 0.0,  0, 0.0000,   623, 0.0,29.2, 0.0
M3,29/06/22,13:16:16,     1,  2181,   407, 1025.4, 300, 0.0, 0.0, 0.0,  0, 0.0000,   623, 0.0,29.2, 0.0
M3,29/06/22,13:16:17,     1,  2182,   407, 1025.5, 300, 0.0, 0.0, 0.0,  0, 0.0000,   623, 0.0,29.2, 0.0
M3,29/06/22,13:16:18,     1,  2183,   407, 1025.5, 300, 0.0, 0.0, 0.0,  0, 0.0000,   622, 0.0,29.2, 0.0
M3,29/06/22,13:16:19,     1,  2184,   407, 1025.5, 300, 0.0, 0.0, 0.0,  0, 0.0000,   621, 0.0,29.2, 0.0
M3,29/06/22,13:16:20,     1,  2185,   406, 1025.5, 300, 0.0, 0.0, 0.0,  0, 0.0000,   621, 0.0,29.2, 0.0
M3,29/06/22,13:16:21,     1,  2186,   406, 1025.4, 300, 0.0, 0.0, 0.0,  0, 0.0000,   621, 0.0,29.2, 0.0
M3,29/06/22,13:16:22,     1,  2187,   406, 1025.4, 300, 0.0, 0.0, 0.0,  0, 0.0000,   620, 0.0,29.2, 0.0
M3,29/06/22,13:16:23,     1,  2188,   406, 1025.4, 300, 0.0, 0.0, 0.0,  0, 0.0000,   620, 0.0,29.2, 0.0
M3,29/06/22,13:16:24,     1,  2189,   407, 1025.4, 300, 0.0, 0.0, 0.0,  0, 0.0000,   620, 0.0,29.2, 0.0
M3,29/06/22,13:16:25,     1,  2190,   407, 1025.4, 300, 0.0, 0.0, 0.0,  0, 0.0000,   620, 0.0,29.2, 0.0
M3,29/06/22,13:16:26,     1,  2191,   406, 1025.4, 300, 0.0, 0.0, 0.0,  0, 0.0000,   620, 0.0,29.2, 0.0
M3,29/06/22,13:16:27,     1,  2192,   406, 1025.4, 300, 0.0, 0.0, 0.0,  0, 0.0000,   620, 0.0,29.2, 0.0
M3,29/06/22,13:16:28,     1,  2193,   405, 1025.4, 300, 0.0, 0.0, 0.0,  0, 0.0000,   620, 0.0,29.2, 0.0
M3,29/06/22,13:16:29,     1,  2194,   405, 1025.5, 300, 0.0, 0.0, 0.0,  0, 0.0000,   619, 0.0,29.2, 0.0
M3,29/06/22,13:16:30,     1,  2195,   405, 1025.5, 300, 0.0, 0.0, 0.0,  0, 0.0000,   619, 0.0,29.2, 0.0
M3,29/06/22,13:16:31,     1,  2196,   405, 1025.5, 300, 0.0, 0.0, 0.0,  0, 0.0000,   618, 0.0,29.2, 0.0
M3,29/06/22,13:16:32,     1,  2197,   405, 1025.5, 300, 0.0, 0.0, 0.0,  0, 0.0000,   618, 0.0,29.2, 0.0
M3,29/06/22,13:16:33,     1,  2198,   405, 1025.5, 300, 0.0, 0.0, 0.0,  0, 0.0000,   616, 0.0,29.2, 0.0
M3,29/06/22,13:16:34,     1,  2199,   405, 1025.5, 300, 0.0, 0.0, 0.0,  0, 0.0000,   617, 0.0,29.2, 0.0
M3,29/06/22,13:16:35,     1,  2200,   405, 1025.5, 300, 0.0, 0.0, 0.0,  0, 0.0000,   618, 0.0,29.2, 0.0
M3,29/06/22,13:16:36,     1,  2201,   405, 1025.5, 300, 0.0, 0.0, 0.0,  0, 0.0000,   617, 0.0,29.2, 0.0
M3,29/06/22,13:16:37,     1,  2202,   405, 1025.5, 300, 0.0, 0.0, 0.0,  0, 0.0000,   617, 0.0,29.2, 0.0
M3,29/06/22,13:16:38,     1,  2203,   405, 1025.5, 300, 0.0, 0.0, 0.0,  0, 0.0000,   617, 0.0,29.2, 0.0
M3,29/06/22,13:16:39,     1,  2204,   405, 1025.5, 300, 0.0, 0.0, 0.0,  0, 0.0000,   617, 0.0,29.2, 0.0
M3,29/06/22,13:16:40,     1,  2205,   405, 1025.5, 300, 0.0, 0.0, 0.0,  0, 0.0000,   617, 0.0,29.2, 0.0
M3,29/06/22,13:16:41,     1,  2206,   405, 1025.5, 300, 0.0, 0.0, 0.0,  0, 0.0000,   616, 0.0,29.2, 0.0
M3,29/06/22,13:16:42,     1,  2207,   405, 1025.5, 300, 0.0, 0.0, 0.0,  0, 0.0000,   615, 0.0,29.2, 0.0
M3,29/06/22,13:16:43,     1,  2208,   405, 1025.4, 300, 0.0, 0.0, 0.0,  0, 0.0000,   615, 0.0,29.2, 0.0
M3,29/06/22,13:16:44,     1,  2209,   405, 1025.4, 300, 0.0, 0.0, 0.0,  0, 0.0000,   614, 0.0,29.2, 0.0
M3,29/06/22,13:16:45,     1,  2210,   405, 1025.4, 300, 0.0, 0.0, 0.0,  0, 0.0000,   614, 0.0,29.2, 0.0
M3,29/06/22,13:16:46,     1,  2211,   405, 1025.4, 300, 0.0, 0.0, 0.0,  0, 0.0000,   614, 0.0,29.2, 0.0
M3,29/06/22,13:16:47,     1,  2212,   404, 1025.4, 300, 0.0, 0.0, 0.0,  0, 0.0000,   613, 0.0,29.2, 0.0
M3,29/06/22,13:16:48,     1,  2213,   404, 1025.4, 300, 0.0, 0.0, 0.0,  0, 0.0000,   612, 0.0,29.2, 0.0
M3,29/06/22,13:16:49,     1,  2214,   404, 1025.4, 300, 0.0, 0.0, 0.0,  0, 0.0000,   612, 0.0,29.2, 0.0
M3,29/06/22,13:16:50,     1,  2215,   405, 1025.4, 300, 0.0, 0.0, 0.0,  0, 0.0000,   610, 0.0,29.2, 0.0
M3,29/06/22,13:16:51,     1,  2216,   405, 1025.4, 300, 0.0, 0.0, 0.0,  0, 0.0000,   609, 0.0,29.2, 0.0
M3,29/06/22,13:16:52,     1,  2217,   405, 1025.4, 300, 0.0, 0.0, 0.0,  0, 0.0000,   607, 0.0,29.2, 0.0
M3,29/06/22,13:16:53,     1,  2218,   405, 1025.4, 300, 0.0, 0.0, 0.0,  0, 0.0000,   608, 0.0,29.2, 0.0
M3,29/06/22,13:16:54,     1,  2219,   405, 1025.4, 300, 0.0, 0.0, 0.0,  0, 0.0000,   608, 0.0,29.2, 0.0
M3,29/06/22,13:16:55,     1,  2220,   405, 1025.4, 300, 0.0, 0.0, 0.0,  0, 0.0000,   608, 0.0,29.2, 0.0
M3,29/06/22,13:16:56,     1,  2221,   405, 1025.4, 300, 0.0, 0.0, 0.0,  0, 0.0000,   608, 0.0,29.2, 0.0
M3,29/06/22,13:16:57,     1,  2222,   405, 1025.4, 300, 0.0, 0.0, 0.0,  0, 0.0000,   607, 0.0,29.2, 0.0
M3,29/06/22,13:16:58,     1,  2223,   405, 1025.4, 300, 0.0, 0.0, 0.0,  0, 0.0000,   606, 0.0,29.2, 0.0
M3,29/06/22,13:16:59,     1,  2224,   404, 1025.4, 300, 0.0, 0.0, 0.0,  0, 0.0000,   605, 0.0,29.2, 0.0
M3,29/06/22,13:17:00,     1,  2225,   404, 1025.4, 300, 0.0, 0.0, 0.0,  0, 0.0000,   605, 0.0,29.2, 0.0
M3,29/06/22,13:17:01,     1,  2226,   404, 1025.4, 300, 0.0, 0.0, 0.0,  0, 0.0000,   605, 0.0,29.2, 0.0
M3,29/06/22,13:17:02,     1,  2227,   404, 1025.4, 300, 0.0, 0.0, 0.0,  0, 0.0000,   603, 0.0,29.2, 0.0
M3,29/06/22,13:17:03,     1,  2228,   404, 1025.4, 300, 0.0, 0.0, 0.0,  0, 0.0000,   603, 0.0,29.2, 0.0
M3,29/06/22,13:17:04,     1,  2229,   404, 1025.4, 300, 0.0, 0.0, 0.0,  0, 0.0000,   603, 0.0,29.2, 0.0
M3,29/06/22,13:17:05,     1,  2230,   404, 1025.4, 300, 0.0, 0.0, 0.0,  0, 0.0000,   603, 0.0,29.2, 0.0
M3,29/06/22,13:17:06,     1,  2231,   404, 1025.4, 300, 0.0, 0.0, 0.0,  0, 0.0000,   603, 0.0,29.2, 0.0
M3,29/06/22,13:17:07,     1,  2232,   404, 1025.4, 300, 0.0, 0.0, 0.0,  0, 0.0000,   602, 0.0,29.2, 0.0
M3,29/06/22,13:17:08,     1,  2233,   404, 1025.4, 300, 0.0, 0.0, 0.0,  0, 0.0000,   602, 0.0,29.2, 0.0
M3,29/06/22,13:17:09,     1,  2234,   404, 1025.4, 300, 0.0, 0.0, 0.0,  0, 0.0000,   601, 0.0,29.2, 0.0
M3,29/06/22,13:17:10,     1,  2235,   404, 1025.4, 300, 0.0, 0.0, 0.0,  0, 0.0000,   599, 0.0,29.2, 0.0
M3,29/06/22,13:17:11,     1,  2236,   404, 1025.4, 300, 0.0, 0.0, 0.0,  0, 0.0000,   598, 0.0,29.2, 0.0
M3,29/06/22,13:17:12,     1,  2237,   404, 1025.4, 300, 0.0, 0.0, 0.0,  0, 0.0000,   598, 0.0,29.2, 0.0
M3,29/06/22,13:17:13,     1,  2238,   404, 1025.4, 300, 0.0, 0.0, 0.0,  0, 0.0000,   598, 0.0,29.2, 0.0
M3,29/06/22,13:17:14,     1,  2239,   404, 1025.4, 300, 0.0, 0.0, 0.0,  0, 0.0000,   597, 0.0,29.2, 0.0
M3,29/06/22,13:17:15,     1,  2240,   404, 1025.4, 300, 0.0, 0.0, 0.0,  0, 0.0000,   597, 0.0,29.2, 0.0
M3,29/06/22,13:17:16,     1,  2241,   404, 1025.4, 300, 0.0, 0.0, 0.0,  0, 0.0000,   596, 0.0,29.2, 0.0
M3,29/06/22,13:17:17,     1,  2242,   404, 1025.4, 300, 0.0, 0.0, 0.0,  0, 0.0000,   595, 0.0,29.2, 0.0
M3,29/06/22,13:17:18,     1,  2243,   404, 1025.4, 300, 0.0, 0.0, 0.0,  0, 0.0000,   594, 0.0,29.2, 0.0
M3,29/06/22,13:17:19,     1,  2244,   404, 1025.4, 300, 0.0, 0.0, 0.0,  0, 0.0000,   590, 0.0,29.2, 0.0
M3,29/06/22,13:17:20,     1,  2245,   404, 1025.4, 300, 0.0, 0.0, 0.0,  0, 0.0000,   593, 0.0,29.2, 0.0
M3,29/06/22,13:17:21,     1,  2246,   404, 1025.4, 300, 0.0, 0.0, 0.0,  0, 0.0000,   593, 0.0,29.2, 0.0
M3,29/06/22,13:17:22,     1,  2247,   404, 1025.4, 300, 0.0, 0.0, 0.0,  0, 0.0000,   592, 0.0,29.2, 0.0
M3,29/06/22,13:17:23,     1,  2248,   404, 1025.4, 300, 0.0, 0.0, 0.0,  0, 0.0000,   592, 0.0,29.2, 0.0
M3,29/06/22,13:17:24,     1,  2249,   404, 1025.4, 300, 0.0, 0.0, 0.0,  0, 0.0000,   591, 0.0,29.2, 0.0
M3,29/06/22,13:17:25,     1,  2250,   404, 1025.4, 300, 0.0, 0.0, 0.0,  0, 0.0000,   590, 0.0,29.2, 0.0
M3,29/06/22,13:17:26,     1,  2251,   404, 1025.4, 300, 0.0, 0.0, 0.0,  0, 0.0000,   590, 0.0,29.2, 0.0
M3,29/06/22,13:17:27,     1,  2252,   404, 1025.4, 300, 0.0, 0.0, 0.0,  0, 0.0000,   589, 0.0,29.2, 0.0
M3,29/06/22,13:17:28,     1,  2253,   404, 1025.4, 300, 0.0, 0.0, 0.0,  0, 0.0000,   588, 0.0,29.2, 0.0
M3,29/06/22,13:17:29,     1,  2254,   404, 1025.4, 300, 0.0, 0.0, 0.0,  0, 0.0000,   588, 0.0,29.2, 0.0
M3,29/06/22,13:17:30,     1,  2255,   404, 1025.4, 300, 0.0, 0.0, 0.0,  0, 0.0000,   587, 0.0,29.2, 0.0
M3,29/06/22,13:17:31,     1,  2256,   404, 1025.4, 300, 0.0, 0.0, 0.0,  0, 0.0000,   586, 0.0,29.2, 0.0
M3,29/06/22,13:17:32,     1,  2257,   404, 1025.4, 300, 0.0, 0.0, 0.0,  0, 0.0000,   585, 0.0,29.2, 0.0
M3,29/06/22,13:17:33,     1,  2258,   404, 1025.4, 300, 0.0, 0.0, 0.0,  0, 0.0000,   585, 0.0,29.2, 0.0
M3,29/06/22,13:17:34,     1,  2259,   404, 1025.4, 300, 0.0, 0.0, 0.0,  0, 0.0000,   585, 0.0,29.2, 0.0
M3,29/06/22,13:17:35,     1,  2260,   404, 1025.4, 300, 0.0, 0.0, 0.0,  0, 0.0000,   584, 0.0,29.2, 0.0
M3,29/06/22,13:17:36,     1,  2261,   404, 1025.4, 300, 0.0, 0.0, 0.0,  0, 0.0000,   583, 0.0,29.2, 0.0
M3,29/06/22,13:17:37,     1,  2262,   404, 1025.4, 300, 0.0, 0.0, 0.0,  0, 0.0000,   583, 0.0,29.2, 0.0
M3,29/06/22,13:17:38,     1,  2263,   404, 1025.4, 300, 0.0, 0.0, 0.0,  0, 0.0000,   581, 0.0,29.2, 0.0
M3,29/06/22,13:17:39,     1,  2264,   404, 1025.4, 300, 0.0, 0.0, 0.0,  0, 0.0000,   582, 0.0,29.2, 0.0
M3,29/06/22,13:17:40,     1,  2265,   404, 1025.4, 300, 0.0, 0.0, 0.0,  0, 0.0000,   581, 0.0,29.2, 0.0
M3,29/06/22,13:17:41,     1,  2266,   404, 1025.4, 300, 0.0, 0.0, 0.0,  0, 0.0000,   581, 0.0,29.2, 0.0
M3,29/06/22,13:17:42,     1,  2267,   403, 1025.4, 300, 0.0, 0.0, 0.0,  0, 0.0000,   580, 0.0,29.2, 0.0
M3,29/06/22,13:17:43,     1,  2268,   403, 1025.4, 300, 0.0, 0.0, 0.0,  0, 0.0000,   579, 0.0,29.2, 0.0
M3,29/06/22,13:17:44,     1,  2269,   403, 1025.4, 300, 0.0, 0.0, 0.0,  0, 0.0000,   578, 0.0,29.2, 0.0
M3,29/06/22,13:17:45,     1,  2270,   403, 1025.5, 300, 0.0, 0.0, 0.0,  0, 0.0000,   578, 0.0,29.2, 0.0
M3,29/06/22,13:17:46,     1,  2271,   403, 1025.5, 300, 0.0, 0.0, 0.0,  0, 0.0000,   578, 0.0,29.2, 0.0
M3,29/06/22,13:17:47,     1,  2272,   403, 1025.5, 300, 0.0, 0.0, 0.0,  0, 0.0000,   577, 0.0,29.2, 0.0
M3,29/06/22,13:17:48,     1,  2273,   402, 1025.5, 300, 0.0, 0.0, 0.0,  0, 0.0000,   576, 0.0,29.2, 0.0
M3,29/06/22,13:17:49,     1,  2274,   402, 1025.5, 300, 0.0, 0.0, 0.0,  0, 0.0000,   576, 0.0,29.2, 0.0
M3,29/06/22,13:17:50,     1,  2275,   402, 1025.4, 300, 0.0, 0.0, 0.0,  0, 0.0000,   575, 0.0,29.2, 0.0
M3,29/06/22,13:17:51,     1,  2276,   403, 1025.4, 300, 0.0, 0.0, 0.0,  0, 0.0000,   574, 0.0,29.2, 0.0
M3,29/06/22,13:17:52,     1,  2277,   403, 1025.4, 300, 0.0, 0.0, 0.0,  0, 0.0000,   574, 0.0,29.2, 0.0
M3,29/06/22,13:17:53,     1,  2278,   403, 1025.4, 300, 0.0, 0.0, 0.0,  0, 0.0000,   573, 0.0,29.2, 0.0
M3,29/06/22,13:17:54,     1,  2279,   404, 1025.4, 300, 0.0, 0.0, 0.0,  0, 0.0000,   572, 0.0,29.2, 0.0
M3,29/06/22,13:17:55,     1,  2280,   404, 1025.4, 300, 0.0, 0.0, 0.0,  0, 0.0000,   571, 0.0,29.2, 0.0
M3,29/06/22,13:17:56,     1,  2281,   404, 1025.4, 300, 0.0, 0.0, 0.0,  0, 0.0000,   572, 0.0,29.2, 0.0
M3,29/06/22,13:17:57,     1,  2282,   403, 1025.4, 300, 0.0, 0.0, 0.0,  0, 0.0000,   571, 0.0,29.2, 0.0
M3,29/06/22,13:17:58,     1,  2283,   403, 1025.4, 300, 0.0, 0.0, 0.0,  0, 0.0000,   570, 0.0,29.2, 0.0
M3,29/06/22,13:17:59,     1,  2284,   403, 1025.4, 300, 0.0, 0.0, 0.0,  0, 0.0000,   569, 0.0,29.2, 0.0
M3,29/06/22,13:18:00,     1,  2285,   404, 1025.4, 300, 0.0, 0.0, 0.0,  0, 0.0000,   569, 0.0,29.2, 0.0
M3,29/06/22,13:18:01,     1,  2286,   404, 1025.4, 300, 0.0, 0.0, 0.0,  0, 0.0000,   569, 0.0,29.2, 0.0
M3,29/06/22,13:18:02,     1,  2287,   404, 1025.4, 300, 0.0, 0.0, 0.0,  0, 0.0000,   568, 0.0,29.2, 0.0
M3,29/06/22,13:18:03,     1,  2288,   403, 1025.4, 300, 0.0, 0.0, 0.0,  0, 0.0000,   517, 0.0,29.2, 0.0
M3,29/06/22,13:18:04,     1,  2289,   403, 1025.4, 300, 0.0, 0.0, 0.0,  0, 0.0000,  1443, 0.0,29.2, 0.0
M3,29/06/22,13:18:05,     1,  2290,   403, 1025.4, 300, 0.0, 0.0, 0.0,  0, 0.0000,  1676, 0.0,29.2, 0.0
M3,29/06/22,13:18:06,     1,  2291,   403, 1025.4, 300, 0.0, 0.0, 0.0,  0, 0.0000,  1677, 0.0,29.2, 0.0
M3,29/06/22,13:18:07,     1,  2292,   403, 1025.4, 300, 0.0, 0.0, 0.0,  0, 0.0000,  1678, 0.0,29.2, 0.0
M3,29/06/22,13:18:08,     1,  2293,   403, 1025.4, 300, 0.0, 0.0, 0.0,  0, 0.0000,  1671, 0.0,29.2, 0.0
M3,29/06/22,13:18:09,     1,  2294,   403, 1025.4, 300, 0.0, 0.0, 0.0,  0, 0.0000,  1370, 0.0,29.3, 0.0
M3,29/06/22,13:18:10,     1,  2295,   403, 1025.4, 300, 0.0, 0.0, 0.0,  0, 0.0000,  1216, 0.0,29.3, 0.0
M3,29/06/22,13:18:11,     1,  2296,   403, 1025.4, 300, 0.0, 0.0, 0.0,  0, 0.0000,  1430, 0.0,29.2, 0.0
M3,29/06/22,13:18:13,     1,  2297,   403, 1025.4, 300, 0.0, 0.0, 0.0,  0, 0.0000,  1626, 0.0,29.1, 0.0
M3,29/06/22,13:18:14,     1,  2298,   403, 1025.4, 300, 0.0, 0.0, 0.0,  0, 0.0000,  1655, 0.0,29.1, 0.0
M3,29/06/22,13:18:15,     1,  2299,   404, 1025.4, 300, 0.0, 0.0, 0.0,  0, 0.0000,  1664, 0.0,29.2, 0.0
M3,29/06/22,13:18:16,     1,  2300,   405, 1025.4, 300, 0.0, 0.0, 0.0,  0, 0.0000,  1664, 0.0,29.2, 0.0
M3,29/06/22,13:18:17,     1,  2301,   406, 1025.4, 300, 0.0, 0.0, 0.0,  0, 0.0000,  1659, 0.0,29.2, 0.0
M3,29/06/22,13:18:18,     1,  2302,   406, 1025.4, 300, 0.0, 0.0, 0.0,  0, 0.0000,  1674, 0.0,29.2, 0.0
M3,29/06/22,13:18:19,     1,  2303,   406, 1025.4, 300, 0.0, 0.0, 0.0,  0, 0.0000,  1630, 0.0,29.2, 0.0
M3,29/06/22,13:18:20,     1,  2304,   407, 1025.4, 300, 0.0, 0.0, 0.0,  0, 0.0000,  1392, 0.0,29.2, 0.0
M3,29/06/22,13:18:21,     1,  2305,   407, 1025.4, 300, 0.0, 0.0, 0.0,  0, 0.0000,  1433, 0.0,29.0, 0.0
M3,29/06/22,13:18:22,     1,  2306,   407, 1025.4, 300, 0.0, 0.0, 0.0,  0, 0.0000,  1435, 0.0,28.8, 0.0
M3,29/06/22,13:18:23,     1,  2307,   407, 1025.4, 300, 0.0, 0.0, 0.0,  0, 0.0000,  1440, 0.0,28.6, 0.0
M3,29/06/22,13:18:24,     1,  2308,   408, 1025.4, 300, 0.0, 0.0, 0.0,  0, 0.0000,  1431, 0.0,28.5, 0.0
M3,29/06/22,13:18:25,     1,  2309,   410, 1025.4, 300, 0.0, 0.0, 0.0,  0, 0.0000,  1424, 0.0,28.4, 0.0
M3,29/06/22,13:18:26,     1,  2310,   411, 1025.4, 300, 0.0, 0.0, 0.0,  0, 0.0000,  1437, 0.0,28.4, 0.0
M3,29/06/22,13:18:27,     1,  2311,   411, 1025.4, 300, 0.0, 0.0, 0.0,  0, 0.0000,  1444, 0.0,28.3, 0.0
M3,29/06/22,13:18:28,     1,  2312,   411, 1025.4, 300, 0.0, 0.0, 0.0,  0, 0.0000,  1467, 0.0,28.3, 0.0
M3,29/06/22,13:18:29,     1,  2313,   412, 1025.4, 300, 0.0, 0.0, 0.0,  0, 0.0000,  1444, 0.0,28.3, 0.0
M3,29/06/22,13:18:30,     1,  2314,   412, 1025.4, 300, 0.0, 0.0, 0.0,  0, 0.0000,  1402, 0.0,28.3, 0.0
M3,29/06/22,13:18:31,     1,  2315,   412, 1025.4, 300, 0.0, 0.0, 0.0,  0, 0.0000,  1411, 0.0,28.3, 0.0
M3,29/06/22,13:18:32,     1,  2316,   412, 1025.4, 300, 0.0, 0.0, 0.0,  0, 0.0000,  1407, 0.0,28.3, 0.0
M3,29/06/22,13:18:33,     1,  2317,   412, 1025.4, 300, 0.0, 0.0, 0.0,  0, 0.0000,  1407, 0.0,28.4, 0.0
M3,29/06/22,13:18:34,     1,  2318,   412, 1025.4, 300, 0.0, 0.0, 0.0,  0, 0.0000,  1409, 0.0,28.5, 0.0
M3,29/06/22,13:18:35,     1,  2319,   412, 1025.4, 300, 0.0, 0.0, 0.0,  0, 0.0000,  1400, 0.0,28.5, 0.0
M3,29/06/22,13:18:36,     1,  2320,   412, 1025.4, 300, 0.0, 0.0, 0.0,  0, 0.0000,  1401, 0.0,28.6, 0.0
M3,29/06/22,13:18:37,     1,  2321,   412, 1025.4, 300, 0.0, 0.0, 0.0,  0, 0.0000,  1423, 0.0,28.5, 0.0
M3,29/06/22,13:18:38,     1,  2322,   412, 1025.4, 300, 0.0, 0.0, 0.0,  0, 0.0000,  1431, 0.0,28.4, 0.0
M3,29/06/22,13:18:39,     1,  2323,   413, 1025.4, 300, 0.0, 0.0, 0.0,  0, 0.0000,  1438, 0.0,28.2, 0.0
M3,29/06/22,13:18:40,     1,  2324,   413, 1025.4, 300, 0.0, 0.0, 0.0,  0, 0.0000,  1445, 0.0,28.1, 0.0
M3,29/06/22,13:18:41,     1,  2325,   412, 1025.4, 300, 0.0, 0.0, 0.0,  0, 0.0000,  1451, 0.0,28.1, 0.0
M3,29/06/22,13:18:42,     1,  2326,   412, 1025.4, 300, 0.0, 0.0, 0.0,  0, 0.0000,  1434, 0.0,28.0, 0.0
M3,29/06/22,13:18:43,     1,  2327,   412, 1025.4, 300, 0.0, 0.0, 0.0,  0, 0.0000,  1435, 0.0,27.8, 0.0
M3,29/06/22,13:18:44,     1,  2328,   412, 1025.4, 300, 0.0, 0.0, 0.0,  0, 0.0000,  1435, 0.0,27.8, 0.0
M3,29/06/22,13:18:45,     1,  2329,   412, 1025.4, 300, 0.0, 0.0, 0.0,  0, 0.0000,  1435, 0.0,27.8, 0.0
M3,29/06/22,13:18:46,     1,  2330,   412, 1025.4, 300, 0.0, 0.0, 0.0,  0, 0.0000,  1433, 0.0,27.8, 0.0
M3,29/06/22,13:18:47,     1,  2331,   413, 1025.4, 300, 0.0, 0.0, 0.0,  0, 0.0000,  1438, 0.0,27.9, 0.0
M3,29/06/22,13:18:48,     1,  2332,   413, 1025.4, 300, 0.0, 0.0, 0.0,  0, 0.0000,  1533, 0.0,28.0, 0.0
M3,29/06/22,13:18:49,     1,  2333,   413, 1025.4, 300, 0.0, 0.0, 0.0,  0, 0.0000,  1753, 0.0,28.1, 0.0
M3,29/06/22,13:18:50,     1,  2334,   413, 1025.4, 300, 0.0, 0.0, 0.0,  0, 0.0000,  1793, 0.0,28.2, 0.0
M3,29/06/22,13:18:51,     1,  2335,   413, 1025.4, 300, 0.0, 0.0, 0.0,  0, 0.0000,  1799, 0.0,28.3, 0.0
M3,29/06/22,13:18:52,     1,  2336,   413, 1025.4, 300, 0.0, 0.0, 0.0,  0, 0.0000,  1799, 0.0,28.4, 0.0
M3,29/06/22,13:18:53,     1,  2337,   413, 1025.4, 300, 0.0, 0.0, 0.0,  0, 0.0000,  1781, 0.0,28.5, 0.0
M3,29/06/22,13:18:54,     1,  2338,   413, 1025.4, 300, 0.0, 0.0, 0.0,  0, 0.0000,  1446, 0.0,28.5, 0.0
M3,29/06/22,13:18:55,     1,  2339,   413, 1025.4, 300, 0.0, 0.0, 0.0,  0, 0.0000,  1763, 0.0,28.6, 0.0
M3,29/06/22,13:18:56,     1,  2340,   413, 1025.4, 300, 0.0, 0.0, 0.0,  0, 0.0000,  1718, 0.0,28.7, 0.0
M3,29/06/22,13:18:57,     1,  2341,   413, 1025.4, 300, 0.0, 0.0, 0.0,  0, 0.0000,   234, 0.0,28.7, 0.0
M3,29/06/22,13:18:58,     1,  2342,   413, 1025.4, 300, 0.0, 0.0, 0.0,  0, 0.0000,    36, 0.0,28.8, 0.0
M3,29/06/22,13:18:59,     1,  2343,   413, 1025.4, 300, 0.0, 0.0, 0.0,  0, 0.0000,    35, 0.0,28.8, 0.0
M3,29/06/22,13:19:00,     1,  2344,   413, 1025.4, 300, 0.0, 0.0, 0.0,  0, 0.0000,    34, 0.0,28.8, 0.0
M3,29/06/22,13:19:01,     1,  2345,   413, 1025.4, 300, 0.0, 0.0, 0.0,  0, 0.0000,    10, 0.0,28.9, 0.0
M3,29/06/22,13:19:02,     1,  2346,   413, 1025.4, 300, 0.0, 0.0, 0.0,  0, 0.0000,    37, 0.0,28.9, 0.0
M3,29/06/22,13:19:03,     1,  2347,   413, 1025.4, 300, 0.0, 0.0, 0.0,  0, 0.0000,    20, 0.0,28.9, 0.0
M3,29/06/22,13:19:04,     1,  2348,   413, 1025.4, 300, 0.0, 0.0, 0.0,  0, 0.0000,     9, 0.0,28.9, 0.0
M3,29/06/22,13:19:05,     1,  2349,   413, 1025.4, 300, 0.0, 0.0, 0.0,  0, 0.0000,     8, 0.0,28.9, 0.0
M3,29/06/22,13:19:06,     1,  2350,   413, 1025.4, 300, 0.0, 0.0, 0.0,  0, 0.0000,     5, 0.0,29.0, 0.0
M3,29/06/22,13:19:07,     1,  2351,   413, 1025.4, 300, 0.0, 0.0, 0.0,  0, 0.0000,     7, 0.0,29.0, 0.0
M3,29/06/22,13:19:08,     1,  2352,   413, 1025.4, 300, 0.0, 0.0, 0.0,  0, 0.0000,     9, 0.0,29.0, 0.0
M3,29/06/22,13:19:09,     1,  2353,   413, 1025.4, 300, 0.0, 0.0, 0.0,  0, 0.0000,    10, 0.0,29.0, 0.0
M3,29/06/22,13:19:10,     1,  2354,   413, 1025.4, 300, 0.0, 0.0, 0.0,  0, 0.0000,    27, 0.0,29.0, 0.0
M3,29/06/22,13:19:11,     1,  2355,   412, 1025.4, 300, 0.0, 0.0, 0.0,  0, 0.0000,    20, 0.0,29.0, 0.0
M3,29/06/22,13:19:12,     1,  2356,   412, 1025.4, 300, 0.0, 0.0, 0.0,  0, 0.0000,     7, 0.0,29.0, 0.0
M3,29/06/22,13:19:13,     1,  2357,   412, 1025.4, 300, 0.0, 0.0, 0.0,  0, 0.0000,     3, 0.0,29.0, 0.0
M3,29/06/22,13:19:14,     1,  2358,   412, 1025.4, 300, 0.0, 0.0, 0.0,  0, 0.0000,     3, 0.0,29.0, 0.0
M3,29/06/22,13:19:15,     1,  2359,   412, 1025.4, 300, 0.0, 0.0, 0.0,  0, 0.0000,     3, 0.0,29.0, 0.0
M3,29/06/22,13:19:16,     1,  2360,   412, 1025.4, 300, 0.0, 0.0, 0.0,  0, 0.0000,     3, 0.0,29.0, 0.0
M3,29/06/22,13:19:17,     1,  2361,   412, 1025.4, 300, 0.0, 0.0, 0.0,  0, 0.0000,     3, 0.0,29.0, 0.0
M3,29/06/22,13:19:18,     1,  2362,   412, 1025.4, 300, 0.0, 0.0, 0.0,  0, 0.0000,     3, 0.0,29.0, 0.0
