Tag(M3),Date,Time,Plot_No,Rec_No,CO2,Pressure,Flow,H2O,Tsen,O2,Error,Aux_V,PAR,Tsoil,Tair,Msoil
M3,30/06/22,11:14:45,     1, 12066,   404, 1028.9, 300, 0.0, 0.0, 0.0, 61, 0.0000,   593, 0.0,30.0, 0.0
M3,30/06/22,11:14:46,     1, 12067,   404, 1028.9, 300, 0.0, 0.0, 0.0,  0, 0.0000,   593, 0.0,30.0, 0.0
M3,30/06/22,11:14:47,     1, 12068,   403, 1028.9, 300, 0.0, 0.0, 0.0,  0, 0.0000,   592, 0.0,30.0, 0.0
M3,30/06/22,11:14:48,     1, 12069,   403, 1028.9, 300, 0.0, 0.0, 0.0,  0, 0.0000,   595, 0.0,30.0, 0.0
M3,30/06/22,11:14:49,     1, 12070,   403, 1028.9, 300, 0.0, 0.0, 0.0,  0, 0.0000,   596, 0.0,30.0, 0.0
M3,30/06/22,11:14:50,     1, 12071,   403, 1028.9, 300, 0.0, 0.0, 0.0,  0, 0.0000,   598, 0.0,30.0, 0.0
M3,30/06/22,11:14:51,     1, 12072,   403, 1028.9, 300, 0.0, 0.0, 0.0,  0, 0.0000,   598, 0.0,30.0, 0.0
M3,30/06/22,11:14:52,     1, 12073,   403, 1028.9, 300, 0.0, 0.0, 0.0,  0, 0.0000,   589, 0.0,30.0, 0.0
M3,30/06/22,11:14:53,     1, 12074,   402, 1028.9, 300, 0.0, 0.0, 0.0,  0, 0.0000,   586, 0.0,30.0, 0.0
M3,30/06/22,11:14:54,     1, 12075,   402, 1028.9, 300, 0.0, 0.0, 0.0,  0, 0.0000,   587, 0.0,30.0, 0.0
M3,30/06/22,11:14:55,     1, 12076,   402, 1028.9, 300, 0.0, 0.0, 0.0,  0, 0.0000,   587, 0.0,30.0, 0.0
M3,30/06/22,11:14:56,     1, 12077,   402, 1028.9, 300, 0.0, 0.0, 0.0,  0, 0.0000,   587, 0.0,30.0, 0.0
M3,30/06/22,11:14:57,     1, 12078,   401, 1028.9, 300, 0.0, 0.0, 0.0,  0, 0.0000,   588, 0.0,30.0, 0.0
M3,30/06/22,11:14:58,     1, 12079,   401, 1028.9, 300, 0.0, 0.0, 0.0,  0, 0.0000,   589, 0.0,30.0, 0.0
M3,30/06/22,11:14:59,     1, 12080,   401, 1028.9, 300, 0.0, 0.0, 0.0,  0, 0.0000,   588, 0.0,30.0, 0.0
M3,30/06/22,11:15:00,     1, 12081,   401, 1028.9, 300, 0.0, 0.0, 0.0,  0, 0.0000,   588, 0.0,30.0, 0.0
M3,30/06/22,11:15:01,     1, 12082,   400, 1028.9, 300, 0.0, 0.0, 0.0,  0, 0.0000,   588, 0.0,30.0, 0.0
M3,30/06/22,11:15:02,     1, 12083,   400, 1028.9, 300, 0.0, 0.0, 0.0,  0, 0.0000,   588, 0.0,30.0, 0.0
M3,30/06/22,11:15:03,     1, 12084,   400, 1028.9, 300, 0.0, 0.0, 0.0,  0, 0.0000,   588, 0.0,30.0, 0.0
M3,30/06/22,11:15:04,     1, 12085,   400, 1028.9, 300, 0.0, 0.0, 0.0,  0, 0.0000,   589, 0.0,30.0, 0.0
M3,30/06/22,11:15:05,     1, 12086,   400, 1028.9, 300, 0.0, 0.0, 0.0,  0, 0.0000,   589, 0.0,30.0, 0.0
M3,30/06/22,11:15:06,     1, 12087,   400, 1028.9, 300, 0.0, 0.0, 0.0,  0, 0.0000,   589, 0.0,30.0, 0.0
M3,30/06/22,11:15:07,     1, 12088,   400, 1028.9, 300, 0.0, 0.0, 0.0,  0, 0.0000,   589, 0.0,30.0, 0.0
M3,30/06/22,11:15:08,     1, 12089,   400, 1028.9, 300, 0.0, 0.0, 0.0,  0, 0.0000,   589, 0.0,30.0, 0.0
M3,30/06/22,11:15:09,     1, 12090,   400, 1028.9, 300, 0.0, 0.0, 0.0,  0, 0.0000,   589, 0.0,30.0, 0.0
M3,30/06/22,11:15:10,     1, 12091,   400, 1028.9, 300, 0.0, 0.0, 0.0,  0, 0.0000,   590, 0.0,30.0, 0.0
M3,30/06/22,11:15:11,     1, 12092,   400, 1028.9, 300, 0.0, 0.0, 0.0,  0, 0.0000,   589, 0.0,30.0, 0.0
M3,30/06/22,11:15:12,     1, 12093,   400, 1028.9, 300, 0.0, 0.0, 0.0,  0, 0.0000,   589, 0.0,30.0, 0.0
M3,30/06/22,11:15:13,     1, 12094,   400, 1028.9, 300, 0.0, 0.0, 0.0,  0, 0.0000,   589, 0.0,29.9, 0.0
M3,30/06/22,11:15:14,     1, 12095,   400, 1028.9, 300, 0.0, 0.0, 0.0,  0, 0.0000,   589, 0.0,29.9, 0.0
M3,30/06/22,11:15:15,     1, 12096,   399, 1028.9, 300, 0.0, 0.0, 0.0,  0, 0.0000,   589, 0.0,29.9, 0.0
M3,30/06/22,11:15:16,     1, 12097,   399, 1028.9, 300, 0.0, 0.0, 0.0,  0, 0.0000,   589, 0.0,29.9, 0.0
M3,30/06/22,11:15:17,     1, 12098,   399, 1028.9, 300, 0.0, 0.0, 0.0,  0, 0.0000,   588, 0.0,29.9, 0.0
M3,30/06/22,11:15:18,     1, 12099,   399, 1028.9, 300, 0.0, 0.0, 0.0,  0, 0.0000,   588, 0.0,29.9, 0.0
M3,30/06/22,11:15:19,     1, 12100,   399, 1028.9, 300, 0.0, 0.0, 0.0,  0, 0.0000,   589, 0.0,29.9, 0.0
M3,30/06/22,11:15:20,     1, 12101,   399, 1028.9, 300, 0.0, 0.0, 0.0,  0, 0.0000,   589, 0.0,29.9, 0.0
M3,30/06/22,11:15:21,     1, 12102,   399, 1028.9, 300, 0.0, 0.0, 0.0,  0, 0.0000,   589, 0.0,29.9, 0.0
M3,30/06/22,11:15:22,     1, 12103,   399, 1028.9, 300, 0.0, 0.0, 0.0,  0, 0.0000,   589, 0.0,29.9, 0.0
M3,30/06/22,11:15:23,     1, 12104,   399, 1028.9, 300, 0.0, 0.0, 0.0,  0, 0.0000,   589, 0.0,29.9, 0.0
M3,30/06/22,11:15:24,     1, 12105,   399, 1028.9, 300, 0.0, 0.0, 0.0,  0, 0.0000,   588, 0.0,29.9, 0.0
M3,30/06/22,11:15:25,     1, 12106,   399, 1028.9, 300, 0.0, 0.0, 0.0,  0, 0.0000,   589, 0.0,29.9, 0.0
M3,30/06/22,11:15:26,     1, 12107,   399, 1028.9, 300, 0.0, 0.0, 0.0,  0, 0.0000,   589, 0.0,29.9, 0.0
M3,30/06/22,11:15:27,     1, 12108,   399, 1028.9, 300, 0.0, 0.0, 0.0,  0, 0.0000,   589, 0.0,29.9, 0.0
M3,30/06/22,11:15:28,     1, 12109,   399, 1028.9, 300, 0.0, 0.0, 0.0,  0, 0.0000,   589, 0.0,29.9, 0.0
M3,30/06/22,11:15:29,     1, 12110,   399, 1028.9, 300, 0.0, 0.0, 0.0,  0, 0.0000,   588, 0.0,29.9, 0.0
M3,30/06/22,11:15:30,     1, 12111,   399, 1028.9, 300, 0.0, 0.0, 0.0,  0, 0.0000,   588, 0.0,29.9, 0.0
M3,30/06/22,11:15:31,     1, 12112,   399, 1028.9, 300, 0.0, 0.0, 0.0,  0, 0.0000,   588, 0.0,29.9, 0.0
M3,30/06/22,11:15:32,     1, 12113,   399, 1028.9, 300, 0.0, 0.0, 0.0,  0, 0.0000,   588, 0.0,29.9, 0.0
M3,30/06/22,11:15:33,     1, 12114,   398, 1028.9, 300, 0.0, 0.0, 0.0,  0, 0.0000,   588, 0.0,29.9, 0.0
M3,30/06/22,11:15:34,     1, 12115,   398, 1028.9, 300, 0.0, 0.0, 0.0,  0, 0.0000,   588, 0.0,29.9, 0.0
M3,30/06/22,11:15:35,     1, 12116,   398, 1028.9, 300, 0.0, 0.0, 0.0,  0, 0.0000,   588, 0.0,29.9, 0.0
M3,30/06/22,11:15:36,     1, 12117,   398, 1028.9, 300, 0.0, 0.0, 0.0,  0, 0.0000,   588, 0.0,29.9, 0.0
M3,30/06/22,11:15:37,     1, 12118,   398, 1028.9, 300, 0.0, 0.0, 0.0,  0, 0.0000,   588, 0.0,29.9, 0.0
M3,30/06/22,11:15:38,     1, 12119,   398, 1028.9, 300, 0.0, 0.0, 0.0,  0, 0.0000,   587, 0.0,29.9, 0.0
M3,30/06/22,11:15:39,     1, 12120,   398, 1028.9, 300, 0.0, 0.0, 0.0,  0, 0.0000,   587, 0.0,29.9, 0.0
M3,30/06/22,11:15:40,     1, 12121,   398, 1028.9, 300, 0.0, 0.0, 0.0,  0, 0.0000,   587, 0.0,29.9, 0.0
M3,30/06/22,11:15:41,     1, 12122,   398, 1028.9, 300, 0.0, 0.0, 0.0,  0, 0.0000,   587, 0.0,29.9, 0.0
M3,30/06/22,11:15:42,     1, 12123,   398, 1028.9, 300, 0.0, 0.0, 0.0,  0, 0.0000,   588, 0.0,29.9, 0.0
M3,30/06/22,11:15:43,     1, 12124,   398, 1028.9, 300, 0.0, 0.0, 0.0,  0, 0.0000,   587, 0.0,29.9, 0.0
M3,30/06/22,11:15:44,     1, 12125,   397, 1028.9, 300, 0.0, 0.0, 0.0,  0, 0.0000,   587, 0.0,29.9, 0.0
M3,30/06/22,11:15:45,     1, 12126,   397, 1028.9, 300, 0.0, 0.0, 0.0,  0, 0.0000,   585, 0.0,29.9, 0.0
M3,30/06/22,11:15:46,     1, 12127,   397, 1028.9, 300, 0.0, 0.0, 0.0,  0, 0.0000,   585, 0.0,29.9, 0.0
M3,30/06/22,11:15:47,     1, 12128,   397, 1028.9, 300, 0.0, 0.0, 0.0,  0, 0.0000,   585, 0.0,29.9, 0.0
M3,30/06/22,11:15:48,     1, 12129,   397, 1028.9, 300, 0.0, 0.0, 0.0,  0, 0.0000,   585, 0.0,29.9, 0.0
M3,30/06/22,11:15:49,     1, 12130,   398, 1028.9, 300, 0.0, 0.0, 0.0,  0, 0.0000,   584, 0.0,29.9, 0.0
M3,30/06/22,11:15:50,     1, 12131,   398, 1028.9, 300, 0.0, 0.0, 0.0,  0, 0.0000,   585, 0.0,29.9, 0.0
M3,30/06/22,11:15:51,     1, 12132,   398, 1028.9, 300, 0.0, 0.0, 0.0,  0, 0.0000,   585, 0.0,29.9, 0.0
M3,30/06/22,11:15:52,     1, 12133,   397, 1028.9, 300, 0.0, 0.0, 0.0,  0, 0.0000,   584, 0.0,29.9, 0.0
M3,30/06/22,11:15:53,     1, 12134,   398, 1029.0, 300, 0.0, 0.0, 0.0,  0, 0.0000,   584, 0.0,29.9, 0.0
M3,30/06/22,11:15:54,     1, 12135,   398, 1029.0, 300, 0.0, 0.0, 0.0,  0, 0.0000,   584, 0.0,29.9, 0.0
M3,30/06/22,11:15:55,     1, 12136,   398, 1029.0, 300, 0.0, 0.0, 0.0,  0, 0.0000,   584, 0.0,29.9, 0.0
M3,30/06/22,11:15:56,     1, 12137,   398, 1029.0, 300, 0.0, 0.0, 0.0,  0, 0.0000,   584, 0.0,29.9, 0.0
M3,30/06/22,11:15:57,     1, 12138,   398, 1029.0, 300, 0.0, 0.0, 0.0,  0, 0.0000,   584, 0.0,29.9, 0.0
M3,30/06/22,11:15:58,     1, 12139,   398, 1029.0, 300, 0.0, 0.0, 0.0,  0, 0.0000,   584, 0.0,29.9, 0.0
M3,30/06/22,11:15:59,     1, 12140,   398, 1029.0, 300, 0.0, 0.0, 0.0,  0, 0.0000,   583, 0.0,29.9, 0.0
M3,30/06/22,11:16:00,     1, 12141,   397, 1029.0, 300, 0.0, 0.0, 0.0,  0, 0.0000,   584, 0.0,29.9, 0.0
M3,30/06/22,11:16:01,     1, 12142,   397, 1029.0, 300, 0.0, 0.0, 0.0,  0, 0.0000,   583, 0.0,29.9, 0.0
M3,30/06/22,11:16:02,     1, 12143,   397, 1029.0, 300, 0.0, 0.0, 0.0,  0, 0.0000,   584, 0.0,29.9, 0.0
M3,30/06/22,11:16:03,     1, 12144,   397, 1029.0, 300, 0.0, 0.0, 0.0,  0, 0.0000,   583, 0.0,29.9, 0.0
M3,30/06/22,11:16:04,     1, 12145,   397, 1029.0, 300, 0.0, 0.0, 0.0,  0, 0.0000,   583, 0.0,29.9, 0.0
M3,30/06/22,11:16:05,     1, 12146,   398, 1029.0, 300, 0.0, 0.0, 0.0,  0, 0.0000,   583, 0.0,29.9, 0.0
M3,30/06/22,11:16:06,     1, 12147,   398, 1029.0, 300, 0.0, 0.0, 0.0,  0, 0.0000,   583, 0.0,29.9, 0.0
M3,30/06/22,11:16:07,     1, 12148,   397, 1029.0, 300, 0.0, 0.0, 0.0,  0, 0.0000,   583, 0.0,29.9, 0.0
M3,30/06/22,11:16:08,     1, 12149,   397, 1029.0, 300, 0.0, 0.0, 0.0,  0, 0.0000,   583, 0.0,29.9, 0.0
M3,30/06/22,11:16:09,     1, 12150,   397, 1029.0, 300, 0.0, 0.0, 0.0,  0, 0.0000,   583, 0.0,29.9, 0.0
M3,30/06/22,11:16:10,     1, 12151,   397, 1029.0, 300, 0.0, 0.0, 0.0,  0, 0.0000,   583, 0.0,29.9, 0.0
M3,30/06/22,11:16:11,     1, 12152,   397, 1029.0, 300, 0.0, 0.0, 0.0,  0, 0.0000,   582, 0.0,29.9, 0.0
M3,30/06/22,11:16:12,     1, 12153,   397, 1029.0, 300, 0.0, 0.0, 0.0,  0, 0.0000,   583, 0.0,29.9, 0.0
M3,30/06/22,11:16:13,     1, 12154,   397, 1029.0, 300, 0.0, 0.0, 0.0,  0, 0.0000,   583, 0.0,29.9, 0.0
M3,30/06/22,11:16:14,     1, 12155,   397, 1029.0, 300, 0.0, 0.0, 0.0,  0, 0.0000,   582, 0.0,29.9, 0.0
M3,30/06/22,11:16:15,     1, 12156,   397, 1029.0, 300, 0.0, 0.0, 0.0,  0, 0.0000,   582, 0.0,29.9, 0.0
M3,30/06/22,11:16:16,     1, 12157,   397, 1029.0, 300, 0.0, 0.0, 0.0,  0, 0.0000,   581, 0.0,29.9, 0.0
M3,30/06/22,11:16:17,     1, 12158,   397, 1029.0, 300, 0.0, 0.0, 0.0,  0, 0.0000,   582, 0.0,29.9, 0.0
M3,30/06/22,11:16:18,     1, 12159,   397, 1029.0, 300, 0.0, 0.0, 0.0,  0, 0.0000,   582, 0.0,29.9, 0.0
M3,30/06/22,11:16:20,     1, 12160,   397, 1029.0, 300, 0.0, 0.0, 0.0,  0, 0.0000,   582, 0.0,29.9, 0.0
M3,30/06/22,11:16:21,     1, 12161,   397, 1028.9, 300, 0.0, 0.0, 0.0,  0, 0.0000,   582, 0.0,29.9, 0.0
M3,30/06/22,11:16:22,     1, 12162,   397, 1028.9, 300, 0.0, 0.0, 0.0,  0, 0.0000,   581, 0.0,29.9, 0.0
M3,30/06/22,11:16:23,     1, 12163,   397, 1028.9, 300, 0.0, 0.0, 0.0,  0, 0.0000,   581, 0.0,29.9, 0.0
M3,30/06/22,11:16:24,     1, 12164,   397, 1028.9, 300, 0.0, 0.0, 0.0,  0, 0.0000,   582, 0.0,29.9, 0.0
M3,30/06/22,11:16:25,     1, 12165,   397, 1028.9, 300, 0.0, 0.0, 0.0,  0, 0.0000,   582, 0.0,29.9, 0.0
M3,30/06/22,11:16:26,     1, 12166,   397, 1028.9, 300, 0.0, 0.0, 0.0,  0, 0.0000,   582, 0.0,29.9, 0.0
M3,30/06/22,11:16:27,     1, 12167,   397, 1029.0, 300, 0.0, 0.0, 0.0,  0, 0.0000,   582, 0.0,29.9, 0.0
M3,30/06/22,11:16:28,     1, 12168,   397, 1029.0, 300, 0.0, 0.0, 0.0,  0, 0.0000,   582, 0.0,29.9, 0.0
M3,30/06/22,11:16:29,     1, 12169,   397, 1029.0, 300, 0.0, 0.0, 0.0,  0, 0.0000,   582, 0.0,29.9, 0.0
M3,30/06/22,11:16:30,     1, 12170,   397, 1029.0, 300, 0.0, 0.0, 0.0,  0, 0.0000,   582, 0.0,29.9, 0.0
M3,30/06/22,11:16:31,     1, 12171,   397, 1029.0, 300, 0.0, 0.0, 0.0,  0, 0.0000,   582, 0.0,29.9, 0.0
M3,30/06/22,11:16:32,     1, 12172,   397, 1028.9, 300, 0.0, 0.0, 0.0,  0, 0.0000,   582, 0.0,29.9, 0.0
M3,30/06/22,11:16:33,     1, 12173,   397, 1028.9, 300, 0.0, 0.0, 0.0,  0, 0.0000,   582, 0.0,29.9, 0.0
M3,30/06/22,11:16:34,     1, 12174,   397, 1028.9, 300, 0.0, 0.0, 0.0,  0, 0.0000,   582, 0.0,29.9, 0.0
M3,30/06/22,11:16:35,     1, 12175,   397, 1028.9, 300, 0.0, 0.0, 0.0,  0, 0.0000,   581, 0.0,29.9, 0.0
M3,30/06/22,11:16:36,     1, 12176,   397, 1028.9, 300, 0.0, 0.0, 0.0,  0, 0.0000,   581, 0.0,29.9, 0.0
M3,30/06/22,11:16:37,     1, 12177,   397, 1028.9, 300, 0.0, 0.0, 0.0,  0, 0.0000,   581, 0.0,29.9, 0.0
M3,30/06/22,11:16:38,     1, 12178,   397, 1028.9, 300, 0.0, 0.0, 0.0,  0, 0.0000,   582, 0.0,29.9, 0.0
M3,30/06/22,11:16:39,     1, 12179,   397, 1029.0, 300, 0.0, 0.0, 0.0,  0, 0.0000,   582, 0.0,29.9, 0.0
M3,30/06/22,11:16:40,     1, 12180,   397, 1029.0, 300, 0.0, 0.0, 0.0,  0, 0.0000,   583, 0.0,29.9, 0.0
M3,30/06/22,11:16:41,     1, 12181,   397, 1029.0, 300, 0.0, 0.0, 0.0,  0, 0.0000,   583, 0.0,29.9, 0.0
M3,30/06/22,11:16:42,     1, 12182,   397, 1029.0, 300, 0.0, 0.0, 0.0,  0, 0.0000,   583, 0.0,29.9, 0.0
M3,30/06/22,11:16:43,     1, 12183,   396, 1029.0, 300, 0.0, 0.0, 0.0,  0, 0.0000,   583, 0.0,29.9, 0.0
M3,30/06/22,11:16:44,     1, 12184,   396, 1029.0, 300, 0.0, 0.0, 0.0,  0, 0.0000,   583, 0.0,29.9, 0.0
M3,30/06/22,11:16:45,     1, 12185,   396, 1029.0, 300, 0.0, 0.0, 0.0,  0, 0.0000,   583, 0.0,29.9, 0.0
M3,30/06/22,11:16:46,     1, 12186,   396, 1029.0, 300, 0.0, 0.0, 0.0,  0, 0.0000,   582, 0.0,29.9, 0.0
M3,30/06/22,11:16:47,     1, 12187,   396, 1029.0, 300, 0.0, 0.0, 0.0,  0, 0.0000,   582, 0.0,29.9, 0.0
M3,30/06/22,11:16:48,     1, 12188,   397, 1029.0, 300, 0.0, 0.0, 0.0,  0, 0.0000,   583, 0.0,29.9, 0.0
M3,30/06/22,11:16:49,     1, 12189,   397, 1029.0, 300, 0.0, 0.0, 0.0,  0, 0.0000,   583, 0.0,29.9, 0.0
M3,30/06/22,11:16:50,     1, 12190,   397, 1029.0, 300, 0.0, 0.0, 0.0,  0, 0.0000,   582, 0.0,29.9, 0.0
M3,30/06/22,11:16:51,     1, 12191,   397, 1029.0, 300, 0.0, 0.0, 0.0,  0, 0.0000,   582, 0.0,29.9, 0.0
M3,30/06/22,11:16:52,     1, 12192,   397, 1029.0, 300, 0.0, 0.0, 0.0,  0, 0.0000,   583, 0.0,29.9, 0.0
M3,30/06/22,11:16:53,     1, 12193,   397, 1029.0, 300, 0.0, 0.0, 0.0,  0, 0.0000,   583, 0.0,29.9, 0.0
M3,30/06/22,11:16:54,     1, 12194,   397, 1029.0, 300, 0.0, 0.0, 0.0,  0, 0.0000,   582, 0.0,29.9, 0.0
M3,30/06/22,11:16:55,     1, 12195,   397, 1029.0, 300, 0.0, 0.0, 0.0,  0, 0.0000,   582, 0.0,29.9, 0.0
M3,30/06/22,11:16:56,     1, 12196,   397, 1029.0, 300, 0.0, 0.0, 0.0,  0, 0.0000,   582, 0.0,29.9, 0.0
M3,30/06/22,11:16:57,     1, 12197,   397, 1029.0, 300, 0.0, 0.0, 0.0,  0, 0.0000,   582, 0.0,29.9, 0.0
M3,30/06/22,11:16:58,     1, 12198,   397, 1029.0, 300, 0.0, 0.0, 0.0,  0, 0.0000,   582, 0.0,29.9, 0.0
M3,30/06/22,11:16:59,     1, 12199,   397, 1029.0, 300, 0.0, 0.0, 0.0,  0, 0.0000,   583, 0.0,29.9, 0.0
M3,30/06/22,11:17:00,     1, 12200,   397, 1029.0, 300, 0.0, 0.0, 0.0,  0, 0.0000,   582, 0.0,29.9, 0.0
M3,30/06/22,11:17:01,     1, 12201,   397, 1029.0, 300, 0.0, 0.0, 0.0,  0, 0.0000,   582, 0.0,29.9, 0.0
M3,30/06/22,11:17:02,     1, 12202,   397, 1029.0, 300, 0.0, 0.0, 0.0,  0, 0.0000,   582, 0.0,29.9, 0.0
M3,30/06/22,11:17:03,     1, 12203,   396, 1029.0, 300, 0.0, 0.0, 0.0,  0, 0.0000,   583, 0.0,29.9, 0.0
