Tag(M3),Date,Time,Plot_No,Rec_No,CO2,Pressure,Flow,H2O,Tsen,O2,Error,Aux_V,PAR,Tsoil,Tair,Msoil
M3,21/06/22,10:57:19,     1,  6263,   419, 1030.9, 296, 0.0, 0.0, 0.0, 61, 0.0000,   472, 0.0,23.8, 0.0
M3,21/06/22,10:57:20,     1,  6264,   419, 1030.9, 300, 0.0, 0.0, 0.0,  0, 0.0000,   471, 0.0,23.8, 0.0
M3,21/06/22,10:57:21,     1,  6265,   419, 1030.8, 304, 0.0, 0.0, 0.0,  0, 0.0000,   472, 0.0,23.8, 0.0
M3,21/06/22,10:57:22,     1,  6266,   418, 1030.8, 301, 0.0, 0.0, 0.0,  0, 0.0000,   475, 0.0,23.8, 0.0
M3,21/06/22,10:57:23,     1,  6267,   418, 1030.7, 300, 0.0, 0.0, 0.0,  0, 0.0000,   475, 0.0,23.8, 0.0
M3,21/06/22,10:57:24,     1,  6268,   418, 1030.7, 300, 0.0, 0.0, 0.0,  0, 0.0000,   477, 0.0,23.8, 0.0
M3,21/06/22,10:57:25,     1,  6269,   418, 1030.6, 300, 0.0, 0.0, 0.0,  0, 0.0000,   477, 0.0,23.8, 0.0
M3,21/06/22,10:57:26,     1,  6270,   418, 1030.6, 300, 0.0, 0.0, 0.0,  0, 0.0000,   476, 0.0,23.8, 0.0
M3,21/06/22,10:57:27,     1,  6271,   418, 1030.6, 300, 0.0, 0.0, 0.0,  0, 0.0000,   477, 0.0,23.8, 0.0
M3,21/06/22,10:57:28,     1,  6272,   418, 1030.6, 300, 0.0, 0.0, 0.0,  0, 0.0000,   480, 0.0,23.8, 0.0
M3,21/06/22,10:57:29,     1,  6273,   418, 1030.5, 300, 0.0, 0.0, 0.0,  0, 0.0000,   479, 0.0,23.8, 0.0
M3,21/06/22,10:57:30,     1,  6274,   418, 1030.5, 300, 0.0, 0.0, 0.0,  0, 0.0000,   479, 0.0,23.8, 0.0
M3,21/06/22,10:57:31,     1,  6275,   417, 1030.5, 300, 0.0, 0.0, 0.0,  0, 0.0000,   481, 0.0,23.8, 0.0
M3,21/06/22,10:57:32,     1,  6276,   417, 1030.5, 300, 0.0, 0.0, 0.0,  0, 0.0000,   481, 0.0,23.8, 0.0
M3,21/06/22,10:57:33,     1,  6277,   417, 1030.5, 300, 0.0, 0.0, 0.0,  0, 0.0000,   479, 0.0,23.8, 0.0
M3,21/06/22,10:57:34,     1,  6278,   417, 1030.5, 300, 0.0, 0.0, 0.0,  0, 0.0000,   481, 0.0,23.8, 0.0
M3,21/06/22,10:57:35,     1,  6279,   417, 1030.5, 300, 0.0, 0.0, 0.0,  0, 0.0000,   481, 0.0,23.8, 0.0
M3,21/06/22,10:57:36,     1,  6280,   417, 1030.5, 300, 0.0, 0.0, 0.0,  0, 0.0000,   482, 0.0,23.8, 0.0
M3,21/06/22,10:57:37,     1,  6281,   417, 1030.5, 300, 0.0, 0.0, 0.0,  0, 0.0000,   481, 0.0,23.8, 0.0
M3,21/06/22,10:57:38,     1,  6282,   417, 1030.5, 300, 0.0, 0.0, 0.0,  0, 0.0000,   481, 0.0,23.8, 0.0
M3,21/06/22,10:57:39,     1,  6283,   417, 1030.5, 300, 0.0, 0.0, 0.0,  0, 0.0000,   481, 0.0,23.8, 0.0
M3,21/06/22,10:57:40,     1,  6284,   417, 1030.5, 300, 0.0, 0.0, 0.0,  0, 0.0000,   482, 0.0,23.8, 0.0
M3,21/06/22,10:57:41,     1,  6285,   417, 1030.5, 300, 0.0, 0.0, 0.0,  0, 0.0000,   482, 0.0,23.8, 0.0
M3,21/06/22,10:57:42,     1,  6286,   416, 1030.5, 300, 0.0, 0.0, 0.0,  0, 0.0000,   482, 0.0,23.8, 0.0
M3,21/06/22,10:57:43,     1,  6287,   416, 1030.5, 300, 0.0, 0.0, 0.0,  0, 0.0000,   482, 0.0,23.8, 0.0
M3,21/06/22,10:57:44,     1,  6288,   416, 1030.5, 300, 0.0, 0.0, 0.0,  0, 0.0000,   476, 0.0,23.8, 0.0
M3,21/06/22,10:57:45,     1,  6289,   416, 1030.5, 300, 0.0, 0.0, 0.0,  0, 0.0000,   476, 0.0,23.8, 0.0
M3,21/06/22,10:57:46,     1,  6290,   416, 1030.5, 300, 0.0, 0.0, 0.0,  0, 0.0000,   480, 0.0,23.8, 0.0
M3,21/06/22,10:57:47,     1,  6291,   416, 1030.5, 300, 0.0, 0.0, 0.0,  0, 0.0000,   471, 0.0,23.8, 0.0
M3,21/06/22,10:57:48,     1,  6292,   416, 1030.5, 300, 0.0, 0.0, 0.0,  0, 0.0000,   476, 0.0,23.8, 0.0
M3,21/06/22,10:57:49,     1,  6293,   416, 1030.5, 300, 0.0, 0.0, 0.0,  0, 0.0000,   483, 0.0,23.8, 0.0
M3,21/06/22,10:57:50,     1,  6294,   417, 1030.5, 300, 0.0, 0.0, 0.0,  0, 0.0000,   488, 0.0,23.8, 0.0
M3,21/06/22,10:57:51,     1,  6295,   417, 1030.5, 300, 0.0, 0.0, 0.0,  0, 0.0000,   488, 0.0,23.8, 0.0
M3,21/06/22,10:57:52,     1,  6296,   416, 1030.5, 300, 0.0, 0.0, 0.0,  0, 0.0000,   487, 0.0,23.8, 0.0
M3,21/06/22,10:57:53,     1,  6297,   416, 1030.5, 300, 0.0, 0.0, 0.0,  0, 0.0000,   487, 0.0,23.8, 0.0
M3,21/06/22,10:57:54,     1,  6298,   416, 1030.5, 300, 0.0, 0.0, 0.0,  0, 0.0000,   488, 0.0,23.8, 0.0
M3,21/06/22,10:57:55,     1,  6299,   416, 1030.5, 300, 0.0, 0.0, 0.0,  0, 0.0000,   487, 0.0,23.8, 0.0
M3,21/06/22,10:57:56,     1,  6300,   416, 1030.5, 300, 0.0, 0.0, 0.0,  0, 0.0000,   485, 0.0,23.8, 0.0
M3,21/06/22,10:57:57,     1,  6301,   416, 1030.5, 300, 0.0, 0.0, 0.0,  0, 0.0000,   483, 0.0,23.8, 0.0
M3,21/06/22,10:57:58,     1,  6302,   416, 1030.5, 300, 0.0, 0.0, 0.0,  0, 0.0000,   481, 0.0,23.8, 0.0
M3,21/06/22,10:57:59,     1,  6303,   416, 1030.5, 300, 0.0, 0.0, 0.0,  0, 0.0000,   479, 0.0,23.8, 0.0
M3,21/06/22,10:58:00,     1,  6304,   416, 1030.5, 300, 0.0, 0.0, 0.0,  0, 0.0000,   478, 0.0,23.8, 0.0
M3,21/06/22,10:58:01,     1,  6305,   415, 1030.5, 300, 0.0, 0.0, 0.0,  0, 0.0000,   483, 0.0,23.8, 0.0
M3,21/06/22,10:58:02,     1,  6306,   415, 1030.5, 300, 0.0, 0.0, 0.0,  0, 0.0000,   483, 0.0,23.8, 0.0
M3,21/06/22,10:58:03,     1,  6307,   415, 1030.5, 300, 0.0, 0.0, 0.0,  0, 0.0000,   482, 0.0,23.8, 0.0
M3,21/06/22,10:58:04,     1,  6308,   415, 1030.5, 300, 0.0, 0.0, 0.0,  0, 0.0000,   481, 0.0,23.8, 0.0
M3,21/06/22,10:58:05,     1,  6309,   415, 1030.5, 300, 0.0, 0.0, 0.0,  0, 0.0000,   477, 0.0,23.8, 0.0
M3,21/06/22,10:58:06,     1,  6310,   415, 1030.5, 300, 0.0, 0.0, 0.0,  0, 0.0000,   479, 0.0,23.8, 0.0
M3,21/06/22,10:58:07,     1,  6311,   415, 1030.5, 300, 0.0, 0.0, 0.0,  0, 0.0000,   478, 0.0,23.7, 0.0
M3,21/06/22,10:58:08,     1,  6312,   415, 1030.5, 300, 0.0, 0.0, 0.0,  0, 0.0000,   476, 0.0,23.7, 0.0
M3,21/06/22,10:58:09,     1,  6313,   415, 1030.5, 300, 0.0, 0.0, 0.0,  0, 0.0000,   475, 0.0,23.7, 0.0
M3,21/06/22,10:58:10,     1,  6314,   414, 1030.5, 300, 0.0, 0.0, 0.0,  0, 0.0000,   474, 0.0,23.7, 0.0
M3,21/06/22,10:58:11,     1,  6315,   414, 1030.5, 300, 0.0, 0.0, 0.0,  0, 0.0000,   474, 0.0,23.7, 0.0
M3,21/06/22,10:58:12,     1,  6316,   414, 1030.5, 300, 0.0, 0.0, 0.0,  0, 0.0000,   473, 0.0,23.8, 0.0
M3,21/06/22,10:58:13,     1,  6317,   414, 1030.5, 300, 0.0, 0.0, 0.0,  0, 0.0000,   471, 0.0,23.8, 0.0
M3,21/06/22,10:58:14,     1,  6318,   414, 1030.5, 300, 0.0, 0.0, 0.0,  0, 0.0000,   466, 0.0,23.8, 0.0
M3,21/06/22,10:58:15,     1,  6319,   414, 1030.5, 300, 0.0, 0.0, 0.0,  0, 0.0000,   459, 0.0,23.7, 0.0
M3,21/06/22,10:58:16,     1,  6320,   414, 1030.5, 300, 0.0, 0.0, 0.0,  0, 0.0000,   456, 0.0,23.7, 0.0
M3,21/06/22,10:58:17,     1,  6321,   413, 1030.5, 300, 0.0, 0.0, 0.0,  0, 0.0000,   467, 0.0,23.8, 0.0
M3,21/06/22,10:58:18,     1,  6322,   413, 1030.4, 300, 0.0, 0.0, 0.0,  0, 0.0000,   468, 0.0,23.8, 0.0
M3,21/06/22,10:58:19,     1,  6323,   414, 1030.4, 300, 0.0, 0.0, 0.0,  0, 0.0000,   469, 0.0,23.8, 0.0
M3,21/06/22,10:58:20,     1,  6324,   414, 1030.4, 300, 0.0, 0.0, 0.0,  0, 0.0000,   468, 0.0,23.8, 0.0
M3,21/06/22,10:58:21,     1,  6325,   414, 1030.5, 300, 0.0, 0.0, 0.0,  0, 0.0000,   464, 0.0,23.8, 0.0
M3,21/06/22,10:58:22,     1,  6326,   413, 1030.5, 300, 0.0, 0.0, 0.0,  0, 0.0000,   463, 0.0,23.8, 0.0
M3,21/06/22,10:58:23,     1,  6327,   413, 1030.5, 300, 0.0, 0.0, 0.0,  0, 0.0000,   466, 0.0,23.8, 0.0
M3,21/06/22,10:58:24,     1,  6328,   413, 1030.5, 300, 0.0, 0.0, 0.0,  0, 0.0000,   461, 0.0,23.7, 0.0
M3,21/06/22,10:58:25,     1,  6329,   413, 1030.5, 300, 0.0, 0.0, 0.0,  0, 0.0000,   467, 0.0,23.8, 0.0
M3,21/06/22,10:58:26,     1,  6330,   413, 1030.5, 300, 0.0, 0.0, 0.0,  0, 0.0000,   468, 0.0,23.8, 0.0
M3,21/06/22,10:58:27,     1,  6331,   413, 1030.5, 300, 0.0, 0.0, 0.0,  0, 0.0000,   465, 0.0,23.8, 0.0
M3,21/06/22,10:58:28,     1,  6332,   413, 1030.5, 300, 0.0, 0.0, 0.0,  0, 0.0000,   464, 0.0,23.8, 0.0
M3,21/06/22,10:58:29,     1,  6333,   413, 1030.5, 300, 0.0, 0.0, 0.0,  0, 0.0000,   463, 0.0,23.7, 0.0
M3,21/06/22,10:58:30,     1,  6334,   413, 1030.5, 300, 0.0, 0.0, 0.0,  0, 0.0000,   465, 0.0,23.7, 0.0
M3,21/06/22,10:58:31,     1,  6335,   413, 1030.5, 300, 0.0, 0.0, 0.0,  0, 0.0000,   465, 0.0,23.7, 0.0
M3,21/06/22,10:58:32,     1,  6336,   413, 1030.5, 300, 0.0, 0.0, 0.0,  0, 0.0000,   456, 0.0,23.7, 0.0
M3,21/06/22,10:58:33,     1,  6337,   413, 1030.5, 300, 0.0, 0.0, 0.0,  0, 0.0000,   463, 0.0,23.7, 0.0
M3,21/06/22,10:58:34,     1,  6338,   413, 1030.5, 300, 0.0, 0.0, 0.0,  0, 0.0000,   458, 0.0,23.7, 0.0
M3,21/06/22,10:58:35,     1,  6339,   413, 1030.5, 300, 0.0, 0.0, 0.0,  0, 0.0000,   455, 0.0,23.7, 0.0
M3,21/06/22,10:58:36,     1,  6340,   413, 1030.5, 300, 0.0, 0.0, 0.0,  0, 0.0000,   463, 0.0,23.7, 0.0
M3,21/06/22,10:58:37,     1,  6341,   413, 1030.5, 300, 0.0, 0.0, 0.0,  0, 0.0000,   463, 0.0,23.7, 0.0
M3,21/06/22,10:58:38,     1,  6342,   413, 1030.5, 300, 0.0, 0.0, 0.0,  0, 0.0000,   463, 0.0,23.7, 0.0
M3,21/06/22,10:58:39,     1,  6343,   413, 1030.5, 300, 0.0, 0.0, 0.0,  0, 0.0000,   460, 0.0,23.7, 0.0
M3,21/06/22,10:58:40,     1,  6344,   413, 1030.5, 300, 0.0, 0.0, 0.0,  0, 0.0000,   459, 0.0,23.7, 0.0
M3,21/06/22,10:58:41,     1,  6345,   413, 1030.5, 300, 0.0, 0.0, 0.0,  0, 0.0000,   462, 0.0,23.7, 0.0
M3,21/06/22,10:58:42,     1,  6346,   412, 1030.5, 300, 0.0, 0.0, 0.0,  0, 0.0000,   463, 0.0,23.7, 0.0
M3,21/06/22,10:58:43,     1,  6347,   412, 1030.5, 300, 0.0, 0.0, 0.0,  0, 0.0000,   462, 0.0,23.7, 0.0
M3,21/06/22,10:58:44,     1,  6348,   412, 1030.5, 300, 0.0, 0.0, 0.0,  0, 0.0000,   461, 0.0,23.7, 0.0
M3,21/06/22,10:58:45,     1,  6349,   412, 1030.5, 300, 0.0, 0.0, 0.0,  0, 0.0000,   457, 0.0,23.7, 0.0
M3,21/06/22,10:58:46,     1,  6350,   412, 1030.5, 300, 0.0, 0.0, 0.0,  0, 0.0000,   454, 0.0,23.7, 0.0
M3,21/06/22,10:58:47,     1,  6351,   412, 1030.5, 300, 0.0, 0.0, 0.0,  0, 0.0000,   459, 0.0,23.7, 0.0
M3,21/06/22,10:58:48,     1,  6352,   412, 1030.5, 300, 0.0, 0.0, 0.0,  0, 0.0000,   455, 0.0,23.7, 0.0
M3,21/06/22,10:58:49,     1,  6353,   412, 1030.5, 300, 0.0, 0.0, 0.0,  0, 0.0000,   458, 0.0,23.7, 0.0
M3,21/06/22,10:58:50,     1,  6354,   412, 1030.5, 300, 0.0, 0.0, 0.0,  0, 0.0000,   460, 0.0,23.7, 0.0
M3,21/06/22,10:58:51,     1,  6355,   412, 1030.5, 300, 0.0, 0.0, 0.0,  0, 0.0000,   459, 0.0,23.7, 0.0
M3,21/06/22,10:58:52,     1,  6356,   412, 1030.5, 300, 0.0, 0.0, 0.0,  0, 0.0000,   458, 0.0,23.7, 0.0
M3,21/06/22,10:58:53,     1,  6357,   412, 1030.5, 300, 0.0, 0.0, 0.0,  0, 0.0000,   458, 0.0,23.7, 0.0
M3,21/06/22,10:58:54,     1,  6358,   412, 1030.5, 300, 0.0, 0.0, 0.0,  0, 0.0000,   457, 0.0,23.7, 0.0
M3,21/06/22,10:58:55,     1,  6359,   412, 1030.5, 300, 0.0, 0.0, 0.0,  0, 0.0000,   458, 0.0,23.7, 0.0
M3,21/06/22,10:58:56,     1,  6360,   411, 1030.5, 300, 0.0, 0.0, 0.0,  0, 0.0000,   455, 0.0,23.7, 0.0
M3,21/06/22,10:58:57,     1,  6361,   411, 1030.5, 300, 0.0, 0.0, 0.0,  0, 0.0000,   453, 0.0,23.7, 0.0
M3,21/06/22,10:58:58,     1,  6362,   412, 1030.5, 300, 0.0, 0.0, 0.0,  0, 0.0000,   454, 0.0,23.7, 0.0
M3,21/06/22,10:58:59,     1,  6363,   412, 1030.5, 300, 0.0, 0.0, 0.0,  0, 0.0000,   455, 0.0,23.7, 0.0
M3,21/06/22,10:59:00,     1,  6364,   411, 1030.5, 300, 0.0, 0.0, 0.0,  0, 0.0000,   455, 0.0,23.7, 0.0
M3,21/06/22,10:59:01,     1,  6365,   412, 1030.6, 300, 0.0, 0.0, 0.0,  0, 0.0000,   453, 0.0,23.7, 0.0
M3,21/06/22,10:59:02,     1,  6366,   412, 1030.6, 300, 0.0, 0.0, 0.0,  0, 0.0000,   450, 0.0,23.7, 0.0
M3,21/06/22,10:59:03,     1,  6367,   411, 1030.6, 300, 0.0, 0.0, 0.0,  0, 0.0000,   453, 0.0,23.7, 0.0
M3,21/06/22,10:59:04,     1,  6368,   411, 1030.6, 300, 0.0, 0.0, 0.0,  0, 0.0000,   455, 0.0,23.7, 0.0
M3,21/06/22,10:59:05,     1,  6369,   411, 1030.6, 300, 0.0, 0.0, 0.0,  0, 0.0000,   454, 0.0,23.7, 0.0
M3,21/06/22,10:59:06,     1,  6370,   411, 1030.6, 300, 0.0, 0.0, 0.0,  0, 0.0000,   454, 0.0,23.7, 0.0
M3,21/06/22,10:59:07,     1,  6371,   411, 1030.6, 300, 0.0, 0.0, 0.0,  0, 0.0000,   452, 0.0,23.7, 0.0
M3,21/06/22,10:59:08,     1,  6372,   411, 1030.6, 300, 0.0, 0.0, 0.0,  0, 0.0000,   452, 0.0,23.7, 0.0
M3,21/06/22,10:59:09,     1,  6373,   411, 1030.6, 300, 0.0, 0.0, 0.0,  0, 0.0000,   451, 0.0,23.7, 0.0
M3,21/06/22,10:59:10,     1,  6374,   411, 1030.6, 300, 0.0, 0.0, 0.0,  0, 0.0000,   453, 0.0,23.7, 0.0
M3,21/06/22,10:59:11,     1,  6375,   412, 1030.6, 300, 0.0, 0.0, 0.0,  0, 0.0000,   450, 0.0,23.7, 0.0
M3,21/06/22,10:59:12,     1,  6376,   412, 1030.6, 300, 0.0, 0.0, 0.0,  0, 0.0000,   451, 0.0,23.7, 0.0
M3,21/06/22,10:59:13,     1,  6377,   412, 1030.6, 300, 0.0, 0.0, 0.0,  0, 0.0000,   451, 0.0,23.7, 0.0
M3,21/06/22,10:59:14,     1,  6378,   412, 1030.6, 300, 0.0, 0.0, 0.0,  0, 0.0000,   449, 0.0,23.7, 0.0
M3,21/06/22,10:59:15,     1,  6379,   411, 1030.6, 300, 0.0, 0.0, 0.0,  0, 0.0000,   451, 0.0,23.7, 0.0
M3,21/06/22,10:59:16,     1,  6380,   412, 1030.5, 300, 0.0, 0.0, 0.0,  0, 0.0000,   450, 0.0,23.7, 0.0
M3,21/06/22,10:59:17,     1,  6381,   412, 1030.5, 300, 0.0, 0.0, 0.0,  0, 0.0000,   450, 0.0,23.7, 0.0
M3,21/06/22,10:59:18,     1,  6382,   411, 1030.5, 300, 0.0, 0.0, 0.0,  0, 0.0000,   449, 0.0,23.7, 0.0
M3,21/06/22,10:59:19,     1,  6383,   411, 1030.5, 300, 0.0, 0.0, 0.0,  0, 0.0000,   449, 0.0,23.7, 0.0
M3,21/06/22,10:59:20,     1,  6384,   411, 1030.5, 300, 0.0, 0.0, 0.0,  0, 0.0000,   449, 0.0,23.7, 0.0
M3,21/06/22,10:59:21,     1,  6385,   411, 1030.4, 300, 0.0, 0.0, 0.0,  0, 0.0000,   449, 0.0,23.7, 0.0
M3,21/06/22,10:59:22,     1,  6386,   411, 1030.5, 300, 0.0, 0.0, 0.0,  0, 0.0000,   448, 0.0,23.7, 0.0
M3,21/06/22,10:59:23,     1,  6387,   410, 1030.5, 300, 0.0, 0.0, 0.0,  0, 0.0000,   447, 0.0,23.7, 0.0
M3,21/06/22,10:59:24,     1,  6388,   410, 1030.6, 300, 0.0, 0.0, 0.0,  0, 0.0000,   446, 0.0,23.7, 0.0
M3,21/06/22,10:59:25,     1,  6389,   410, 1030.6, 300, 0.0, 0.0, 0.0,  0, 0.0000,   445, 0.0,23.7, 0.0
M3,21/06/22,10:59:26,     1,  6390,   410, 1030.6, 300, 0.0, 0.0, 0.0,  0, 0.0000,   447, 0.0,23.7, 0.0
M3,21/06/22,10:59:27,     1,  6391,   410, 1030.6, 300, 0.0, 0.0, 0.0,  0, 0.0000,   446, 0.0,23.7, 0.0
M3,21/06/22,10:59:28,     1,  6392,   410, 1030.6, 300, 0.0, 0.0, 0.0,  0, 0.0000,   447, 0.0,23.7, 0.0
M3,21/06/22,10:59:29,     1,  6393,   410, 1030.6, 300, 0.0, 0.0, 0.0,  0, 0.0000,   445, 0.0,23.7, 0.0
M3,21/06/22,10:59:31,     1,  6394,   411, 1030.6, 300, 0.0, 0.0, 0.0,  0, 0.0000,   444, 0.0,23.7, 0.0
M3,21/06/22,10:59:32,     1,  6395,   411, 1030.6, 300, 0.0, 0.0, 0.0,  0, 0.0000,   444, 0.0,23.7, 0.0
M3,21/06/22,10:59:33,     1,  6396,   410, 1030.6, 300, 0.0, 0.0, 0.0,  0, 0.0000,   444, 0.0,23.7, 0.0
M3,21/06/22,10:59:34,     1,  6397,   410, 1030.6, 300, 0.0, 0.0, 0.0,  0, 0.0000,   445, 0.0,23.7, 0.0
M3,21/06/22,10:59:35,     1,  6398,   410, 1030.6, 300, 0.0, 0.0, 0.0,  0, 0.0000,   444, 0.0,23.7, 0.0
M3,21/06/22,10:59:36,     1,  6399,   410, 1030.6, 300, 0.0, 0.0, 0.0,  0, 0.0000,   444, 0.0,23.7, 0.0
M3,21/06/22,10:59:37,     1,  6400,   410, 1030.6, 300, 0.0, 0.0, 0.0,  0, 0.0000,   444, 0.0,23.7, 0.0
M3,21/06/22,10:59:38,     1,  6401,   410, 1030.6, 300, 0.0, 0.0, 0.0,  0, 0.0000,   443, 0.0,23.7, 0.0
M3,21/06/22,10:59:39,     1,  6402,   410, 1030.6, 300, 0.0, 0.0, 0.0,  0, 0.0000,   443, 0.0,23.7, 0.0
M3,21/06/22,10:59:40,     1,  6403,   410, 1030.6, 300, 0.0, 0.0, 0.0,  0, 0.0000,   443, 0.0,23.7, 0.0
M3,21/06/22,10:59:41,     1,  6404,   410, 1030.6, 300, 0.0, 0.0, 0.0,  0, 0.0000,   443, 0.0,23.7, 0.0
M3,21/06/22,10:59:42,     1,  6405,   410, 1030.6, 300, 0.0, 0.0, 0.0,  0, 0.0000,   442, 0.0,23.7, 0.0
M3,21/06/22,10:59:43,     1,  6406,   410, 1030.6, 300, 0.0, 0.0, 0.0,  0, 0.0000,   442, 0.0,23.7, 0.0
M3,21/06/22,10:59:44,     1,  6407,   410, 1030.6, 300, 0.0, 0.0, 0.0,  0, 0.0000,   442, 0.0,23.7, 0.0
M3,21/06/22,10:59:45,     1,  6408,   410, 1030.6, 300, 0.0, 0.0, 0.0,  0, 0.0000,   442, 0.0,23.7, 0.0
M3,21/06/22,10:59:46,     1,  6409,   409, 1030.6, 300, 0.0, 0.0, 0.0,  0, 0.0000,   437, 0.0,23.7, 0.0
M3,21/06/22,10:59:47,     1,  6410,   409, 1030.6, 300, 0.0, 0.0, 0.0,  0, 0.0000,   439, 0.0,23.7, 0.0
M3,21/06/22,10:59:48,     1,  6411,   409, 1030.6, 300, 0.0, 0.0, 0.0,  0, 0.0000,   441, 0.0,23.7, 0.0
M3,21/06/22,10:59:49,     1,  6412,   409, 1030.6, 300, 0.0, 0.0, 0.0,  0, 0.0000,   441, 0.0,23.7, 0.0
M3,21/06/22,10:59:50,     1,  6413,   409, 1030.6, 300, 0.0, 0.0, 0.0,  0, 0.0000,   440, 0.0,23.7, 0.0
M3,21/06/22,10:59:51,     1,  6414,   409, 1030.6, 300, 0.0, 0.0, 0.0,  0, 0.0000,   438, 0.0,23.7, 0.0
M3,21/06/22,10:59:52,     1,  6415,   409, 1030.6, 300, 0.0, 0.0, 0.0,  0, 0.0000,   439, 0.0,23.7, 0.0
M3,21/06/22,10:59:53,     1,  6416,   408, 1030.6, 300, 0.0, 0.0, 0.0,  0, 0.0000,   440, 0.0,23.7, 0.0
M3,21/06/22,10:59:54,     1,  6417,   408, 1030.6, 300, 0.0, 0.0, 0.0,  0, 0.0000,   440, 0.0,23.7, 0.0
M3,21/06/22,10:59:55,     1,  6418,   408, 1030.6, 300, 0.0, 0.0, 0.0,  0, 0.0000,   440, 0.0,23.7, 0.0
M3,21/06/22,10:59:56,     1,  6419,   408, 1030.6, 300, 0.0, 0.0, 0.0,  0, 0.0000,   440, 0.0,23.7, 0.0
M3,21/06/22,10:59:57,     1,  6420,   408, 1030.6, 300, 0.0, 0.0, 0.0,  0, 0.0000,   438, 0.0,23.7, 0.0
M3,21/06/22,10:59:58,     1,  6421,   408, 1030.6, 300, 0.0, 0.0, 0.0,  0, 0.0000,   437, 0.0,23.7, 0.0
M3,21/06/22,10:59:59,     1,  6422,   409, 1030.6, 300, 0.0, 0.0, 0.0,  0, 0.0000,   437, 0.0,23.7, 0.0
