Tag(M3),Date,Time,Plot_No,Rec_No,CO2,Pressure,Flow,H2O,Tsen,O2,Error,Aux_V,PAR,Tsoil,Tair,Msoil
M3,30/06/22,10:11:50,     1,  8320,   409, 1028.8, 300, 0.0, 0.0, 0.0, 61, 0.0000,     1, 0.0,27.3, 0.0
M3,30/06/22,10:11:51,     1,  8321,   409, 1028.8, 300, 0.0, 0.0, 0.0,  0, 0.0000,     1, 0.0,27.3, 0.0
M3,30/06/22,10:11:52,     1,  8322,   409, 1028.8, 300, 0.0, 0.0, 0.0,  0, 0.0000,     2, 0.0,27.3, 0.0
M3,30/06/22,10:11:53,     1,  8323,   409, 1028.8, 300, 0.0, 0.0, 0.0,  0, 0.0000,     1, 0.0,27.3, 0.0
M3,30/06/22,10:11:54,     1,  8324,   409, 1028.8, 300, 0.0, 0.0, 0.0,  0, 0.0000,     1, 0.0,27.3, 0.0
M3,30/06/22,10:11:55,     1,  8325,   409, 1028.8, 300, 0.0, 0.0, 0.0,  0, 0.0000,     1, 0.0,27.3, 0.0
M3,30/06/22,10:11:56,     1,  8326,   408, 1028.8, 300, 0.0, 0.0, 0.0,  0, 0.0000,     1, 0.0,27.3, 0.0
M3,30/06/22,10:11:57,     1,  8327,   408, 1028.8, 300, 0.0, 0.0, 0.0,  0, 0.0000,     1, 0.0,27.3, 0.0
M3,30/06/22,10:11:58,     1,  8328,   408, 1028.8, 300, 0.0, 0.0, 0.0,  0, 0.0000,     1, 0.0,27.3, 0.0
M3,30/06/22,10:11:59,     1,  8329,   408, 1028.8, 300, 0.0, 0.0, 0.0,  0, 0.0000,     1, 0.0,27.3, 0.0
M3,30/06/22,10:12:00,     1,  8330,   408, 1028.8, 300, 0.0, 0.0, 0.0,  0, 0.0000,     1, 0.0,27.3, 0.0
M3,30/06/22,10:12:01,     1,  8331,   408, 1028.8, 300, 0.0, 0.0, 0.0,  0, 0.0000,     1, 0.0,27.3, 0.0
M3,30/06/22,10:12:02,     1,  8332,   408, 1028.8, 300, 0.0, 0.0, 0.0,  0, 0.0000,     1, 0.0,27.2, 0.0
M3,30/06/22,10:12:03,     1,  8333,   408, 1028.8, 300, 0.0, 0.0, 0.0,  0, 0.0000,     1, 0.0,27.2, 0.0
M3,30/06/22,10:12:04,     1,  8334,   408, 1028.8, 300, 0.0, 0.0, 0.0,  0, 0.0000,     1, 0.0,27.2, 0.0
M3,30/06/22,10:12:05,     1,  8335,   409, 1028.8, 300, 0.0, 0.0, 0.0,  0, 0.0000,     1, 0.0,27.2, 0.0
M3,30/06/22,10:12:06,     1,  8336,   409, 1028.8, 300, 0.0, 0.0, 0.0,  0, 0.0000,     1, 0.0,27.2, 0.0
M3,30/06/22,10:12:07,     1,  8337,   409, 1028.8, 300, 0.0, 0.0, 0.0,  0, 0.0000,     1, 0.0,27.2, 0.0
M3,30/06/22,10:12:08,     1,  8338,   409, 1028.8, 300, 0.0, 0.0, 0.0,  0, 0.0000,     1, 0.0,27.2, 0.0
M3,30/06/22,10:12:09,     1,  8339,   409, 1028.8, 300, 0.0, 0.0, 0.0,  0, 0.0000,     1, 0.0,27.2, 0.0
M3,30/06/22,10:12:10,     1,  8340,   409, 1028.8, 300, 0.0, 0.0, 0.0,  0, 0.0000,     1, 0.0,27.2, 0.0
M3,30/06/22,10:12:11,     1,  8341,   409, 1028.8, 300, 0.0, 0.0, 0.0,  0, 0.0000,     1, 0.0,27.2, 0.0
M3,30/06/22,10:12:12,     1,  8342,   409, 1028.8, 300, 0.0, 0.0, 0.0,  0, 0.0000,     1, 0.0,27.2, 0.0
M3,30/06/22,10:12:13,     1,  8343,   409, 1028.8, 300, 0.0, 0.0, 0.0,  0, 0.0000,     1, 0.0,27.2, 0.0
M3,30/06/22,10:12:14,     1,  8344,   409, 1028.8, 300, 0.0, 0.0, 0.0,  0, 0.0000,     1, 0.0,27.2, 0.0
M3,30/06/22,10:12:15,     1,  8345,   409, 1028.8, 300, 0.0, 0.0, 0.0,  0, 0.0000,     1, 0.0,27.2, 0.0
M3,30/06/22,10:12:16,     1,  8346,   408, 1028.8, 300, 0.0, 0.0, 0.0,  0, 0.0000,     1, 0.0,27.2, 0.0
M3,30/06/22,10:12:17,     1,  8347,   408, 1028.8, 300, 0.0, 0.0, 0.0,  0, 0.0000,     1, 0.0,27.2, 0.0
M3,30/06/22,10:12:18,     1,  8348,   409, 1028.8, 300, 0.0, 0.0, 0.0,  0, 0.0000,     1, 0.0,27.2, 0.0
M3,30/06/22,10:12:19,     1,  8349,   409, 1028.8, 300, 0.0, 0.0, 0.0,  0, 0.0000,     1, 0.0,27.2, 0.0
M3,30/06/22,10:12:20,     1,  8350,   409, 1028.8, 300, 0.0, 0.0, 0.0,  0, 0.0000,     1, 0.0,27.2, 0.0
M3,30/06/22,10:12:21,     1,  8351,   409, 1028.8, 300, 0.0, 0.0, 0.0,  0, 0.0000,     1, 0.0,27.2, 0.0
M3,30/06/22,10:12:22,     1,  8352,   409, 1028.8, 300, 0.0, 0.0, 0.0,  0, 0.0000,     1, 0.0,27.2, 0.0
M3,30/06/22,10:12:23,     1,  8353,   409, 1028.8, 300, 0.0, 0.0, 0.0,  0, 0.0000,     1, 0.0,27.2, 0.0
M3,30/06/22,10:12:24,     1,  8354,   409, 1028.8, 300, 0.0, 0.0, 0.0,  0, 0.0000,     1, 0.0,27.2, 0.0
M3,30/06/22,10:12:25,     1,  8355,   409, 1028.8, 300, 0.0, 0.0, 0.0,  0, 0.0000,     1, 0.0,27.1, 0.0
M3,30/06/22,10:12:26,     1,  8356,   409, 1028.8, 300, 0.0, 0.0, 0.0,  0, 0.0000,     1, 0.0,27.1, 0.0
M3,30/06/22,10:12:27,     1,  8357,   409, 1028.8, 300, 0.0, 0.0, 0.0,  0, 0.0000,     1, 0.0,27.1, 0.0
M3,30/06/22,10:12:28,     1,  8358,   409, 1028.8, 300, 0.0, 0.0, 0.0,  0, 0.0000,     1, 0.0,27.1, 0.0
M3,30/06/22,10:12:29,     1,  8359,   409, 1028.8, 300, 0.0, 0.0, 0.0,  0, 0.0000,     1, 0.0,27.1, 0.0
M3,30/06/22,10:12:30,     1,  8360,   409, 1028.8, 300, 0.0, 0.0, 0.0,  0, 0.0000,     1, 0.0,27.1, 0.0
M3,30/06/22,10:12:31,     1,  8361,   409, 1028.8, 300, 0.0, 0.0, 0.0,  0, 0.0000,     1, 0.0,27.1, 0.0
M3,30/06/22,10:12:32,     1,  8362,   409, 1028.8, 300, 0.0, 0.0, 0.0,  0, 0.0000,     1, 0.0,27.1, 0.0
M3,30/06/22,10:12:33,     1,  8363,   409, 1028.8, 300, 0.0, 0.0, 0.0,  0, 0.0000,     1, 0.0,27.1, 0.0
M3,30/06/22,10:12:34,     1,  8364,   409, 1028.8, 300, 0.0, 0.0, 0.0,  0, 0.0000,     1, 0.0,27.1, 0.0
M3,30/06/22,10:12:35,     1,  8365,   409, 1028.8, 300, 0.0, 0.0, 0.0,  0, 0.0000,     1, 0.0,27.1, 0.0
M3,30/06/22,10:12:36,     1,  8366,   409, 1028.8, 300, 0.0, 0.0, 0.0,  0, 0.0000,     1, 0.0,27.1, 0.0
M3,30/06/22,10:12:37,     1,  8367,   410, 1028.8, 300, 0.0, 0.0, 0.0,  0, 0.0000,     1, 0.0,27.1, 0.0
M3,30/06/22,10:12:38,     1,  8368,   410, 1028.8, 300, 0.0, 0.0, 0.0,  0, 0.0000,     1, 0.0,27.1, 0.0
M3,30/06/22,10:12:39,     1,  8369,   410, 1028.8, 300, 0.0, 0.0, 0.0,  0, 0.0000,     1, 0.0,27.1, 0.0
M3,30/06/22,10:12:40,     1,  8370,   410, 1028.8, 300, 0.0, 0.0, 0.0,  0, 0.0000,     1, 0.0,27.1, 0.0
M3,30/06/22,10:12:41,     1,  8371,   410, 1028.8, 300, 0.0, 0.0, 0.0,  0, 0.0000,     1, 0.0,27.1, 0.0
M3,30/06/22,10:12:42,     1,  8372,   410, 1028.8, 300, 0.0, 0.0, 0.0,  0, 0.0000,     1, 0.0,27.1, 0.0
M3,30/06/22,10:12:43,     1,  8373,   410, 1028.8, 300, 0.0, 0.0, 0.0,  0, 0.0000,     1, 0.0,27.1, 0.0
M3,30/06/22,10:12:44,     1,  8374,   410, 1028.8, 300, 0.0, 0.0, 0.0,  0, 0.0000,     1, 0.0,27.1, 0.0
M3,30/06/22,10:12:45,     1,  8375,   410, 1028.8, 300, 0.0, 0.0, 0.0,  0, 0.0000,     1, 0.0,27.1, 0.0
M3,30/06/22,10:12:46,     1,  8376,   410, 1028.8, 300, 0.0, 0.0, 0.0,  0, 0.0000,     1, 0.0,27.1, 0.0
M3,30/06/22,10:12:47,     1,  8377,   410, 1028.8, 300, 0.0, 0.0, 0.0,  0, 0.0000,     1, 0.0,27.1, 0.0
M3,30/06/22,10:12:48,     1,  8378,   410, 1028.8, 300, 0.0, 0.0, 0.0,  0, 0.0000,     1, 0.0,27.1, 0.0
M3,30/06/22,10:12:49,     1,  8379,   411, 1028.8, 300, 0.0, 0.0, 0.0,  0, 0.0000,     1, 0.0,27.0, 0.0
M3,30/06/22,10:12:50,     1,  8380,   411, 1028.8, 300, 0.0, 0.0, 0.0,  0, 0.0000,     1, 0.0,27.0, 0.0
M3,30/06/22,10:12:51,     1,  8381,   411, 1028.8, 300, 0.0, 0.0, 0.0,  0, 0.0000,     1, 0.0,27.0, 0.0
M3,30/06/22,10:12:52,     1,  8382,   411, 1028.8, 300, 0.0, 0.0, 0.0,  0, 0.0000,     1, 0.0,27.0, 0.0
M3,30/06/22,10:12:53,     1,  8383,   411, 1028.8, 300, 0.0, 0.0, 0.0,  0, 0.0000,     1, 0.0,27.0, 0.0
M3,30/06/22,10:12:55,     1,  8384,   412, 1028.9, 300, 0.0, 0.0, 0.0,  0, 0.0000,     1, 0.0,27.0, 0.0
M3,30/06/22,10:12:56,     1,  8385,   411, 1028.9, 300, 0.0, 0.0, 0.0,  0, 0.0000,     1, 0.0,27.0, 0.0
M3,30/06/22,10:12:57,     1,  8386,   411, 1028.9, 300, 0.0, 0.0, 0.0,  0, 0.0000,     1, 0.0,27.0, 0.0
M3,30/06/22,10:12:58,     1,  8387,   411, 1028.9, 300, 0.0, 0.0, 0.0,  0, 0.0000,     1, 0.0,27.0, 0.0
M3,30/06/22,10:12:59,     1,  8388,   411, 1028.9, 300, 0.0, 0.0, 0.0,  0, 0.0000,     1, 0.0,27.0, 0.0
M3,30/06/22,10:13:00,     1,  8389,   411, 1028.9, 300, 0.0, 0.0, 0.0,  0, 0.0000,     1, 0.0,27.0, 0.0
M3,30/06/22,10:13:01,     1,  8390,   411, 1028.9, 300, 0.0, 0.0, 0.0,  0, 0.0000,     1, 0.0,27.0, 0.0
M3,30/06/22,10:13:02,     1,  8391,   411, 1028.8, 300, 0.0, 0.0, 0.0,  0, 0.0000,     1, 0.0,27.0, 0.0
M3,30/06/22,10:13:03,     1,  8392,   411, 1028.8, 300, 0.0, 0.0, 0.0,  0, 0.0000,     1, 0.0,27.0, 0.0
M3,30/06/22,10:13:04,     1,  8393,   410, 1028.8, 300, 0.0, 0.0, 0.0,  0, 0.0000,     1, 0.0,27.0, 0.0
M3,30/06/22,10:13:05,     1,  8394,   410, 1028.8, 300, 0.0, 0.0, 0.0,  0, 0.0000,     1, 0.0,27.0, 0.0
M3,30/06/22,10:13:06,     1,  8395,   410, 1028.8, 300, 0.0, 0.0, 0.0,  0, 0.0000,     1, 0.0,27.0, 0.0
M3,30/06/22,10:13:07,     1,  8396,   410, 1028.8, 300, 0.0, 0.0, 0.0,  0, 0.0000,     1, 0.0,27.0, 0.0
M3,30/06/22,10:13:08,     1,  8397,   410, 1028.8, 300, 0.0, 0.0, 0.0,  0, 0.0000,     1, 0.0,27.0, 0.0
M3,30/06/22,10:13:09,     1,  8398,   410, 1028.8, 300, 0.0, 0.0, 0.0,  0, 0.0000,     1, 0.0,27.0, 0.0
M3,30/06/22,10:13:10,     1,  8399,   410, 1028.8, 300, 0.0, 0.0, 0.0,  0, 0.0000,     1, 0.0,27.0, 0.0
M3,30/06/22,10:13:11,     1,  8400,   410, 1028.8, 300, 0.0, 0.0, 0.0,  0, 0.0000,     1, 0.0,27.0, 0.0
M3,30/06/22,10:13:12,     1,  8401,   410, 1028.8, 300, 0.0, 0.0, 0.0,  0, 0.0000,     1, 0.0,27.0, 0.0
M3,30/06/22,10:13:13,     1,  8402,   410, 1028.8, 300, 0.0, 0.0, 0.0,  0, 0.0000,     1, 0.0,27.0, 0.0
M3,30/06/22,10:13:14,     1,  8403,   410, 1028.8, 300, 0.0, 0.0, 0.0,  0, 0.0000,     1, 0.0,26.9, 0.0
M3,30/06/22,10:13:15,     1,  8404,   410, 1028.8, 300, 0.0, 0.0, 0.0,  0, 0.0000,     1, 0.0,26.9, 0.0
M3,30/06/22,10:13:16,     1,  8405,   410, 1028.8, 300, 0.0, 0.0, 0.0,  0, 0.0000,     1, 0.0,26.9, 0.0
M3,30/06/22,10:13:17,     1,  8406,   410, 1028.8, 300, 0.0, 0.0, 0.0,  0, 0.0000,     1, 0.0,26.9, 0.0
M3,30/06/22,10:13:18,     1,  8407,   410, 1028.8, 300, 0.0, 0.0, 0.0,  0, 0.0000,     1, 0.0,26.9, 0.0
M3,30/06/22,10:13:19,     1,  8408,   410, 1028.8, 300, 0.0, 0.0, 0.0,  0, 0.0000,     1, 0.0,26.9, 0.0
M3,30/06/22,10:13:20,     1,  8409,   411, 1028.8, 300, 0.0, 0.0, 0.0,  0, 0.0000,     1, 0.0,26.9, 0.0
M3,30/06/22,10:13:21,     1,  8410,   411, 1028.8, 300, 0.0, 0.0, 0.0,  0, 0.0000,     1, 0.0,26.9, 0.0
M3,30/06/22,10:13:22,     1,  8411,   411, 1028.8, 300, 0.0, 0.0, 0.0,  0, 0.0000,     1, 0.0,26.9, 0.0
M3,30/06/22,10:13:23,     1,  8412,   411, 1028.8, 300, 0.0, 0.0, 0.0,  0, 0.0000,     1, 0.0,26.9, 0.0
M3,30/06/22,10:13:24,     1,  8413,   412, 1028.8, 300, 0.0, 0.0, 0.0,  0, 0.0000,     1, 0.0,26.9, 0.0
M3,30/06/22,10:13:25,     1,  8414,   412, 1028.8, 300, 0.0, 0.0, 0.0,  0, 0.0000,     1, 0.0,26.9, 0.0
M3,30/06/22,10:13:26,     1,  8415,   412, 1028.8, 300, 0.0, 0.0, 0.0,  0, 0.0000,     1, 0.0,26.9, 0.0
M3,30/06/22,10:13:27,     1,  8416,   413, 1028.8, 300, 0.0, 0.0, 0.0,  0, 0.0000,     1, 0.0,26.9, 0.0
M3,30/06/22,10:13:28,     1,  8417,   413, 1028.8, 300, 0.0, 0.0, 0.0,  0, 0.0000,     1, 0.0,26.9, 0.0
M3,30/06/22,10:13:29,     1,  8418,   413, 1028.8, 301, 0.0, 0.0, 0.0,  0, 0.0000,     1, 0.0,26.9, 0.0
M3,30/06/22,10:13:30,     1,  8419,   413, 1028.8, 300, 0.0, 0.0, 0.0,  0, 0.0000,     1, 0.0,26.9, 0.0
M3,30/06/22,10:13:31,     1,  8420,   413, 1028.8, 300, 0.0, 0.0, 0.0,  0, 0.0000,     1, 0.0,26.9, 0.0
M3,30/06/22,10:13:32,     1,  8421,   414, 1028.8, 300, 0.0, 0.0, 0.0,  0, 0.0000,     1, 0.0,26.9, 0.0
M3,30/06/22,10:13:33,     1,  8422,   414, 1028.8, 300, 0.0, 0.0, 0.0,  0, 0.0000,     1, 0.0,26.9, 0.0
M3,30/06/22,10:13:34,     1,  8423,   414, 1028.8, 300, 0.0, 0.0, 0.0,  0, 0.0000,     1, 0.0,26.9, 0.0
M3,30/06/22,10:13:35,     1,  8424,   414, 1028.8, 300, 0.0, 0.0, 0.0,  0, 0.0000,     1, 0.0,26.9, 0.0
M3,30/06/22,10:13:36,     1,  8425,   414, 1028.8, 300, 0.0, 0.0, 0.0,  0, 0.0000,     1, 0.0,26.9, 0.0
M3,30/06/22,10:13:37,     1,  8426,   414, 1028.8, 300, 0.0, 0.0, 0.0,  0, 0.0000,     1, 0.0,26.9, 0.0
M3,30/06/22,10:13:38,     1,  8427,   414, 1028.8, 300, 0.0, 0.0, 0.0,  0, 0.0000,     1, 0.0,26.9, 0.0
M3,30/06/22,10:13:39,     1,  8428,   415, 1028.8, 300, 0.0, 0.0, 0.0,  0, 0.0000,     1, 0.0,26.9, 0.0
M3,30/06/22,10:13:40,     1,  8429,   415, 1028.8, 300, 0.0, 0.0, 0.0,  0, 0.0000,     1, 0.0,26.9, 0.0
M3,30/06/22,10:13:41,     1,  8430,   415, 1028.8, 300, 0.0, 0.0, 0.0,  0, 0.0000,     1, 0.0,26.9, 0.0
M3,30/06/22,10:13:42,     1,  8431,   416, 1028.8, 300, 0.0, 0.0, 0.0,  0, 0.0000,     1, 0.0,26.9, 0.0
M3,30/06/22,10:13:43,     1,  8432,   416, 1028.8, 300, 0.0, 0.0, 0.0,  0, 0.0000,     1, 0.0,26.9, 0.0
M3,30/06/22,10:13:44,     1,  8433,   416, 1028.8, 300, 0.0, 0.0, 0.0,  0, 0.0000,     1, 0.0,26.8, 0.0
M3,30/06/22,10:13:45,     1,  8434,   416, 1028.8, 300, 0.0, 0.0, 0.0,  0, 0.0000,     1, 0.0,26.8, 0.0
M3,30/06/22,10:13:46,     1,  8435,   416, 1028.8, 300, 0.0, 0.0, 0.0,  0, 0.0000,     1, 0.0,26.8, 0.0
M3,30/06/22,10:13:47,     1,  8436,   416, 1028.8, 300, 0.0, 0.0, 0.0,  0, 0.0000,     1, 0.0,26.8, 0.0
M3,30/06/22,10:13:48,     1,  8437,   417, 1028.8, 300, 0.0, 0.0, 0.0,  0, 0.0000,     1, 0.0,26.8, 0.0
M3,30/06/22,10:13:49,     1,  8438,   417, 1028.8, 300, 0.0, 0.0, 0.0,  0, 0.0000,     1, 0.0,26.8, 0.0
M3,30/06/22,10:13:50,     1,  8439,   417, 1028.8, 300, 0.0, 0.0, 0.0,  0, 0.0000,     1, 0.0,26.8, 0.0
M3,30/06/22,10:13:51,     1,  8440,   417, 1028.8, 300, 0.0, 0.0, 0.0,  0, 0.0000,     1, 0.0,26.8, 0.0
M3,30/06/22,10:13:52,     1,  8441,   417, 1028.8, 300, 0.0, 0.0, 0.0,  0, 0.0000,     1, 0.0,26.8, 0.0
M3,30/06/22,10:13:53,     1,  8442,   417, 1028.8, 300, 0.0, 0.0, 0.0,  0, 0.0000,     1, 0.0,26.8, 0.0
M3,30/06/22,10:13:54,     1,  8443,   417, 1028.8, 300, 0.0, 0.0, 0.0,  0, 0.0000,     1, 0.0,26.8, 0.0
M3,30/06/22,10:13:55,     1,  8444,   417, 1028.8, 300, 0.0, 0.0, 0.0,  0, 0.0000,     1, 0.0,26.8, 0.0
M3,30/06/22,10:13:56,     1,  8445,   417, 1028.8, 300, 0.0, 0.0, 0.0,  0, 0.0000,     1, 0.0,26.8, 0.0
M3,30/06/22,10:13:57,     1,  8446,   418, 1028.8, 300, 0.0, 0.0, 0.0,  0, 0.0000,     1, 0.0,26.8, 0.0
M3,30/06/22,10:13:58,     1,  8447,   418, 1028.8, 300, 0.0, 0.0, 0.0,  0, 0.0000,     1, 0.0,26.8, 0.0
M3,30/06/22,10:13:59,     1,  8448,   418, 1028.8, 300, 0.0, 0.0, 0.0,  0, 0.0000,     1, 0.0,26.8, 0.0
M3,30/06/22,10:14:00,     1,  8449,   418, 1028.8, 300, 0.0, 0.0, 0.0,  0, 0.0000,     1, 0.0,26.8, 0.0
M3,30/06/22,10:14:01,     1,  8450,   418, 1028.8, 300, 0.0, 0.0, 0.0,  0, 0.0000,     1, 0.0,26.8, 0.0
M3,30/06/22,10:14:02,     1,  8451,   418, 1028.8, 300, 0.0, 0.0, 0.0,  0, 0.0000,     1, 0.0,26.8, 0.0
M3,30/06/22,10:14:03,     1,  8452,   418, 1028.8, 300, 0.0, 0.0, 0.0,  0, 0.0000,     1, 0.0,26.8, 0.0
M3,30/06/22,10:14:04,     1,  8453,   418, 1028.8, 300, 0.0, 0.0, 0.0,  0, 0.0000,     1, 0.0,26.8, 0.0
M3,30/06/22,10:14:05,     1,  8454,   418, 1028.8, 300, 0.0, 0.0, 0.0,  0, 0.0000,     1, 0.0,26.8, 0.0
M3,30/06/22,10:14:06,     1,  8455,   419, 1028.8, 300, 0.0, 0.0, 0.0,  0, 0.0000,     1, 0.0,26.8, 0.0
M3,30/06/22,10:14:07,     1,  8456,   419, 1028.8, 300, 0.0, 0.0, 0.0,  0, 0.0000,     1, 0.0,26.8, 0.0
M3,30/06/22,10:14:08,     1,  8457,   419, 1028.8, 300, 0.0, 0.0, 0.0,  0, 0.0000,     1, 0.0,26.8, 0.0
M3,30/06/22,10:14:09,     1,  8458,   419, 1028.8, 300, 0.0, 0.0, 0.0,  0, 0.0000,     1, 0.0,26.8, 0.0
M3,30/06/22,10:14:10,     1,  8459,   419, 1028.8, 300, 0.0, 0.0, 0.0,  0, 0.0000,     1, 0.0,26.8, 0.0
