Tag(M3),Date,Time,Plot_No,Rec_No,CO2,Pressure,Flow,H2O,Tsen,O2,Error,Aux_V,PAR,Tsoil,Tair,Msoil
M3,29/06/22,11:41:29,     1,  8459,   418, 1026.0, 300, 0.0, 0.0, 0.0, 61, 0.0000,  1515, 0.0,25.7, 0.0
Zero
M3,29/06/22,11:41:56,     1,  8486,   408, 1026.0, 300, 0.0, 0.0, 0.0,  0, 0.0000,  1607, 0.0,26.0, 0.0
M3,29/06/22,11:41:58,     1,  8487,   410, 1026.0, 300, 0.0, 0.0, 0.0,  0, 0.0000,  1606, 0.0,26.0, 0.0
M3,29/06/22,11:41:59,     1,  8488,   410, 1026.0, 300, 0.0, 0.0, 0.0,  0, 0.0000,  1605, 0.0,26.0, 0.0
M3,29/06/22,11:42:00,     1,  8489,   411, 1026.0, 300, 0.0, 0.0, 0.0,  0, 0.0000,  1605, 0.0,26.0, 0.0
M3,29/06/22,11:42:01,     1,  8490,   411, 1026.0, 300, 0.0, 0.0, 0.0,  0, 0.0000,  1605, 0.0,26.0, 0.0
M3,29/06/22,11:42:02,     1,  8491,   411, 1026.0, 300, 0.0, 0.0, 0.0,  0, 0.0000,  1605, 0.0,26.0, 0.0
M3,29/06/22,11:42:03,     1,  8492,   410, 1026.0, 300, 0.0, 0.0, 0.0,  0, 0.0000,  1607, 0.0,26.1, 0.0
M3,29/06/22,11:42:04,     1,  8493,   411, 1026.0, 300, 0.0, 0.0, 0.0,  0, 0.0000,  1608, 0.0,26.1, 0.0
M3,29/06/22,11:42:05,     1,  8494,   411, 1026.0, 300, 0.0, 0.0, 0.0,  0, 0.0000,  1608, 0.0,26.1, 0.0
M3,29/06/22,11:42:06,     1,  8495,   410, 1026.0, 300, 0.0, 0.0, 0.0,  0, 0.0000,  1608, 0.0,26.1, 0.0
M3,29/06/22,11:42:07,     1,  8496,   410, 1026.0, 300, 0.0, 0.0, 0.0,  0, 0.0000,  1608, 0.0,26.1, 0.0
M3,29/06/22,11:42:08,     1,  8497,   410, 1026.0, 300, 0.0, 0.0, 0.0,  0, 0.0000,  1608, 0.0,26.1, 0.0
M3,29/06/22,11:42:09,     1,  8498,   410, 1026.0, 300, 0.0, 0.0, 0.0,  0, 0.0000,  1609, 0.0,26.1, 0.0
M3,29/06/22,11:42:10,     1,  8499,   410, 1026.0, 300, 0.0, 0.0, 0.0,  0, 0.0000,  1609, 0.0,26.1, 0.0
M3,29/06/22,11:42:11,     1,  8500,   411, 1026.0, 300, 0.0, 0.0, 0.0,  0, 0.0000,  1610, 0.0,26.1, 0.0
M3,29/06/22,11:42:12,     1,  8501,   411, 1026.0, 300, 0.0, 0.0, 0.0,  0, 0.0000,  1610, 0.0,26.1, 0.0
M3,29/06/22,11:42:13,     1,  8502,   411, 1026.0, 300, 0.0, 0.0, 0.0,  0, 0.0000,  1610, 0.0,26.1, 0.0
M3,29/06/22,11:42:14,     1,  8503,   411, 1026.0, 300, 0.0, 0.0, 0.0,  0, 0.0000,  1610, 0.0,26.1, 0.0
M3,29/06/22,11:42:15,     1,  8504,   411, 1026.0, 300, 0.0, 0.0, 0.0,  0, 0.0000,  1610, 0.0,26.1, 0.0
M3,29/06/22,11:42:16,     1,  8505,   410, 1026.0, 300, 0.0, 0.0, 0.0,  0, 0.0000,  1609, 0.0,26.1, 0.0
M3,29/06/22,11:42:17,     1,  8506,   410, 1026.0, 300, 0.0, 0.0, 0.0,  0, 0.0000,  1608, 0.0,26.1, 0.0
M3,29/06/22,11:42:18,     1,  8507,   410, 1026.0, 300, 0.0, 0.0, 0.0,  0, 0.0000,  1608, 0.0,26.1, 0.0
M3,29/06/22,11:42:19,     1,  8508,   410, 1026.0, 300, 0.0, 0.0, 0.0,  0, 0.0000,  1607, 0.0,26.2, 0.0
M3,29/06/22,11:42:20,     1,  8509,   410, 1026.0, 300, 0.0, 0.0, 0.0,  0, 0.0000,  1606, 0.0,26.2, 0.0
M3,29/06/22,11:42:21,     1,  8510,   410, 1026.0, 300, 0.0, 0.0, 0.0,  0, 0.0000,  1605, 0.0,26.2, 0.0
M3,29/06/22,11:42:22,     1,  8511,   410, 1026.0, 300, 0.0, 0.0, 0.0,  0, 0.0000,  1605, 0.0,26.2, 0.0
M3,29/06/22,11:42:23,     1,  8512,   410, 1026.0, 300, 0.0, 0.0, 0.0,  0, 0.0000,  1604, 0.0,26.2, 0.0
M3,29/06/22,11:42:24,     1,  8513,   410, 1026.0, 300, 0.0, 0.0, 0.0,  0, 0.0000,  1604, 0.0,26.2, 0.0
M3,29/06/22,11:42:25,     1,  8514,   410, 1026.0, 300, 0.0, 0.0, 0.0,  0, 0.0000,  1604, 0.0,26.2, 0.0
M3,29/06/22,11:42:26,     1,  8515,   410, 1026.0, 300, 0.0, 0.0, 0.0,  0, 0.0000,  1604, 0.0,26.2, 0.0
M3,29/06/22,11:42:27,     1,  8516,   410, 1026.0, 300, 0.0, 0.0, 0.0,  0, 0.0000,  1604, 0.0,26.2, 0.0
M3,29/06/22,11:42:28,     1,  8517,   410, 1026.0, 300, 0.0, 0.0, 0.0,  0, 0.0000,  1604, 0.0,26.2, 0.0
M3,29/06/22,11:42:29,     1,  8518,   410, 1026.0, 300, 0.0, 0.0, 0.0,  0, 0.0000,  1604, 0.0,26.2, 0.0
M3,29/06/22,11:42:30,     1,  8519,   410, 1026.0, 300, 0.0, 0.0, 0.0,  0, 0.0000,  1605, 0.0,26.2, 0.0
M3,29/06/22,11:42:31,     1,  8520,   410, 1026.0, 300, 0.0, 0.0, 0.0,  0, 0.0000,  1606, 0.0,26.2, 0.0
M3,29/06/22,11:42:32,     1,  8521,   409, 1026.0, 300, 0.0, 0.0, 0.0,  0, 0.0000,  1607, 0.0,26.2, 0.0
M3,29/06/22,11:42:33,     1,  8522,   409, 1026.0, 300, 0.0, 0.0, 0.0,  0, 0.0000,  1607, 0.0,26.2, 0.0
M3,29/06/22,11:42:34,     1,  8523,   409, 1026.0, 300, 0.0, 0.0, 0.0,  0, 0.0000,  1605, 0.0,26.2, 0.0
M3,29/06/22,11:42:35,     1,  8524,   409, 1026.0, 300, 0.0, 0.0, 0.0,  0, 0.0000,  1604, 0.0,26.2, 0.0
M3,29/06/22,11:42:36,     1,  8525,   409, 1026.0, 300, 0.0, 0.0, 0.0,  0, 0.0000,  1603, 0.0,26.2, 0.0
M3,29/06/22,11:42:37,     1,  8526,   409, 1026.0, 300, 0.0, 0.0, 0.0,  0, 0.0000,  1602, 0.0,26.3, 0.0
M3,29/06/22,11:42:38,     1,  8527,   409, 1026.0, 300, 0.0, 0.0, 0.0,  0, 0.0000,  1601, 0.0,26.3, 0.0
M3,29/06/22,11:42:39,     1,  8528,   409, 1026.0, 300, 0.0, 0.0, 0.0,  0, 0.0000,  1596, 0.0,26.3, 0.0
M3,29/06/22,11:42:40,     1,  8529,   409, 1026.0, 300, 0.0, 0.0, 0.0,  0, 0.0000,  1592, 0.0,26.3, 0.0
M3,29/06/22,11:42:41,     1,  8530,   409, 1026.0, 300, 0.0, 0.0, 0.0,  0, 0.0000,  1587, 0.0,26.3, 0.0
M3,29/06/22,11:42:42,     1,  8531,   409, 1026.0, 300, 0.0, 0.0, 0.0,  0, 0.0000,  1584, 0.0,26.3, 0.0
M3,29/06/22,11:42:43,     1,  8532,   409, 1026.0, 300, 0.0, 0.0, 0.0,  0, 0.0000,  1582, 0.0,26.3, 0.0
M3,29/06/22,11:42:44,     1,  8533,   409, 1026.0, 300, 0.0, 0.0, 0.0,  0, 0.0000,  1582, 0.0,26.3, 0.0
M3,29/06/22,11:42:45,     1,  8534,   409, 1026.0, 300, 0.0, 0.0, 0.0,  0, 0.0000,  1583, 0.0,26.3, 0.0
M3,29/06/22,11:42:46,     1,  8535,   409, 1026.0, 300, 0.0, 0.0, 0.0,  0, 0.0000,  1584, 0.0,26.3, 0.0
M3,29/06/22,11:42:47,     1,  8536,   409, 1026.0, 300, 0.0, 0.0, 0.0,  0, 0.0000,  1585, 0.0,26.3, 0.0
M3,29/06/22,11:42:48,     1,  8537,   409, 1026.0, 300, 0.0, 0.0, 0.0,  0, 0.0000,  1585, 0.0,26.3, 0.0
M3,29/06/22,11:42:49,     1,  8538,   409, 1026.0, 299, 0.0, 0.0, 0.0,  0, 0.0000,  1585, 0.0,26.3, 0.0
M3,29/06/22,11:42:50,     1,  8539,   409, 1026.0, 299, 0.0, 0.0, 0.0,  0, 0.0000,  1584, 0.0,26.3, 0.0
M3,29/06/22,11:42:51,     1,  8540,   409, 1026.0, 300, 0.0, 0.0, 0.0,  0, 0.0000,  1585, 0.0,26.3, 0.0
M3,29/06/22,11:42:52,     1,  8541,   409, 1026.0, 301, 0.0, 0.0, 0.0,  0, 0.0000,  1586, 0.0,26.3, 0.0
M3,29/06/22,11:42:53,     1,  8542,   409, 1026.0, 300, 0.0, 0.0, 0.0,  0, 0.0000,  1587, 0.0,26.3, 0.0
M3,29/06/22,11:42:54,     1,  8543,   409, 1026.0, 300, 0.0, 0.0, 0.0,  0, 0.0000,  1587, 0.0,26.3, 0.0
M3,29/06/22,11:42:55,     1,  8544,   408, 1026.0, 300, 0.0, 0.0, 0.0,  0, 0.0000,  1588, 0.0,26.3, 0.0
M3,29/06/22,11:42:56,     1,  8545,   408, 1026.0, 300, 0.0, 0.0, 0.0,  0, 0.0000,  1589, 0.0,26.4, 0.0
M3,29/06/22,11:42:57,     1,  8546,   408, 1026.0, 300, 0.0, 0.0, 0.0,  0, 0.0000,  1592, 0.0,26.4, 0.0
M3,29/06/22,11:42:58,     1,  8547,   408, 1026.0, 300, 0.0, 0.0, 0.0,  0, 0.0000,  1595, 0.0,26.4, 0.0
M3,29/06/22,11:42:59,     1,  8548,   408, 1026.0, 300, 0.0, 0.0, 0.0,  0, 0.0000,  1598, 0.0,26.4, 0.0
M3,29/06/22,11:43:00,     1,  8549,   408, 1026.0, 300, 0.0, 0.0, 0.0,  0, 0.0000,  1600, 0.0,26.4, 0.0
M3,29/06/22,11:43:01,     1,  8550,   408, 1026.0, 300, 0.0, 0.0, 0.0,  0, 0.0000,  1601, 0.0,26.4, 0.0
M3,29/06/22,11:43:02,     1,  8551,   408, 1026.0, 300, 0.0, 0.0, 0.0,  0, 0.0000,  1603, 0.0,26.4, 0.0
M3,29/06/22,11:43:03,     1,  8552,   407, 1026.0, 300, 0.0, 0.0, 0.0,  0, 0.0000,  1605, 0.0,26.4, 0.0
M3,29/06/22,11:43:04,     1,  8553,   407, 1026.0, 300, 0.0, 0.0, 0.0,  0, 0.0000,  1606, 0.0,26.4, 0.0
M3,29/06/22,11:43:05,     1,  8554,   407, 1026.0, 300, 0.0, 0.0, 0.0,  0, 0.0000,  1607, 0.0,26.4, 0.0
M3,29/06/22,11:43:06,     1,  8555,   407, 1026.0, 300, 0.0, 0.0, 0.0,  0, 0.0000,  1608, 0.0,26.4, 0.0
M3,29/06/22,11:43:07,     1,  8556,   407, 1026.0, 300, 0.0, 0.0, 0.0,  0, 0.0000,  1608, 0.0,26.4, 0.0
M3,29/06/22,11:43:08,     1,  8557,   407, 1026.0, 299, 0.0, 0.0, 0.0,  0, 0.0000,  1608, 0.0,26.4, 0.0
M3,29/06/22,11:43:09,     1,  8558,   407, 1026.0, 300, 0.0, 0.0, 0.0,  0, 0.0000,  1607, 0.0,26.4, 0.0
M3,29/06/22,11:43:10,     1,  8559,   407, 1026.0, 300, 0.0, 0.0, 0.0,  0, 0.0000,  1606, 0.0,26.4, 0.0
M3,29/06/22,11:43:11,     1,  8560,   407, 1026.0, 300, 0.0, 0.0, 0.0,  0, 0.0000,  1606, 0.0,26.4, 0.0
M3,29/06/22,11:43:12,     1,  8561,   407, 1026.0, 300, 0.0, 0.0, 0.0,  0, 0.0000,  1606, 0.0,26.4, 0.0
M3,29/06/22,11:43:13,     1,  8562,   407, 1026.0, 300, 0.0, 0.0, 0.0,  0, 0.0000,  1606, 0.0,26.4, 0.0
M3,29/06/22,11:43:14,     1,  8563,   406, 1026.0, 300, 0.0, 0.0, 0.0,  0, 0.0000,  1607, 0.0,26.4, 0.0
M3,29/06/22,11:43:15,     1,  8564,   406, 1026.0, 300, 0.0, 0.0, 0.0,  0, 0.0000,  1609, 0.0,26.4, 0.0
M3,29/06/22,11:43:16,     1,  8565,   407, 1026.0, 300, 0.0, 0.0, 0.0,  0, 0.0000,  1610, 0.0,26.4, 0.0
M3,29/06/22,11:43:17,     1,  8566,   406, 1026.0, 300, 0.0, 0.0, 0.0,  0, 0.0000,  1610, 0.0,26.5, 0.0
M3,29/06/22,11:43:18,     1,  8567,   406, 1026.0, 300, 0.0, 0.0, 0.0,  0, 0.0000,  1611, 0.0,26.5, 0.0
M3,29/06/22,11:43:19,     1,  8568,   406, 1026.0, 300, 0.0, 0.0, 0.0,  0, 0.0000,  1611, 0.0,26.5, 0.0
M3,29/06/22,11:43:20,     1,  8569,   406, 1026.0, 300, 0.0, 0.0, 0.0,  0, 0.0000,  1612, 0.0,26.5, 0.0
M3,29/06/22,11:43:21,     1,  8570,   406, 1026.0, 300, 0.0, 0.0, 0.0,  0, 0.0000,  1612, 0.0,26.5, 0.0
M3,29/06/22,11:43:22,     1,  8571,   406, 1026.0, 300, 0.0, 0.0, 0.0,  0, 0.0000,  1612, 0.0,26.5, 0.0
M3,29/06/22,11:43:23,     1,  8572,   406, 1026.0, 300, 0.0, 0.0, 0.0,  0, 0.0000,  1613, 0.0,26.5, 0.0
M3,29/06/22,11:43:24,     1,  8573,   406, 1026.0, 300, 0.0, 0.0, 0.0,  0, 0.0000,  1613, 0.0,26.5, 0.0
M3,29/06/22,11:43:25,     1,  8574,   406, 1026.0, 300, 0.0, 0.0, 0.0,  0, 0.0000,  1613, 0.0,26.5, 0.0
M3,29/06/22,11:43:26,     1,  8575,   405, 1026.0, 300, 0.0, 0.0, 0.0,  0, 0.0000,  1614, 0.0,26.5, 0.0
M3,29/06/22,11:43:27,     1,  8576,   405, 1026.0, 300, 0.0, 0.0, 0.0,  0, 0.0000,  1616, 0.0,26.5, 0.0
M3,29/06/22,11:43:28,     1,  8577,   404, 1026.0, 300, 0.0, 0.0, 0.0,  0, 0.0000,  1616, 0.0,26.5, 0.0
M3,29/06/22,11:43:29,     1,  8578,   405, 1026.0, 300, 0.0, 0.0, 0.0,  0, 0.0000,  1617, 0.0,26.5, 0.0
M3,29/06/22,11:43:30,     1,  8579,   405, 1026.0, 300, 0.0, 0.0, 0.0,  0, 0.0000,  1617, 0.0,26.5, 0.0
M3,29/06/22,11:43:31,     1,  8580,   405, 1026.0, 300, 0.0, 0.0, 0.0,  0, 0.0000,  1616, 0.0,26.5, 0.0
M3,29/06/22,11:43:32,     1,  8581,   405, 1026.0, 300, 0.0, 0.0, 0.0,  0, 0.0000,  1615, 0.0,26.5, 0.0
M3,29/06/22,11:43:33,     1,  8582,   405, 1026.0, 300, 0.0, 0.0, 0.0,  0, 0.0000,  1613, 0.0,26.5, 0.0
M3,29/06/22,11:43:34,     1,  8583,   405, 1026.0, 300, 0.0, 0.0, 0.0,  0, 0.0000,  1611, 0.0,26.5, 0.0
M3,29/06/22,11:43:35,     1,  8584,   404, 1026.0, 300, 0.0, 0.0, 0.0,  0, 0.0000,  1607, 0.0,26.5, 0.0
M3,29/06/22,11:43:36,     1,  8585,   404, 1026.0, 300, 0.0, 0.0, 0.0,  0, 0.0000,  1604, 0.0,26.5, 0.0
M3,29/06/22,11:43:37,     1,  8586,   404, 1026.0, 300, 0.0, 0.0, 0.0,  0, 0.0000,  1602, 0.0,26.6, 0.0
M3,29/06/22,11:43:38,     1,  8587,   404, 1026.0, 300, 0.0, 0.0, 0.0,  0, 0.0000,  1600, 0.0,26.6, 0.0
M3,29/06/22,11:43:39,     1,  8588,   404, 1026.0, 300, 0.0, 0.0, 0.0,  0, 0.0000,  1599, 0.0,26.6, 0.0
M3,29/06/22,11:43:40,     1,  8589,   404, 1026.0, 300, 0.0, 0.0, 0.0,  0, 0.0000,  1599, 0.0,26.6, 0.0
M3,29/06/22,11:43:41,     1,  8590,   404, 1026.0, 300, 0.0, 0.0, 0.0,  0, 0.0000,  1600, 0.0,26.6, 0.0
M3,29/06/22,11:43:42,     1,  8591,   404, 1026.0, 300, 0.0, 0.0, 0.0,  0, 0.0000,  1598, 0.0,26.6, 0.0
M3,29/06/22,11:43:43,     1,  8592,   404, 1026.0, 300, 0.0, 0.0, 0.0,  0, 0.0000,  1598, 0.0,26.6, 0.0
M3,29/06/22,11:43:44,     1,  8593,   404, 1026.0, 300, 0.0, 0.0, 0.0,  0, 0.0000,  1596, 0.0,26.6, 0.0
M3,29/06/22,11:43:45,     1,  8594,   405, 1025.9, 300, 0.0, 0.0, 0.0,  0, 0.0000,  1595, 0.0,26.6, 0.0
M3,29/06/22,11:43:46,     1,  8595,   405, 1025.9, 300, 0.0, 0.0, 0.0,  0, 0.0000,  1595, 0.0,26.6, 0.0
M3,29/06/22,11:43:47,     1,  8596,   404, 1025.9, 300, 0.0, 0.0, 0.0,  0, 0.0000,  1596, 0.0,26.6, 0.0
M3,29/06/22,11:43:48,     1,  8597,   404, 1025.9, 300, 0.0, 0.0, 0.0,  0, 0.0000,  1595, 0.0,26.6, 0.0
M3,29/06/22,11:43:49,     1,  8598,   404, 1025.9, 300, 0.0, 0.0, 0.0,  0, 0.0000,  1593, 0.0,26.6, 0.0
M3,29/06/22,11:43:50,     1,  8599,   404, 1025.9, 300, 0.0, 0.0, 0.0,  0, 0.0000,  1592, 0.0,26.6, 0.0
M3,29/06/22,11:43:51,     1,  8600,   403, 1025.9, 300, 0.0, 0.0, 0.0,  0, 0.0000,  1591, 0.0,26.6, 0.0
M3,29/06/22,11:43:52,     1,  8601,   403, 1025.9, 300, 0.0, 0.0, 0.0,  0, 0.0000,  1590, 0.0,26.6, 0.0
M3,29/06/22,11:43:53,     1,  8602,   403, 1025.9, 300, 0.0, 0.0, 0.0,  0, 0.0000,  1588, 0.0,26.6, 0.0
M3,29/06/22,11:43:54,     1,  8603,   403, 1025.9, 300, 0.0, 0.0, 0.0,  0, 0.0000,  1589, 0.0,26.6, 0.0
M3,29/06/22,11:43:55,     1,  8604,   403, 1025.9, 300, 0.0, 0.0, 0.0,  0, 0.0000,  1591, 0.0,26.6, 0.0
M3,29/06/22,11:43:56,     1,  8605,   403, 1025.9, 300, 0.0, 0.0, 0.0,  0, 0.0000,  1592, 0.0,26.6, 0.0
M3,29/06/22,11:43:57,     1,  8606,   403, 1025.9, 300, 0.0, 0.0, 0.0,  0, 0.0000,  1591, 0.0,26.6, 0.0
M3,29/06/22,11:43:58,     1,  8607,   403, 1025.9, 300, 0.0, 0.0, 0.0,  0, 0.0000,  1589, 0.0,26.6, 0.0
M3,29/06/22,11:43:59,     1,  8608,   403, 1025.9, 300, 0.0, 0.0, 0.0,  0, 0.0000,  1589, 0.0,26.6, 0.0
M3,29/06/22,11:44:00,     1,  8609,   403, 1025.9, 300, 0.0, 0.0, 0.0,  0, 0.0000,  1588, 0.0,26.6, 0.0
M3,29/06/22,11:44:01,     1,  8610,   403, 1025.9, 300, 0.0, 0.0, 0.0,  0, 0.0000,  1587, 0.0,26.7, 0.0
M3,29/06/22,11:44:02,     1,  8611,   403, 1025.9, 300, 0.0, 0.0, 0.0,  0, 0.0000,  1588, 0.0,26.7, 0.0
M3,29/06/22,11:44:03,     1,  8612,   403, 1026.0, 300, 0.0, 0.0, 0.0,  0, 0.0000,  1588, 0.0,26.7, 0.0
M3,29/06/22,11:44:04,     1,  8613,   403, 1026.0, 300, 0.0, 0.0, 0.0,  0, 0.0000,  1587, 0.0,26.7, 0.0
M3,29/06/22,11:44:05,     1,  8614,   403, 1026.0, 300, 0.0, 0.0, 0.0,  0, 0.0000,  1586, 0.0,26.7, 0.0
M3,29/06/22,11:44:06,     1,  8615,   403, 1026.0, 300, 0.0, 0.0, 0.0,  0, 0.0000,  1584, 0.0,26.7, 0.0
M3,29/06/22,11:44:07,     1,  8616,   404, 1026.0, 300, 0.0, 0.0, 0.0,  0, 0.0000,  1581, 0.0,26.7, 0.0
M3,29/06/22,11:44:08,     1,  8617,   404, 1026.0, 300, 0.0, 0.0, 0.0,  0, 0.0000,  1578, 0.0,26.7, 0.0
M3,29/06/22,11:44:09,     1,  8618,   404, 1026.0, 300, 0.0, 0.0, 0.0,  0, 0.0000,  1577, 0.0,26.7, 0.0
M3,29/06/22,11:44:10,     1,  8619,   404, 1026.0, 300, 0.0, 0.0, 0.0,  0, 0.0000,  1575, 0.0,26.7, 0.0
M3,29/06/22,11:44:11,     1,  8620,   404, 1026.0, 300, 0.0, 0.0, 0.0,  0, 0.0000,  1575, 0.0,26.7, 0.0
M3,29/06/22,11:44:12,     1,  8621,   404, 1026.0, 300, 0.0, 0.0, 0.0,  0, 0.0000,  1576, 0.0,26.7, 0.0
M3,29/06/22,11:44:13,     1,  8622,   403, 1025.9, 300, 0.0, 0.0, 0.0,  0, 0.0000,  1577, 0.0,26.7, 0.0
M3,29/06/22,11:44:14,     1,  8623,   403, 1025.9, 300, 0.0, 0.0, 0.0,  0, 0.0000,  1576, 0.0,26.7, 0.0
M3,29/06/22,11:44:15,     1,  8624,   403, 1025.9, 300, 0.0, 0.0, 0.0,  0, 0.0000,  1577, 0.0,26.7, 0.0
M3,29/06/22,11:44:16,     1,  8625,   403, 1025.9, 300, 0.0, 0.0, 0.0,  0, 0.0000,  1576, 0.0,26.7, 0.0
M3,29/06/22,11:44:17,     1,  8626,   403, 1025.9, 300, 0.0, 0.0, 0.0,  0, 0.0000,  1576, 0.0,26.7, 0.0
M3,29/06/22,11:44:18,     1,  8627,   403, 1025.9, 300, 0.0, 0.0, 0.0,  0, 0.0000,  1576, 0.0,26.7, 0.0
M3,29/06/22,11:44:19,     1,  8628,   403, 1025.9, 300, 0.0, 0.0, 0.0,  0, 0.0000,  1575, 0.0,26.7, 0.0
M3,29/06/22,11:44:20,     1,  8629,   403, 1025.9, 300, 0.0, 0.0, 0.0,  0, 0.0000,  1574, 0.0,26.7, 0.0
M3,29/06/22,11:44:22,     1,  8630,   403, 1025.9, 300, 0.0, 0.0, 0.0,  0, 0.0000,  1574, 0.0,26.7, 0.0
M3,29/06/22,11:44:23,     1,  8631,   403, 1025.9, 300, 0.0, 0.0, 0.0,  0, 0.0000,  1572, 0.0,26.7, 0.0
M3,29/06/22,11:44:24,     1,  8632,   403, 1025.9, 300, 0.0, 0.0, 0.0,  0, 0.0000,  1570, 0.0,26.7, 0.0
M3,29/06/22,11:44:25,     1,  8633,   404, 1025.9, 300, 0.0, 0.0, 0.0,  0, 0.0000,  1569, 0.0,26.8, 0.0
M3,29/06/22,11:44:26,     1,  8634,   404, 1025.9, 300, 0.0, 0.0, 0.0,  0, 0.0000,  1568, 0.0,26.8, 0.0
M3,29/06/22,11:44:27,     1,  8635,   403, 1025.9, 300, 0.0, 0.0, 0.0,  0, 0.0000,  1566, 0.0,26.8, 0.0
M3,29/06/22,11:44:28,     1,  8636,   403, 1025.9, 300, 0.0, 0.0, 0.0,  0, 0.0000,  1580, 0.0,26.8, 0.0
M3,29/06/22,11:44:29,     1,  8637,   403, 1025.9, 300, 0.0, 0.0, 0.0,  0, 0.0000,  1534, 0.0,26.8, 0.0
M3,29/06/22,11:44:30,     1,  8638,   403, 1025.9, 300, 0.0, 0.0, 0.0,  0, 0.0000,  1457, 0.0,26.8, 0.0
M3,29/06/22,11:44:31,     1,  8639,   403, 1025.9, 300, 0.0, 0.0, 0.0,  0, 0.0000,  1462, 0.0,26.8, 0.0
M3,29/06/22,11:44:32,     1,  8640,   404, 1025.9, 300, 0.0, 0.0, 0.0,  0, 0.0000,  1452, 0.0,26.7, 0.0
M3,29/06/22,11:44:33,     1,  8641,   404, 1025.9, 300, 0.0, 0.0, 0.0,  0, 0.0000,  1405, 0.0,26.7, 0.0
M3,29/06/22,11:44:34,     1,  8642,   404, 1025.9, 300, 0.0, 0.0, 0.0,  0, 0.0000,  1293, 0.0,26.7, 0.0
M3,29/06/22,11:44:35,     1,  8643,   405, 1025.9, 300, 0.0, 0.0, 0.0,  0, 0.0000,  1289, 0.0,26.7, 0.0
M3,29/06/22,11:44:36,     1,  8644,   407, 1025.9, 300, 0.0, 0.0, 0.0,  0, 0.0000,  1302, 0.0,26.6, 0.0
M3,29/06/22,11:44:37,     1,  8645,   408, 1025.9, 300, 0.0, 0.0, 0.0,  0, 0.0000,  1347, 0.0,26.6, 0.0
M3,29/06/22,11:44:38,     1,  8646,   410, 1025.9, 300, 0.0, 0.0, 0.0,  0, 0.0000,  1368, 0.0,26.6, 0.0
M3,29/06/22,11:44:39,     1,  8647,   411, 1025.9, 300, 0.0, 0.0, 0.0,  0, 0.0000,  1358, 0.0,26.6, 0.0
M3,29/06/22,11:44:40,     1,  8648,   412, 1025.9, 300, 0.0, 0.0, 0.0,  0, 0.0000,  1315, 0.0,26.5, 0.0
M3,29/06/22,11:44:41,     1,  8649,   413, 1025.9, 300, 0.0, 0.0, 0.0,  0, 0.0000,  1301, 0.0,26.5, 0.0
M3,29/06/22,11:44:42,     1,  8650,   414, 1025.9, 300, 0.0, 0.0, 0.0,  0, 0.0000,  1301, 0.0,26.4, 0.0
M3,29/06/22,11:44:43,     1,  8651,   414, 1025.9, 300, 0.0, 0.0, 0.0,  0, 0.0000,  1294, 0.0,26.4, 0.0
M3,29/06/22,11:44:44,     1,  8652,   415, 1025.9, 300, 0.0, 0.0, 0.0,  0, 0.0000,  1304, 0.0,26.4, 0.0
M3,29/06/22,11:44:45,     1,  8653,   415, 1025.9, 300, 0.0, 0.0, 0.0,  0, 0.0000,  1309, 0.0,26.4, 0.0
M3,29/06/22,11:44:46,     1,  8654,   415, 1025.9, 300, 0.0, 0.0, 0.0,  0, 0.0000,  1304, 0.0,26.4, 0.0
M3,29/06/22,11:44:47,     1,  8655,   415, 1025.9, 300, 0.0, 0.0, 0.0,  0, 0.0000,  1300, 0.0,26.4, 0.0
M3,29/06/22,11:44:48,     1,  8656,   415, 1025.9, 300, 0.0, 0.0, 0.0,  0, 0.0000,  1314, 0.0,26.4, 0.0
M3,29/06/22,11:44:49,     1,  8657,   416, 1025.9, 300, 0.0, 0.0, 0.0,  0, 0.0000,  1305, 0.0,26.4, 0.0
M3,29/06/22,11:44:50,     1,  8658,   416, 1025.9, 300, 0.0, 0.0, 0.0,  0, 0.0000,  1294, 0.0,26.4, 0.0
M3,29/06/22,11:44:51,     1,  8659,   416, 1025.9, 300, 0.0, 0.0, 0.0,  0, 0.0000,  1310, 0.0,26.4, 0.0
M3,29/06/22,11:44:52,     1,  8660,   416, 1025.9, 300, 0.0, 0.0, 0.0,  0, 0.0000,  1316, 0.0,26.4, 0.0
M3,29/06/22,11:44:53,     1,  8661,   416, 1025.9, 300, 0.0, 0.0, 0.0,  0, 0.0000,  1315, 0.0,26.4, 0.0
M3,29/06/22,11:44:54,     1,  8662,   416, 1025.9, 300, 0.0, 0.0, 0.0,  0, 0.0000,  1326, 0.0,26.4, 0.0
