Tag(M3),Date,Time,Plot_No,Rec_No,CO2,Pressure,Flow,H2O,Tsen,O2,Error,Aux_V,PAR,Tsoil,Tair,Msoil
M3,30/06/22,10:42:11,     1, 10127,   405, 1028.9, 300, 0.0, 0.0, 0.0, 61, 0.0000,   475, 0.0,28.4, 	 220M3,30/06/22,10:42:12,     1, 10128,   405, 1028.9, 300, 0.0, 0.0, 0.0,  0, 0.0000,   476, 0.0,28.4, 0.0
M3,30/06/22,10:42:13,     1, 10129,   405, 1028.9, 300, 0.0, 0.0, 0.0, 52, 0.0000,   476, 0.0,28.4, 0.0
M3,30/06/22,10:42:14,     1, 10130,   405, 1028.9, 300, 0.0, 0.0, 0.0,  0, 0.0000,   476, 0.0,28.4, 0.0
M3,30/06/22,10:42:15,     1, 10131,   405, 1028.9, 300, 0.0, 0.0, 0.0,  0, 0.0000,   476, 0.0,28.4, 0.0
M3,30/06/22,10:42:16,     1, 10132,   405, 1028.9, 300, 0.0, 0.0, 0.0,  0, 0.0000,   476, 0.0,28.4, 0.0
M3,30/06/22,10:42:17,     1, 10133,   404, 1028.9, 300, 0.0, 0.0, 0.0,  0, 0.0000,   476, 0.0,28.4, 0.0
M3,30/06/22,10:42:18,     1, 10134,   404, 1028.9, 300, 0.0, 0.0, 0.0,  0, 0.0000,   476, 0.0,28.4, 0.0
M3,30/06/22,10:42:19,     1, 10135,   404, 1028.9, 300, 0.0, 0.0, 0.0,  0, 0.0000,   476, 0.0,28.4, 0.0
M3,30/06/22,10:42:20,     1, 10136,   404, 1028.9, 300, 0.0, 0.0, 0.0,  0, 0.0000,   476, 0.0,28.3, 0.0
M3,30/06/22,10:42:21,     1, 10137,   404, 1028.9, 300, 0.0, 0.0, 0.0,  0, 0.0000,   475, 0.0,28.3, 0.0
M3,30/06/22,10:42:22,     1, 10138,   404, 1028.9, 300, 0.0, 0.0, 0.0,  0, 0.0000,   475, 0.0,28.3, 0.0
M3,30/06/22,10:42:23,     1, 10139,   403, 1028.9, 300, 0.0, 0.0, 0.0,  0, 0.0000,   475, 0.0,28.3, 0.0
M3,30/06/22,10:42:24,     1, 10140,   404, 1028.9, 300, 0.0, 0.0, 0.0,  0, 0.0000,   475, 0.0,28.4, 0.0
M3,30/06/22,10:42:25,     1, 10141,   404, 1028.9, 300, 0.0, 0.0, 0.0,  0, 0.0000,   475, 0.0,28.3, 0.0
M3,30/06/22,10:42:26,     1, 10142,   404, 1028.9, 300, 0.0, 0.0, 0.0,  0, 0.0000,   474, 0.0,28.3, 0.0
M3,30/06/22,10:42:27,     1, 10143,   403, 1028.9, 300, 0.0, 0.0, 0.0,  0, 0.0000,   474, 0.0,28.3, 0.0
M3,30/06/22,10:42:28,     1, 10144,   403, 1028.9, 300, 0.0, 0.0, 0.0,  0, 0.0000,   473, 0.0,28.3, 0.0
M3,30/06/22,10:42:29,     1, 10145,   403, 1028.9, 300, 0.0, 0.0, 0.0,  0, 0.0000,   473, 0.0,28.3, 0.0
M3,30/06/22,10:42:30,     1, 10146,   403, 1028.9, 300, 0.0, 0.0, 0.0,  0, 0.0000,   473, 0.0,28.3, 0.0
M3,30/06/22,10:42:31,     1, 10147,   403, 1028.9, 300, 0.0, 0.0, 0.0,  0, 0.0000,   473, 0.0,28.3, 0.0
M3,30/06/22,10:42:32,     1, 10148,   403, 1028.9, 300, 0.0, 0.0, 0.0,  0, 0.0000,   473, 0.0,28.3, 0.0
M3,30/06/22,10:42:33,     1, 10149,   402, 1028.9, 300, 0.0, 0.0, 0.0,  0, 0.0000,   472, 0.0,28.3, 0.0
M3,30/06/22,10:42:34,     1, 10150,   402, 1029.0, 300, 0.0, 0.0, 0.0,  0, 0.0000,   472, 0.0,28.3, 0.0
M3,30/06/22,10:42:35,     1, 10151,   402, 1029.0, 300, 0.0, 0.0, 0.0,  0, 0.0000,   472, 0.0,28.3, 0.0
M3,30/06/22,10:42:36,     1, 10152,   402, 1029.0, 300, 0.0, 0.0, 0.0,  0, 0.0000,   471, 0.0,28.3, 0.0
M3,30/06/22,10:42:37,     1, 10153,   402, 1029.0, 300, 0.0, 0.0, 0.0,  0, 0.0000,   471, 0.0,28.3, 0.0
M3,30/06/22,10:42:38,     1, 10154,   402, 1029.0, 300, 0.0, 0.0, 0.0,  0, 0.0000,   471, 0.0,28.3, 0.0
M3,30/06/22,10:42:39,     1, 10155,   401, 1029.0, 300, 0.0, 0.0, 0.0,  0, 0.0000,   471, 0.0,28.3, 0.0
M3,30/06/22,10:42:40,     1, 10156,   401, 1029.0, 300, 0.0, 0.0, 0.0,  0, 0.0000,   470, 0.0,28.3, 0.0
M3,30/06/22,10:42:41,     1, 10157,   401, 1028.9, 300, 0.0, 0.0, 0.0,  0, 0.0000,   470, 0.0,28.3, 0.0
M3,30/06/22,10:42:42,     1, 10158,   401, 1028.9, 300, 0.0, 0.0, 0.0,  0, 0.0000,   470, 0.0,28.3, 0.0
M3,30/06/22,10:42:43,     1, 10159,   401, 1028.9, 300, 0.0, 0.0, 0.0,  0, 0.0000,   470, 0.0,28.3, 0.0
M3,30/06/22,10:42:44,     1, 10160,   401, 1028.9, 300, 0.0, 0.0, 0.0,  0, 0.0000,   469, 0.0,28.3, 0.0
M3,30/06/22,10:42:45,     1, 10161,   401, 1028.9, 300, 0.0, 0.0, 0.0,  0, 0.0000,   469, 0.0,28.3, 0.0
M3,30/06/22,10:42:46,     1, 10162,   401, 1028.9, 300, 0.0, 0.0, 0.0,  0, 0.0000,   469, 0.0,28.3, 0.0
M3,30/06/22,10:42:47,     1, 10163,   401, 1028.9, 300, 0.0, 0.0, 0.0,  0, 0.0000,   469, 0.0,28.3, 0.0
M3,30/06/22,10:42:48,     1, 10164,   401, 1028.9, 300, 0.0, 0.0, 0.0,  0, 0.0000,   470, 0.0,28.3, 0.0
M3,30/06/22,10:42:49,     1, 10165,   401, 1028.9, 300, 0.0, 0.0, 0.0,  0, 0.0000,   469, 0.0,28.3, 0.0
M3,30/06/22,10:42:50,     1, 10166,   400, 1028.9, 300, 0.0, 0.0, 0.0,  0, 0.0000,   468, 0.0,28.3, 0.0
M3,30/06/22,10:42:51,     1, 10167,   400, 1028.9, 300, 0.0, 0.0, 0.0,  0, 0.0000,   468, 0.0,28.3, 0.0
M3,30/06/22,10:42:52,     1, 10168,   400, 1028.9, 300, 0.0, 0.0, 0.0,  0, 0.0000,   468, 0.0,28.3, 0.0
M3,30/06/22,10:42:53,     1, 10169,   400, 1028.9, 300, 0.0, 0.0, 0.0,  0, 0.0000,   468, 0.0,28.3, 0.0
M3,30/06/22,10:42:54,     1, 10170,   400, 1028.9, 300, 0.0, 0.0, 0.0,  0, 0.0000,   467, 0.0,28.3, 0.0
M3,30/06/22,10:42:55,     1, 10171,   400, 1028.9, 300, 0.0, 0.0, 0.0,  0, 0.0000,   467, 0.0,28.3, 0.0
M3,30/06/22,10:42:56,     1, 10172,   400, 1028.9, 300, 0.0, 0.0, 0.0,  0, 0.0000,   467, 0.0,28.3, 0.0
M3,30/06/22,10:42:57,     1, 10173,   400, 1028.9, 300, 0.0, 0.0, 0.0,  0, 0.0000,   467, 0.0,28.3, 0.0
M3,30/06/22,10:42:58,     1, 10174,   400, 1028.9, 300, 0.0, 0.0, 0.0,  0, 0.0000,   466, 0.0,28.3, 0.0
M3,30/06/22,10:42:59,     1, 10175,   400, 1028.9, 300, 0.0, 0.0, 0.0,  0, 0.0000,   466, 0.0,28.3, 0.0
M3,30/06/22,10:43:00,     1, 10176,   400, 1029.0, 300, 0.0, 0.0, 0.0,  0, 0.0000,   466, 0.0,28.3, 0.0
M3,30/06/22,10:43:01,     1, 10177,   399, 1029.0, 300, 0.0, 0.0, 0.0,  0, 0.0000,   466, 0.0,28.3, 0.0
M3,30/06/22,10:43:02,     1, 10178,   399, 1029.0, 300, 0.0, 0.0, 0.0,  0, 0.0000,   465, 0.0,28.3, 0.0
M3,30/06/22,10:43:03,     1, 10179,   399, 1029.0, 300, 0.0, 0.0, 0.0,  0, 0.0000,   465, 0.0,28.3, 0.0
M3,30/06/22,10:43:04,     1, 10180,   399, 1029.0, 300, 0.0, 0.0, 0.0,  0, 0.0000,   465, 0.0,28.3, 0.0
M3,30/06/22,10:43:05,     1, 10181,   399, 1029.0, 300, 0.0, 0.0, 0.0,  0, 0.0000,   465, 0.0,28.3, 0.0
M3,30/06/22,10:43:06,     1, 10182,   399, 1029.0, 300, 0.0, 0.0, 0.0,  0, 0.0000,   465, 0.0,28.3, 0.0
M3,30/06/22,10:43:07,     1, 10183,   399, 1029.0, 300, 0.0, 0.0, 0.0,  0, 0.0000,   464, 0.0,28.3, 0.0
M3,30/06/22,10:43:08,     1, 10184,   399, 1029.0, 300, 0.0, 0.0, 0.0,  0, 0.0000,   464, 0.0,28.3, 0.0
M3,30/06/22,10:43:09,     1, 10185,   399, 1029.0, 300, 0.0, 0.0, 0.0,  0, 0.0000,   464, 0.0,28.3, 0.0
M3,30/06/22,10:43:10,     1, 10186,   399, 1029.0, 300, 0.0, 0.0, 0.0,  0, 0.0000,   466, 0.0,28.3, 0.0
M3,30/06/22,10:43:11,     1, 10187,   398, 1029.0, 300, 0.0, 0.0, 0.0,  0, 0.0000,   466, 0.0,28.3, 0.0
M3,30/06/22,10:43:12,     1, 10188,   398, 1029.0, 300, 0.0, 0.0, 0.0,  0, 0.0000,   465, 0.0,28.3, 0.0
M3,30/06/22,10:43:13,     1, 10189,   397, 1029.0, 300, 0.0, 0.0, 0.0,  0, 0.0000,   464, 0.0,28.3, 0.0
M3,30/06/22,10:43:14,     1, 10190,   397, 1029.0, 300, 0.0, 0.0, 0.0,  0, 0.0000,   464, 0.0,28.3, 0.0
M3,30/06/22,10:43:15,     1, 10191,   397, 1029.0, 300, 0.0, 0.0, 0.0,  0, 0.0000,   464, 0.0,28.3, 0.0
M3,30/06/22,10:43:16,     1, 10192,   397, 1029.0, 300, 0.0, 0.0, 0.0,  0, 0.0000,   464, 0.0,28.3, 0.0
M3,30/06/22,10:43:17,     1, 10193,   397, 1029.0, 300, 0.0, 0.0, 0.0,  0, 0.0000,   464, 0.0,28.3, 0.0
M3,30/06/22,10:43:18,     1, 10194,   397, 1029.0, 300, 0.0, 0.0, 0.0,  0, 0.0000,   464, 0.0,28.3, 0.0
M3,30/06/22,10:43:19,     1, 10195,   397, 1029.0, 300, 0.0, 0.0, 0.0,  0, 0.0000,   463, 0.0,28.3, 0.0
M3,30/06/22,10:43:20,     1, 10196,   397, 1029.0, 300, 0.0, 0.0, 0.0,  0, 0.0000,   463, 0.0,28.3, 0.0
M3,30/06/22,10:43:21,     1, 10197,   397, 1029.0, 300, 0.0, 0.0, 0.0,  0, 0.0000,   463, 0.0,28.3, 0.0
M3,30/06/22,10:43:22,     1, 10198,   397, 1029.0, 300, 0.0, 0.0, 0.0,  0, 0.0000,   463, 0.0,28.3, 0.0
M3,30/06/22,10:43:23,     1, 10199,   397, 1029.0, 300, 0.0, 0.0, 0.0,  0, 0.0000,   463, 0.0,28.3, 0.0
M3,30/06/22,10:43:24,     1, 10200,   397, 1029.0, 300, 0.0, 0.0, 0.0,  0, 0.0000,   462, 0.0,28.3, 0.0
M3,30/06/22,10:43:25,     1, 10201,   397, 1029.0, 300, 0.0, 0.0, 0.0,  0, 0.0000,   462, 0.0,28.3, 0.0
M3,30/06/22,10:43:26,     1, 10202,   396, 1029.0, 300, 0.0, 0.0, 0.0,  0, 0.0000,   461, 0.0,28.3, 0.0
M3,30/06/22,10:43:27,     1, 10203,   396, 1029.0, 300, 0.0, 0.0, 0.0,  0, 0.0000,   461, 0.0,28.3, 0.0
M3,30/06/22,10:43:28,     1, 10204,   396, 1029.0, 300, 0.0, 0.0, 0.0,  0, 0.0000,   460, 0.0,28.3, 0.0
M3,30/06/22,10:43:29,     1, 10205,   396, 1029.0, 300, 0.0, 0.0, 0.0,  0, 0.0000,   460, 0.0,28.3, 0.0
M3,30/06/22,10:43:30,     1, 10206,   396, 1029.0, 300, 0.0, 0.0, 0.0,  0, 0.0000,   460, 0.0,28.3, 0.0
M3,30/06/22,10:43:31,     1, 10207,   396, 1029.0, 300, 0.0, 0.0, 0.0,  0, 0.0000,   460, 0.0,28.3, 0.0
M3,30/06/22,10:43:32,     1, 10208,   396, 1029.0, 300, 0.0, 0.0, 0.0,  0, 0.0000,   459, 0.0,28.3, 0.0
M3,30/06/22,10:43:33,     1, 10209,   396, 1029.0, 300, 0.0, 0.0, 0.0,  0, 0.0000,   459, 0.0,28.3, 0.0
M3,30/06/22,10:43:34,     1, 10210,   396, 1029.0, 300, 0.0, 0.0, 0.0,  0, 0.0000,   458, 0.0,28.3, 0.0
M3,30/06/22,10:43:35,     1, 10211,   396, 1029.0, 300, 0.0, 0.0, 0.0,  0, 0.0000,   458, 0.0,28.3, 0.0
M3,30/06/22,10:43:36,     1, 10212,   396, 1029.0, 300, 0.0, 0.0, 0.0,  0, 0.0000,   457, 0.0,28.3, 0.0
M3,30/06/22,10:43:37,     1, 10213,   396, 1029.0, 300, 0.0, 0.0, 0.0,  0, 0.0000,   457, 0.0,28.3, 0.0
M3,30/06/22,10:43:38,     1, 10214,   396, 1029.0, 300, 0.0, 0.0, 0.0,  0, 0.0000,   456, 0.0,28.3, 0.0
M3,30/06/22,10:43:39,     1, 10215,   396, 1029.0, 300, 0.0, 0.0, 0.0,  0, 0.0000,   456, 0.0,28.3, 0.0
M3,30/06/22,10:43:40,     1, 10216,   396, 1029.0, 300, 0.0, 0.0, 0.0,  0, 0.0000,   456, 0.0,28.3, 0.0
M3,30/06/22,10:43:41,     1, 10217,   395, 1029.0, 300, 0.0, 0.0, 0.0,  0, 0.0000,   456, 0.0,28.3, 0.0
M3,30/06/22,10:43:42,     1, 10218,   395, 1029.0, 300, 0.0, 0.0, 0.0,  0, 0.0000,   455, 0.0,28.3, 0.0
M3,30/06/22,10:43:43,     1, 10219,   395, 1029.0, 300, 0.0, 0.0, 0.0,  0, 0.0000,   456, 0.0,28.3, 0.0
M3,30/06/22,10:43:44,     1, 10220,   395, 1029.0, 300, 0.0, 0.0, 0.0,  0, 0.0000,   455, 0.0,28.3, 0.0
M3,30/06/22,10:43:46,     1, 10221,   394, 1029.0, 300, 0.0, 0.0, 0.0,  0, 0.0000,   455, 0.0,28.3, 0.0
M3,30/06/22,10:43:47,     1, 10222,   394, 1029.0, 300, 0.0, 0.0, 0.0,  0, 0.0000,   454, 0.0,28.3, 0.0
M3,30/06/22,10:43:48,     1, 10223,   395, 1029.0, 300, 0.0, 0.0, 0.0,  0, 0.0000,   454, 0.0,28.3, 0.0
M3,30/06/22,10:43:49,     1, 10224,   395, 1029.0, 300, 0.0, 0.0, 0.0,  0, 0.0000,   454, 0.0,28.3, 0.0
M3,30/06/22,10:43:50,     1, 10225,   395, 1029.0, 300, 0.0, 0.0, 0.0,  0, 0.0000,   453, 0.0,28.3, 0.0
M3,30/06/22,10:43:51,     1, 10226,   395, 1029.0, 300, 0.0, 0.0, 0.0,  0, 0.0000,   453, 0.0,28.3, 0.0
M3,30/06/22,10:43:52,     1, 10227,   395, 1029.0, 300, 0.0, 0.0, 0.0,  0, 0.0000,   452, 0.0,28.3, 0.0
M3,30/06/22,10:43:53,     1, 10228,   395, 1029.0, 300, 0.0, 0.0, 0.0,  0, 0.0000,   452, 0.0,28.3, 0.0
M3,30/06/22,10:43:54,     1, 10229,   395, 1029.0, 300, 0.0, 0.0, 0.0,  0, 0.0000,   451, 0.0,28.3, 0.0
M3,30/06/22,10:43:55,     1, 10230,   395, 1029.0, 300, 0.0, 0.0, 0.0,  0, 0.0000,   451, 0.0,28.3, 0.0
M3,30/06/22,10:43:56,     1, 10231,   395, 1029.0, 300, 0.0, 0.0, 0.0,  0, 0.0000,   451, 0.0,28.3, 0.0
M3,30/06/22,10:43:57,     1, 10232,   395, 1029.0, 300, 0.0, 0.0, 0.0,  0, 0.0000,   450, 0.0,28.3, 0.0
M3,30/06/22,10:43:58,     1, 10233,   394, 1029.0, 300, 0.0, 0.0, 0.0,  0, 0.0000,   450, 0.0,28.3, 0.0
M3,30/06/22,10:43:59,     1, 10234,   395, 1029.0, 300, 0.0, 0.0, 0.0,  0, 0.0000,   450, 0.0,28.3, 0.0
M3,30/06/22,10:44:00,     1, 10235,   395, 1029.0, 300, 0.0, 0.0, 0.0,  0, 0.0000,   449, 0.0,28.3, 0.0
M3,30/06/22,10:44:01,     1, 10236,   395, 1029.0, 300, 0.0, 0.0, 0.0,  0, 0.0000,   449, 0.0,28.3, 0.0
M3,30/06/22,10:44:02,     1, 10237,   395, 1029.0, 300, 0.0, 0.0, 0.0,  0, 0.0000,   449, 0.0,28.3, 0.0
M3,30/06/22,10:44:03,     1, 10238,   395, 1029.0, 300, 0.0, 0.0, 0.0,  0, 0.0000,   448, 0.0,28.3, 0.0
M3,30/06/22,10:44:04,     1, 10239,   395, 1029.0, 300, 0.0, 0.0, 0.0,  0, 0.0000,   447, 0.0,28.3, 0.0
M3,30/06/22,10:44:05,     1, 10240,   395, 1029.0, 300, 0.0, 0.0, 0.0,  0, 0.0000,   448, 0.0,28.3, 0.0
M3,30/06/22,10:44:06,     1, 10241,   394, 1029.0, 300, 0.0, 0.0, 0.0,  0, 0.0000,   447, 0.0,28.3, 0.0
M3,30/06/22,10:44:07,     1, 10242,   394, 1029.0, 300, 0.0, 0.0, 0.0,  0, 0.0000,   447, 0.0,28.3, 0.0
M3,30/06/22,10:44:08,     1, 10243,   394, 1029.0, 300, 0.0, 0.0, 0.0,  0, 0.0000,   447, 0.0,28.3, 0.0
M3,30/06/22,10:44:09,     1, 10244,   394, 1029.0, 300, 0.0, 0.0, 0.0,  0, 0.0000,   446, 0.0,28.3, 0.0
M3,30/06/22,10:44:10,     1, 10245,   394, 1029.0, 300, 0.0, 0.0, 0.0,  0, 0.0000,   446, 0.0,28.3, 0.0
M3,30/06/22,10:44:11,     1, 10246,   394, 1029.0, 300, 0.0, 0.0, 0.0,  0, 0.0000,   445, 0.0,28.3, 0.0
M3,30/06/22,10:44:12,     1, 10247,   394, 1029.0, 300, 0.0, 0.0, 0.0,  0, 0.0000,   445, 0.0,28.3, 0.0
M3,30/06/22,10:44:13,     1, 10248,   394, 1029.0, 300, 0.0, 0.0, 0.0,  0, 0.0000,   445, 0.0,28.3, 0.0
M3,30/06/22,10:44:14,     1, 10249,   394, 1029.0, 300, 0.0, 0.0, 0.0,  0, 0.0000,   444, 0.0,28.3, 0.0
M3,30/06/22,10:44:15,     1, 10250,   394, 1029.0, 300, 0.0, 0.0, 0.0,  0, 0.0000,   444, 0.0,28.3, 0.0
M3,30/06/22,10:44:16,     1, 10251,   394, 1029.0, 300, 0.0, 0.0, 0.0,  0, 0.0000,   444, 0.0,28.3, 0.0
M3,30/06/22,10:44:17,     1, 10252,   394, 1029.0, 300, 0.0, 0.0, 0.0,  0, 0.0000,   443, 0.0,28.3, 0.0
M3,30/06/22,10:44:18,     1, 10253,   394, 1029.0, 300, 0.0, 0.0, 0.0,  0, 0.0000,   443, 0.0,28.3, 0.0
M3,30/06/22,10:44:19,     1, 10254,   394, 1029.0, 300, 0.0, 0.0, 0.0,  0, 0.0000,   443, 0.0,28.3, 0.0
M3,30/06/22,10:44:20,     1, 10255,   394, 1029.0, 300, 0.0, 0.0, 0.0,  0, 0.0000,   442, 0.0,28.3, 0.0
M3,30/06/22,10:44:21,     1, 10256,   394, 1029.0, 300, 0.0, 0.0, 0.0,  0, 0.0000,   442, 0.0,28.3, 0.0
M3,30/06/22,10:44:22,     1, 10257,   394, 1029.0, 300, 0.0, 0.0, 0.0,  0, 0.0000,   442, 0.0,28.3, 0.0
M3,30/06/22,10:44:23,     1, 10258,   394, 1029.0, 300, 0.0, 0.0, 0.0,  0, 0.0000,   441, 0.0,28.3, 0.0
M3,30/06/22,10:44:24,     1, 10259,   394, 1029.0, 300, 0.0, 0.0, 0.0,  0, 0.0000,   441, 0.0,28.3, 0.0
M3,30/06/22,10:44:25,     1, 10260,   394, 1029.0, 300, 0.0, 0.0, 0.0,  0, 0.0000,   441, 0.0,28.3, 0.0
M3,30/06/22,10:44:26,     1, 10261,   394, 1029.0, 300, 0.0, 0.0, 0.0,  0, 0.0000,   440, 0.0,28.2, 0.0
M3,30/06/22,10:44:27,     1, 10262,   394, 1029.0, 300, 0.0, 0.0, 0.0,  0, 0.0000,   440, 0.0,28.2, 0.0
M3,30/06/22,10:44:28,     1, 10263,   394, 1029.0, 300, 0.0, 0.0, 0.0,  0, 0.0000,   440, 0.0,28.2, 0.0
M3,30/06/22,10:44:29,     1, 10264,   393, 1029.0, 300, 0.0, 0.0, 0.0,  0, 0.0000,   440, 0.0,28.2, 0.0
M3,30/06/22,10:44:30,     1, 10265,   393, 1029.0, 300, 0.0, 0.0, 0.0,  0, 0.0000,   440, 0.0,28.2, 0.0
M3,30/06/22,10:44:31,     1, 10266,   393, 1029.0, 300, 0.0, 0.0, 0.0,  0, 0.0000,   439, 0.0,28.2, 0.0
M3,30/06/22,10:44:32,     1, 10267,   393, 1029.0, 300, 0.0, 0.0, 0.0,  0, 0.0000,   439, 0.0,28.2, 0.0
M3,30/06/22,10:44:33,     1, 10268,   393, 1029.0, 300, 0.0, 0.0, 0.0,  0, 0.0000,   439, 0.0,28.2, 0.0
M3,30/06/22,10:44:34,     1, 10269,   393, 1029.0, 300, 0.0, 0.0, 0.0,  0, 0.0000,   439, 0.0,28.2, 0.0
