Tag(M3),Date,Time,Plot_No,Rec_No,CO2,Pressure,Flow,H2O,Tsen,O2,Error,Aux_V,PAR,Tsoil,Tair,Msoil
M3,21/06/22,11:32:34,     1,  8364,   420, 1030.8, 300, 0.0, 0.0, 0.0, 61, 0.0000,  1699, 0.0,24.9, 0.0
M3,21/06/22,11:32:35,     1,  8365,   419, 1030.8, 300, 0.0, 0.0, 0.0,  0, 0.0000,  1699, 0.0,24.9, 0.0
M3,21/06/22,11:32:36,     1,  8366,   419, 1030.8, 300, 0.0, 0.0, 0.0,  0, 0.0000,  1699, 0.0,24.9, 0.0
M3,21/06/22,11:32:37,     1,  8367,   419, 1030.8, 300, 0.0, 0.0, 0.0,  0, 0.0000,  1697, 0.0,24.9, 0.0
M3,21/06/22,11:32:38,     1,  8368,   418, 1030.8, 300, 0.0, 0.0, 0.0,  0, 0.0000,  1696, 0.0,25.0, 0.0
M3,21/06/22,11:32:39,     1,  8369,   418, 1030.8, 300, 0.0, 0.0, 0.0,  0, 0.0000,  1696, 0.0,25.0, 0.0
M3,21/06/22,11:32:40,     1,  8370,   418, 1030.8, 300, 0.0, 0.0, 0.0,  0, 0.0000,  1697, 0.0,25.0, 0.0
M3,21/06/22,11:32:41,     1,  8371,   417, 1030.8, 300, 0.0, 0.0, 0.0,  0, 0.0000,  1697, 0.0,25.0, 0.0
M3,21/06/22,11:32:42,     1,  8372,   417, 1030.8, 300, 0.0, 0.0, 0.0,  0, 0.0000,  1697, 0.0,25.0, 0.0
M3,21/06/22,11:32:43,     1,  8373,   417, 1030.8, 300, 0.0, 0.0, 0.0,  0, 0.0000,  1697, 0.0,25.0, 0.0
M3,21/06/22,11:32:44,     1,  8374,   416, 1030.8, 300, 0.0, 0.0, 0.0,  0, 0.0000,  1696, 0.0,25.0, 0.0
M3,21/06/22,11:32:45,     1,  8375,   416, 1030.8, 300, 0.0, 0.0, 0.0,  0, 0.0000,  1697, 0.0,25.1, 0.0
M3,21/06/22,11:32:46,     1,  8376,   417, 1030.8, 300, 0.0, 0.0, 0.0,  0, 0.0000,  1696, 0.0,25.1, 0.0
M3,21/06/22,11:32:47,     1,  8377,   417, 1030.8, 300, 0.0, 0.0, 0.0,  0, 0.0000,  1697, 0.0,25.1, 0.0
M3,21/06/22,11:32:48,     1,  8378,   417, 1030.8, 300, 0.0, 0.0, 0.0,  0, 0.0000,  1697, 0.0,25.1, 0.0
M3,21/06/22,11:32:49,     1,  8379,   417, 1030.8, 300, 0.0, 0.0, 0.0,  0, 0.0000,  1696, 0.0,25.1, 0.0
M3,21/06/22,11:32:50,     1,  8380,   417, 1030.8, 300, 0.0, 0.0, 0.0,  0, 0.0000,  1697, 0.0,25.1, 0.0
M3,21/06/22,11:32:51,     1,  8381,   416, 1030.8, 300, 0.0, 0.0, 0.0,  0, 0.0000,  1697, 0.0,25.1, 0.0
M3,21/06/22,11:32:52,     1,  8382,   416, 1030.8, 300, 0.0, 0.0, 0.0,  0, 0.0000,  1696, 0.0,25.1, 0.0
M3,21/06/22,11:32:53,     1,  8383,   416, 1030.8, 300, 0.0, 0.0, 0.0,  0, 0.0000,  1697, 0.0,25.1, 0.0
M3,21/06/22,11:32:54,     1,  8384,   416, 1030.8, 300, 0.0, 0.0, 0.0,  0, 0.0000,  1698, 0.0,25.1, 0.0
M3,21/06/22,11:32:55,     1,  8385,   416, 1030.8, 300, 0.0, 0.0, 0.0,  0, 0.0000,  1698, 0.0,25.2, 0.0
M3,21/06/22,11:32:56,     1,  8386,   416, 1030.8, 300, 0.0, 0.0, 0.0,  0, 0.0000,  1699, 0.0,25.2, 0.0
M3,21/06/22,11:32:57,     1,  8387,   416, 1030.8, 300, 0.0, 0.0, 0.0,  0, 0.0000,  1699, 0.0,25.2, 0.0
M3,21/06/22,11:32:58,     1,  8388,   416, 1030.8, 300, 0.0, 0.0, 0.0,  0, 0.0000,  1699, 0.0,25.2, 0.0
M3,21/06/22,11:32:59,     1,  8389,   415, 1030.8, 300, 0.0, 0.0, 0.0,  0, 0.0000,  1699, 0.0,25.2, 0.0
M3,21/06/22,11:33:00,     1,  8390,   415, 1030.8, 300, 0.0, 0.0, 0.0,  0, 0.0000,  1702, 0.0,25.2, 0.0
M3,21/06/22,11:33:01,     1,  8391,   415, 1030.8, 300, 0.0, 0.0, 0.0,  0, 0.0000,  1703, 0.0,25.2, 0.0
M3,21/06/22,11:33:02,     1,  8392,   415, 1030.8, 300, 0.0, 0.0, 0.0,  0, 0.0000,  1706, 0.0,25.2, 0.0
M3,21/06/22,11:33:03,     1,  8393,   415, 1030.8, 300, 0.0, 0.0, 0.0,  0, 0.0000,  1710, 0.0,25.2, 0.0
M3,21/06/22,11:33:04,     1,  8394,   414, 1030.8, 300, 0.0, 0.0, 0.0,  0, 0.0000,  1712, 0.0,25.2, 0.0
M3,21/06/22,11:33:05,     1,  8395,   414, 1030.8, 300, 0.0, 0.0, 0.0,  0, 0.0000,  1713, 0.0,25.2, 0.0
M3,21/06/22,11:33:06,     1,  8396,   414, 1030.8, 300, 0.0, 0.0, 0.0,  0, 0.0000,  1714, 0.0,25.2, 0.0
M3,21/06/22,11:33:08,     1,  8397,   414, 1030.8, 300, 0.0, 0.0, 0.0,  0, 0.0000,  1716, 0.0,25.2, 0.0
M3,21/06/22,11:33:09,     1,  8398,   414, 1030.8, 300, 0.0, 0.0, 0.0,  0, 0.0000,  1715, 0.0,25.2, 0.0
M3,21/06/22,11:33:10,     1,  8399,   414, 1030.8, 300, 0.0, 0.0, 0.0,  0, 0.0000,  1716, 0.0,25.2, 0.0
M3,21/06/22,11:33:11,     1,  8400,   414, 1030.8, 300, 0.0, 0.0, 0.0,  0, 0.0000,  1713, 0.0,25.3, 0.0
M3,21/06/22,11:33:12,     1,  8401,   414, 1030.8, 300, 0.0, 0.0, 0.0,  0, 0.0000,  1714, 0.0,25.3, 0.0
M3,21/06/22,11:33:13,     1,  8402,   414, 1030.8, 300, 0.0, 0.0, 0.0,  0, 0.0000,  1712, 0.0,25.3, 0.0
M3,21/06/22,11:33:14,     1,  8403,   414, 1030.8, 300, 0.0, 0.0, 0.0,  0, 0.0000,  1710, 0.0,25.3, 0.0
M3,21/06/22,11:33:15,     1,  8404,   414, 1030.8, 300, 0.0, 0.0, 0.0,  0, 0.0000,  1707, 0.0,25.3, 0.0
M3,21/06/22,11:33:16,     1,  8405,   414, 1030.8, 300, 0.0, 0.0, 0.0,  0, 0.0000,  1706, 0.0,25.3, 0.0
M3,21/06/22,11:33:17,     1,  8406,   414, 1030.8, 300, 0.0, 0.0, 0.0,  0, 0.0000,  1703, 0.0,25.3, 0.0
M3,21/06/22,11:33:18,     1,  8407,   414, 1030.8, 300, 0.0, 0.0, 0.0,  0, 0.0000,  1697, 0.0,25.3, 0.0
M3,21/06/22,11:33:19,     1,  8408,   414, 1030.8, 300, 0.0, 0.0, 0.0,  0, 0.0000,  1695, 0.0,25.3, 0.0
M3,21/06/22,11:33:20,     1,  8409,   414, 1030.8, 300, 0.0, 0.0, 0.0,  0, 0.0000,  1689, 0.0,25.3, 0.0
M3,21/06/22,11:33:21,     1,  8410,   414, 1030.8, 300, 0.0, 0.0, 0.0,  0, 0.0000,  1686, 0.0,25.3, 0.0
M3,21/06/22,11:33:22,     1,  8411,   414, 1030.8, 300, 0.0, 0.0, 0.0,  0, 0.0000,  1681, 0.0,25.3, 0.0
M3,21/06/22,11:33:23,     1,  8412,   413, 1030.8, 300, 0.0, 0.0, 0.0,  0, 0.0000,  1679, 0.0,25.3, 0.0
M3,21/06/22,11:33:24,     1,  8413,   413, 1030.8, 300, 0.0, 0.0, 0.0,  0, 0.0000,  1678, 0.0,25.3, 0.0
M3,21/06/22,11:33:25,     1,  8414,   413, 1030.8, 300, 0.0, 0.0, 0.0,  0, 0.0000,  1673, 0.0,25.3, 0.0
M3,21/06/22,11:33:26,     1,  8415,   413, 1030.8, 300, 0.0, 0.0, 0.0,  0, 0.0000,  1672, 0.0,25.3, 0.0
M3,21/06/22,11:33:27,     1,  8416,   413, 1030.8, 300, 0.0, 0.0, 0.0,  0, 0.0000,  1671, 0.0,25.3, 0.0
M3,21/06/22,11:33:28,     1,  8417,   413, 1030.8, 300, 0.0, 0.0, 0.0,  0, 0.0000,  1672, 0.0,25.4, 0.0
M3,21/06/22,11:33:29,     1,  8418,   413, 1030.8, 300, 0.0, 0.0, 0.0,  0, 0.0000,  1670, 0.0,25.4, 0.0
M3,21/06/22,11:33:30,     1,  8419,   413, 1030.8, 300, 0.0, 0.0, 0.0,  0, 0.0000,  1668, 0.0,25.4, 0.0
M3,21/06/22,11:33:31,     1,  8420,   412, 1030.8, 300, 0.0, 0.0, 0.0,  0, 0.0000,  1666, 0.0,25.4, 0.0
M3,21/06/22,11:33:32,     1,  8421,   412, 1030.8, 300, 0.0, 0.0, 0.0,  0, 0.0000,  1664, 0.0,25.4, 0.0
M3,21/06/22,11:33:33,     1,  8422,   412, 1030.8, 300, 0.0, 0.0, 0.0,  0, 0.0000,  1662, 0.0,25.4, 0.0
M3,21/06/22,11:33:34,     1,  8423,   412, 1030.8, 300, 0.0, 0.0, 0.0,  0, 0.0000,  1662, 0.0,25.4, 0.0
M3,21/06/22,11:33:35,     1,  8424,   412, 1030.8, 300, 0.0, 0.0, 0.0,  0, 0.0000,  1661, 0.0,25.4, 0.0
M3,21/06/22,11:33:36,     1,  8425,   412, 1030.8, 300, 0.0, 0.0, 0.0,  0, 0.0000,  1656, 0.0,25.4, 0.0
M3,21/06/22,11:33:37,     1,  8426,   411, 1030.8, 300, 0.0, 0.0, 0.0,  0, 0.0000,  1655, 0.0,25.4, 0.0
M3,21/06/22,11:33:38,     1,  8427,   411, 1030.8, 300, 0.0, 0.0, 0.0,  0, 0.0000,  1651, 0.0,25.4, 0.0
M3,21/06/22,11:33:39,     1,  8428,   411, 1030.8, 300, 0.0, 0.0, 0.0,  0, 0.0000,  1649, 0.0,25.4, 0.0
M3,21/06/22,11:33:40,     1,  8429,   412, 1030.8, 300, 0.0, 0.0, 0.0,  0, 0.0000,  1648, 0.0,25.4, 0.0
M3,21/06/22,11:33:41,     1,  8430,   412, 1030.8, 300, 0.0, 0.0, 0.0,  0, 0.0000,  1645, 0.0,25.4, 0.0
M3,21/06/22,11:33:42,     1,  8431,   412, 1030.8, 300, 0.0, 0.0, 0.0,  0, 0.0000,  1642, 0.0,25.4, 0.0
M3,21/06/22,11:33:43,     1,  8432,   412, 1030.8, 300, 0.0, 0.0, 0.0,  0, 0.0000,  1641, 0.0,25.4, 0.0
M3,21/06/22,11:33:44,     1,  8433,   411, 1030.8, 300, 0.0, 0.0, 0.0,  0, 0.0000,  1638, 0.0,25.4, 0.0
M3,21/06/22,11:33:45,     1,  8434,   411, 1030.8, 300, 0.0, 0.0, 0.0,  0, 0.0000,  1636, 0.0,25.4, 0.0
M3,21/06/22,11:33:46,     1,  8435,   411, 1030.8, 300, 0.0, 0.0, 0.0,  0, 0.0000,  1634, 0.0,25.4, 0.0
M3,21/06/22,11:33:47,     1,  8436,   410, 1030.8, 300, 0.0, 0.0, 0.0,  0, 0.0000,  1631, 0.0,25.4, 0.0
M3,21/06/22,11:33:48,     1,  8437,   410, 1030.8, 300, 0.0, 0.0, 0.0,  0, 0.0000,  1630, 0.0,25.4, 0.0
M3,21/06/22,11:33:49,     1,  8438,   410, 1030.8, 300, 0.0, 0.0, 0.0,  0, 0.0000,  1627, 0.0,25.4, 0.0
M3,21/06/22,11:33:50,     1,  8439,   410, 1030.8, 300, 0.0, 0.0, 0.0,  0, 0.0000,  1621, 0.0,25.4, 0.0
M3,21/06/22,11:33:51,     1,  8440,   410, 1030.8, 300, 0.0, 0.0, 0.0,  0, 0.0000,  1618, 0.0,25.4, 0.0
M3,21/06/22,11:33:52,     1,  8441,   410, 1030.8, 300, 0.0, 0.0, 0.0,  0, 0.0000,  1616, 0.0,25.4, 0.0
M3,21/06/22,11:33:53,     1,  8442,   410, 1030.8, 300, 0.0, 0.0, 0.0,  0, 0.0000,  1613, 0.0,25.4, 0.0
M3,21/06/22,11:33:54,     1,  8443,   410, 1030.8, 300, 0.0, 0.0, 0.0,  0, 0.0000,  1611, 0.0,25.4, 0.0
M3,21/06/22,11:33:55,     1,  8444,   409, 1030.8, 300, 0.0, 0.0, 0.0,  0, 0.0000,  1607, 0.0,25.4, 0.0
M3,21/06/22,11:33:56,     1,  8445,   409, 1030.8, 300, 0.0, 0.0, 0.0,  0, 0.0000,  1605, 0.0,25.5, 0.0
M3,21/06/22,11:33:57,     1,  8446,   409, 1030.8, 300, 0.0, 0.0, 0.0,  0, 0.0000,  1604, 0.0,25.5, 0.0
M3,21/06/22,11:33:58,     1,  8447,   408, 1030.8, 300, 0.0, 0.0, 0.0,  0, 0.0000,  1602, 0.0,25.5, 0.0
M3,21/06/22,11:33:59,     1,  8448,   408, 1030.8, 300, 0.0, 0.0, 0.0,  0, 0.0000,  1598, 0.0,25.5, 0.0
M3,21/06/22,11:34:00,     1,  8449,   408, 1030.8, 300, 0.0, 0.0, 0.0,  0, 0.0000,  1597, 0.0,25.5, 0.0
M3,21/06/22,11:34:01,     1,  8450,   408, 1030.8, 300, 0.0, 0.0, 0.0,  0, 0.0000,  1595, 0.0,25.5, 0.0
M3,21/06/22,11:34:02,     1,  8451,   408, 1030.8, 300, 0.0, 0.0, 0.0,  0, 0.0000,  1593, 0.0,25.5, 0.0
M3,21/06/22,11:34:03,     1,  8452,   408, 1030.8, 300, 0.0, 0.0, 0.0,  0, 0.0000,  1590, 0.0,25.5, 0.0
M3,21/06/22,11:34:04,     1,  8453,   407, 1030.8, 300, 0.0, 0.0, 0.0,  0, 0.0000,  1586, 0.0,25.5, 0.0
M3,21/06/22,11:34:05,     1,  8454,   407, 1030.8, 300, 0.0, 0.0, 0.0,  0, 0.0000,  1582, 0.0,25.5, 0.0
M3,21/06/22,11:34:06,     1,  8455,   407, 1030.8, 300, 0.0, 0.0, 0.0,  0, 0.0000,  1580, 0.0,25.5, 0.0
M3,21/06/22,11:34:07,     1,  8456,   407, 1030.8, 300, 0.0, 0.0, 0.0,  0, 0.0000,  1578, 0.0,25.5, 0.0
M3,21/06/22,11:34:08,     1,  8457,   407, 1030.8, 300, 0.0, 0.0, 0.0,  0, 0.0000,  1575, 0.0,25.5, 0.0
M3,21/06/22,11:34:09,     1,  8458,   407, 1030.8, 300, 0.0, 0.0, 0.0,  0, 0.0000,  1573, 0.0,25.5, 0.0
M3,21/06/22,11:34:10,     1,  8459,   407, 1030.8, 300, 0.0, 0.0, 0.0,  0, 0.0000,  1573, 0.0,25.5, 0.0
M3,21/06/22,11:34:11,     1,  8460,   407, 1030.8, 300, 0.0, 0.0, 0.0,  0, 0.0000,  1571, 0.0,25.5, 0.0
M3,21/06/22,11:34:12,     1,  8461,   407, 1030.8, 300, 0.0, 0.0, 0.0,  0, 0.0000,  1568, 0.0,25.5, 0.0
M3,21/06/22,11:34:13,     1,  8462,   407, 1030.8, 300, 0.0, 0.0, 0.0,  0, 0.0000,  1565, 0.0,25.5, 0.0
M3,21/06/22,11:34:14,     1,  8463,   407, 1030.8, 300, 0.0, 0.0, 0.0,  0, 0.0000,  1563, 0.0,25.5, 0.0
M3,21/06/22,11:34:15,     1,  8464,   407, 1030.8, 300, 0.0, 0.0, 0.0,  0, 0.0000,  1562, 0.0,25.6, 0.0
M3,21/06/22,11:34:16,     1,  8465,   406, 1030.8, 300, 0.0, 0.0, 0.0,  0, 0.0000,  1561, 0.0,25.6, 0.0
M3,21/06/22,11:34:17,     1,  8466,   406, 1030.8, 300, 0.0, 0.0, 0.0,  0, 0.0000,  1560, 0.0,25.6, 0.0
M3,21/06/22,11:34:18,     1,  8467,   406, 1030.8, 300, 0.0, 0.0, 0.0,  0, 0.0000,  1558, 0.0,25.6, 0.0
M3,21/06/22,11:34:19,     1,  8468,   406, 1030.8, 300, 0.0, 0.0, 0.0,  0, 0.0000,  1555, 0.0,25.6, 0.0
M3,21/06/22,11:34:20,     1,  8469,   406, 1030.8, 300, 0.0, 0.0, 0.0,  0, 0.0000,  1552, 0.0,25.6, 0.0
M3,21/06/22,11:34:21,     1,  8470,   406, 1030.8, 300, 0.0, 0.0, 0.0,  0, 0.0000,  1551, 0.0,25.6, 0.0
M3,21/06/22,11:34:22,     1,  8471,   406, 1030.8, 300, 0.0, 0.0, 0.0,  0, 0.0000,  1549, 0.0,25.6, 0.0
M3,21/06/22,11:34:23,     1,  8472,   406, 1030.8, 300, 0.0, 0.0, 0.0,  0, 0.0000,  1548, 0.0,25.6, 0.0
M3,21/06/22,11:34:24,     1,  8473,   406, 1030.8, 300, 0.0, 0.0, 0.0,  0, 0.0000,  1546, 0.0,25.6, 0.0
M3,21/06/22,11:34:25,     1,  8474,   406, 1030.8, 300, 0.0, 0.0, 0.0,  0, 0.0000,  1545, 0.0,25.6, 0.0
M3,21/06/22,11:34:26,     1,  8475,   406, 1030.8, 300, 0.0, 0.0, 0.0,  0, 0.0000,  1544, 0.0,25.6, 0.0
M3,21/06/22,11:34:27,     1,  8476,   406, 1030.8, 300, 0.0, 0.0, 0.0,  0, 0.0000,  1541, 0.0,25.6, 0.0
M3,21/06/22,11:34:28,     1,  8477,   406, 1030.8, 300, 0.0, 0.0, 0.0,  0, 0.0000,  1539, 0.0,25.6, 0.0
M3,21/06/22,11:34:29,     1,  8478,   406, 1030.8, 300, 0.0, 0.0, 0.0,  0, 0.0000,  1536, 0.0,25.6, 0.0
M3,21/06/22,11:34:30,     1,  8479,   406, 1030.8, 300, 0.0, 0.0, 0.0,  0, 0.0000,  1533, 0.0,25.6, 0.0
M3,21/06/22,11:34:31,     1,  8480,   406, 1030.8, 300, 0.0, 0.0, 0.0,  0, 0.0000,  1530, 0.0,25.6, 0.0
M3,21/06/22,11:34:32,     1,  8481,   406, 1030.8, 300, 0.0, 0.0, 0.0,  0, 0.0000,  1529, 0.0,25.6, 0.0
M3,21/06/22,11:34:33,     1,  8482,   406, 1030.8, 300, 0.0, 0.0, 0.0,  0, 0.0000,  1527, 0.0,25.6, 0.0
M3,21/06/22,11:34:34,     1,  8483,   406, 1030.8, 300, 0.0, 0.0, 0.0,  0, 0.0000,  1526, 0.0,25.6, 0.0
M3,21/06/22,11:34:35,     1,  8484,   406, 1030.8, 300, 0.0, 0.0, 0.0,  0, 0.0000,  1525, 0.0,25.7, 0.0
M3,21/06/22,11:34:36,     1,  8485,   405, 1030.8, 300, 0.0, 0.0, 0.0,  0, 0.0000,  1522, 0.0,25.7, 0.0
M3,21/06/22,11:34:37,     1,  8486,   405, 1030.8, 300, 0.0, 0.0, 0.0,  0, 0.0000,  1521, 0.0,25.7, 0.0
M3,21/06/22,11:34:38,     1,  8487,   405, 1030.8, 300, 0.0, 0.0, 0.0,  0, 0.0000,  1521, 0.0,25.7, 0.0
M3,21/06/22,11:34:39,     1,  8488,   405, 1030.8, 300, 0.0, 0.0, 0.0,  0, 0.0000,  1519, 0.0,25.7, 0.0
M3,21/06/22,11:34:40,     1,  8489,   405, 1030.8, 300, 0.0, 0.0, 0.0,  0, 0.0000,  1517, 0.0,25.7, 0.0
M3,21/06/22,11:34:41,     1,  8490,   405, 1030.8, 300, 0.0, 0.0, 0.0,  0, 0.0000,  1516, 0.0,25.7, 0.0
M3,21/06/22,11:34:42,     1,  8491,   405, 1030.8, 300, 0.0, 0.0, 0.0,  0, 0.0000,  1516, 0.0,25.7, 0.0
M3,21/06/22,11:34:43,     1,  8492,   405, 1030.8, 300, 0.0, 0.0, 0.0,  0, 0.0000,  1515, 0.0,25.7, 0.0
M3,21/06/22,11:34:44,     1,  8493,   405, 1030.8, 300, 0.0, 0.0, 0.0,  0, 0.0000,  1513, 0.0,25.7, 0.0
M3,21/06/22,11:34:45,     1,  8494,   405, 1030.8, 300, 0.0, 0.0, 0.0,  0, 0.0000,  1511, 0.0,25.7, 0.0
M3,21/06/22,11:34:46,     1,  8495,   405, 1030.8, 300, 0.0, 0.0, 0.0,  0, 0.0000,  1509, 0.0,25.7, 0.0
M3,21/06/22,11:34:47,     1,  8496,   404, 1030.8, 300, 0.0, 0.0, 0.0,  0, 0.0000,  1509, 0.0,25.7, 0.0
M3,21/06/22,11:34:48,     1,  8497,   404, 1030.8, 300, 0.0, 0.0, 0.0,  0, 0.0000,  1510, 0.0,25.7, 0.0
M3,21/06/22,11:34:49,     1,  8498,   404, 1030.8, 300, 0.0, 0.0, 0.0,  0, 0.0000,  1508, 0.0,25.7, 0.0
M3,21/06/22,11:34:50,     1,  8499,   404, 1030.8, 300, 0.0, 0.0, 0.0,  0, 0.0000,  1507, 0.0,25.7, 0.0
M3,21/06/22,11:34:51,     1,  8500,   404, 1030.8, 300, 0.0, 0.0, 0.0,  0, 0.0000,  1506, 0.0,25.7, 0.0
M3,21/06/22,11:34:52,     1,  8501,   404, 1030.8, 300, 0.0, 0.0, 0.0,  0, 0.0000,  1504, 0.0,25.7, 0.0
M3,21/06/22,11:34:53,     1,  8502,   404, 1030.8, 300, 0.0, 0.0, 0.0,  0, 0.0000,  1503, 0.0,25.7, 0.0
M3,21/06/22,11:34:54,     1,  8503,   403, 1030.8, 300, 0.0, 0.0, 0.0,  0, 0.0000,  1503, 0.0,25.7, 0.0
M3,21/06/22,11:34:55,     1,  8504,   403, 1030.8, 300, 0.0, 0.0, 0.0,  0, 0.0000,  1503, 0.0,25.7, 0.0
M3,21/06/22,11:34:56,     1,  8505,   403, 1030.8, 300, 0.0, 0.0, 0.0,  0, 0.0000,  1504, 0.0,25.7, 0.0
M3,21/06/22,11:34:57,     1,  8506,   403, 1030.8, 300, 0.0, 0.0, 0.0,  0, 0.0000,  1504, 0.0,25.7, 0.0
M3,21/06/22,11:34:58,     1,  8507,   402, 1030.8, 300, 0.0, 0.0, 0.0,  0, 0.0000,  1504, 0.0,25.7, 0.0
M3,21/06/22,11:34:59,     1,  8508,   402, 1030.8, 300, 0.0, 0.0, 0.0,  0, 0.0000,  1505, 0.0,25.8, 0.0
M3,21/06/22,11:35:00,     1,  8509,   402, 1030.8, 300, 0.0, 0.0, 0.0,  0, 0.0000,  1503, 0.0,25.8, 0.0
M3,21/06/22,11:35:01,     1,  8510,   402, 1030.8, 300, 0.0, 0.0, 0.0,  0, 0.0000,  1502, 0.0,25.8, 0.0
M3,21/06/22,11:35:02,     1,  8511,   402, 1030.8, 300, 0.0, 0.0, 0.0,  0, 0.0000,  1503, 0.0,25.8, 0.0
M3,21/06/22,11:35:03,     1,  8512,   402, 1030.8, 300, 0.0, 0.0, 0.0,  0, 0.0000,  1505, 0.0,25.8, 0.0
M3,21/06/22,11:35:04,     1,  8513,   402, 1030.8, 300, 0.0, 0.0, 0.0,  0, 0.0000,  1505, 0.0,25.8, 0.0
M3,21/06/22,11:35:05,     1,  8514,   402, 1030.8, 300, 0.0, 0.0, 0.0,  0, 0.0000,  1504, 0.0,25.8, 0.0
M3,21/06/22,11:35:06,     1,  8515,   402, 1030.8, 300, 0.0, 0.0, 0.0,  0, 0.0000,  1504, 0.0,25.8, 0.0
M3,21/06/22,11:35:07,     1,  8516,   402, 1030.8, 300, 0.0, 0.0, 0.0,  0, 0.0000,  1504, 0.0,25.8, 0.0
M3,21/06/22,11:35:08,     1,  8517,   402, 1030.8, 300, 0.0, 0.0, 0.0,  0, 0.0000,  1504, 0.0,25.8, 0.0
M3,21/06/22,11:35:09,     1,  8518,   402, 1030.8, 300, 0.0, 0.0, 0.0,  0, 0.0000,  1504, 0.0,25.8, 0.0
M3,21/06/22,11:35:10,     1,  8519,   402, 1030.8, 300, 0.0, 0.0, 0.0,  0, 0.0000,  1503, 0.0,25.8, 0.0
M3,21/06/22,11:35:11,     1,  8520,   402, 1030.8, 300, 0.0, 0.0, 0.0,  0, 0.0000,  1502, 0.0,25.8, 0.0
M3,21/06/22,11:35:12,     1,  8521,   402, 1030.8, 300, 0.0, 0.0, 0.0,  0, 0.0000,  1501, 0.0,25.8, 0.0
