Tag(M3),Date,Time,Plot_No,Rec_No,CO2,Pressure,Flow,H2O,Tsen,O2,Error,Aux_V,PAR,Tsoil,Tair,Msoil
M3,30/06/22,10:58:32,     1, 11101,   406, 1028.9, 300, 0.0, 0.0, 0.0, 24, 0.0000,   479, 0.0,29.2, 0.0
M3,30/06/22,10:58:33,     1, 11102,   406, 1028.9, 300, 0.0, 0.0, 0.0, 24, 0.0000,   478, 0.0,29.2, 0.0
M3,30/06/22,10:58:34,     1, 11103,   405, 1028.9, 300, 0.0, 0.0, 0.0, 24, 0.0000,   478, 0.0,29.2, 0.0
M3,30/06/22,10:58:35,     1, 11104,   405, 1028.9, 300, 0.0, 0.0, 0.0,  0, 0.0000,   476, 0.0,29.2, 0.0
M3,30/06/22,10:58:36,     1, 11105,   405, 1028.9, 300, 0.0, 0.0, 0.0,  0, 0.0000,   475, 0.0,29.2, 0.0
M3,30/06/22,10:58:37,     1, 11106,   405, 1028.9, 300, 0.0, 0.0, 0.0,  0, 0.0000,   476, 0.0,29.2, 0.0
M3,30/06/22,10:58:38,     1, 11107,   405, 1028.9, 300, 0.0, 0.0, 0.0,  0, 0.0000,   477, 0.0,29.2, 0.0
M3,30/06/22,10:58:39,     1, 11108,   405, 1028.9, 300, 0.0, 0.0, 0.0,  0, 0.0000,   476, 0.0,29.2, 0.0
M3,30/06/22,10:58:40,     1, 11109,   405, 1028.9, 300, 0.0, 0.0, 0.0,  0, 0.0000,   473, 0.0,29.2, 0.0
M3,30/06/22,10:58:41,     1, 11110,   405, 1028.9, 300, 0.0, 0.0, 0.0,  0, 0.0000,   474, 0.0,29.2, 0.0
M3,30/06/22,10:58:42,     1, 11111,   404, 1028.9, 300, 0.0, 0.0, 0.0,  0, 0.0000,   473, 0.0,29.2, 0.0
M3,30/06/22,10:58:43,     1, 11112,   404, 1028.9, 300, 0.0, 0.0, 0.0,  0, 0.0000,   476, 0.0,29.2, 0.0
M3,30/06/22,10:58:44,     1, 11113,   404, 1028.9, 300, 0.0, 0.0, 0.0,  0, 0.0000,   475, 0.0,29.2, 0.0
M3,30/06/22,10:58:45,     1, 11114,   404, 1028.9, 300, 0.0, 0.0, 0.0,  0, 0.0000,   472, 0.0,29.2, 0.0
M3,30/06/22,10:58:46,     1, 11115,   404, 1028.9, 300, 0.0, 0.0, 0.0,  0, 0.0000,   472, 0.0,29.2, 0.0
M3,30/06/22,10:58:47,     1, 11116,   404, 1028.9, 300, 0.0, 0.0, 0.0,  0, 0.0000,   470, 0.0,29.2, 0.0
M3,30/06/22,10:58:48,     1, 11117,   403, 1028.9, 300, 0.0, 0.0, 0.0,  0, 0.0000,   470, 0.0,29.2, 0.0
M3,30/06/22,10:58:49,     1, 11118,   403, 1028.9, 300, 0.0, 0.0, 0.0,  0, 0.0000,   469, 0.0,29.2, 0.0
M3,30/06/22,10:58:50,     1, 11119,   403, 1028.9, 300, 0.0, 0.0, 0.0,  0, 0.0000,   469, 0.0,29.2, 0.0
M3,30/06/22,10:58:51,     1, 11120,   403, 1028.9, 300, 0.0, 0.0, 0.0,  0, 0.0000,   469, 0.0,29.2, 0.0
M3,30/06/22,10:58:52,     1, 11121,   402, 1028.9, 300, 0.0, 0.0, 0.0,  0, 0.0000,   469, 0.0,29.2, 0.0
M3,30/06/22,10:58:53,     1, 11122,   402, 1028.9, 300, 0.0, 0.0, 0.0,  0, 0.0000,   469, 0.0,29.2, 0.0
M3,30/06/22,10:58:54,     1, 11123,   402, 1028.9, 300, 0.0, 0.0, 0.0,  0, 0.0000,   469, 0.0,29.2, 0.0
M3,30/06/22,10:58:55,     1, 11124,   402, 1028.9, 300, 0.0, 0.0, 0.0,  0, 0.0000,   468, 0.0,29.2, 0.0
M3,30/06/22,10:58:56,     1, 11125,   401, 1028.9, 300, 0.0, 0.0, 0.0,  0, 0.0000,   467, 0.0,29.2, 0.0
M3,30/06/22,10:58:57,     1, 11126,   401, 1028.9, 300, 0.0, 0.0, 0.0,  0, 0.0000,   467, 0.0,29.2, 0.0
M3,30/06/22,10:58:58,     1, 11127,   402, 1028.9, 300, 0.0, 0.0, 0.0,  0, 0.0000,   466, 0.0,29.2, 0.0
M3,30/06/22,10:58:59,     1, 11128,   402, 1028.9, 300, 0.0, 0.0, 0.0,  0, 0.0000,   466, 0.0,29.2, 0.0
M3,30/06/22,10:59:00,     1, 11129,   402, 1028.9, 300, 0.0, 0.0, 0.0,  0, 0.0000,   466, 0.0,29.2, 0.0
M3,30/06/22,10:59:01,     1, 11130,   402, 1028.9, 300, 0.0, 0.0, 0.0,  0, 0.0000,   466, 0.0,29.2, 0.0
M3,30/06/22,10:59:02,     1, 11131,   402, 1028.9, 300, 0.0, 0.0, 0.0,  0, 0.0000,   465, 0.0,29.2, 0.0
M3,30/06/22,10:59:03,     1, 11132,   402, 1028.9, 300, 0.0, 0.0, 0.0,  0, 0.0000,   465, 0.0,29.2, 0.0
M3,30/06/22,10:59:05,     1, 11133,   402, 1028.9, 300, 0.0, 0.0, 0.0,  0, 0.0000,   465, 0.0,29.2, 0.0
M3,30/06/22,10:59:06,     1, 11134,   402, 1028.9, 300, 0.0, 0.0, 0.0,  0, 0.0000,   465, 0.0,29.2, 0.0
M3,30/06/22,10:59:07,     1, 11135,   401, 1028.9, 300, 0.0, 0.0, 0.0,  0, 0.0000,   464, 0.0,29.2, 0.0
M3,30/06/22,10:59:08,     1, 11136,   401, 1028.9, 300, 0.0, 0.0, 0.0,  0, 0.0000,   464, 0.0,29.2, 0.0
M3,30/06/22,10:59:09,     1, 11137,   401, 1028.9, 300, 0.0, 0.0, 0.0,  0, 0.0000,   464, 0.0,29.2, 0.0
M3,30/06/22,10:59:10,     1, 11138,   401, 1028.9, 300, 0.0, 0.0, 0.0,  0, 0.0000,   464, 0.0,29.2, 0.0
M3,30/06/22,10:59:11,     1, 11139,   401, 1028.9, 300, 0.0, 0.0, 0.0,  0, 0.0000,   464, 0.0,29.2, 0.0
M3,30/06/22,10:59:12,     1, 11140,   401, 1028.9, 300, 0.0, 0.0, 0.0,  0, 0.0000,   464, 0.0,29.2, 0.0
M3,30/06/22,10:59:13,     1, 11141,   401, 1028.9, 300, 0.0, 0.0, 0.0,  0, 0.0000,   464, 0.0,29.2, 0.0
M3,30/06/22,10:59:14,     1, 11142,   401, 1028.9, 300, 0.0, 0.0, 0.0,  0, 0.0000,   463, 0.0,29.2, 0.0
M3,30/06/22,10:59:15,     1, 11143,   401, 1028.9, 300, 0.0, 0.0, 0.0,  0, 0.0000,   463, 0.0,29.2, 0.0
M3,30/06/22,10:59:16,     1, 11144,   401, 1028.9, 300, 0.0, 0.0, 0.0,  0, 0.0000,   463, 0.0,29.2, 0.0
M3,30/06/22,10:59:17,     1, 11145,   401, 1028.9, 300, 0.0, 0.0, 0.0,  0, 0.0000,   463, 0.0,29.2, 0.0
M3,30/06/22,10:59:18,     1, 11146,   401, 1028.9, 299, 0.0, 0.0, 0.0,  0, 0.0000,   463, 0.0,29.2, 0.0
M3,30/06/22,10:59:19,     1, 11147,   401, 1028.9, 300, 0.0, 0.0, 0.0,  0, 0.0000,   462, 0.0,29.2, 0.0
M3,30/06/22,10:59:20,     1, 11148,   401, 1028.9, 300, 0.0, 0.0, 0.0,  0, 0.0000,   462, 0.0,29.2, 0.0
M3,30/06/22,10:59:21,     1, 11149,   401, 1028.9, 300, 0.0, 0.0, 0.0,  0, 0.0000,   461, 0.0,29.2, 0.0
M3,30/06/22,10:59:22,     1, 11150,   401, 1028.9, 300, 0.0, 0.0, 0.0,  0, 0.0000,   461, 0.0,29.2, 0.0
M3,30/06/22,10:59:23,     1, 11151,   401, 1028.9, 300, 0.0, 0.0, 0.0,  0, 0.0000,   461, 0.0,29.2, 0.0
M3,30/06/22,10:59:24,     1, 11152,   401, 1028.9, 300, 0.0, 0.0, 0.0,  0, 0.0000,   461, 0.0,29.2, 0.0
M3,30/06/22,10:59:25,     1, 11153,   401, 1028.9, 299, 0.0, 0.0, 0.0,  0, 0.0000,   461, 0.0,29.2, 0.0
M3,30/06/22,10:59:26,     1, 11154,   401, 1028.9, 300, 0.0, 0.0, 0.0,  0, 0.0000,   461, 0.0,29.2, 0.0
M3,30/06/22,10:59:27,     1, 11155,   401, 1028.9, 300, 0.0, 0.0, 0.0,  0, 0.0000,   461, 0.0,29.2, 0.0
M3,30/06/22,10:59:28,     1, 11156,   401, 1028.9, 300, 0.0, 0.0, 0.0,  0, 0.0000,   461, 0.0,29.2, 0.0
M3,30/06/22,10:59:29,     1, 11157,   400, 1028.9, 300, 0.0, 0.0, 0.0,  0, 0.0000,   461, 0.0,29.2, 0.0
M3,30/06/22,10:59:30,     1, 11158,   400, 1028.9, 300, 0.0, 0.0, 0.0,  0, 0.0000,   461, 0.0,29.2, 0.0
M3,30/06/22,10:59:31,     1, 11159,   400, 1028.9, 300, 0.0, 0.0, 0.0, 25, 0.0000,   461, 0.0,29.2, 0.0
M3,30/06/22,10:59:32,     1, 11160,   400, 1028.9, 300, 0.0, 0.0, 0.0, 25, 0.0000,   461, 0.0,29.2, 0.0
M3,30/06/22,10:59:33,     1, 11161,   400, 1028.9, 300, 0.0, 0.0, 0.0, 25, 0.0000,   461, 0.0,29.2, 0.0
M3,30/06/22,10:59:34,     1, 11162,   400, 1028.9, 300, 0.0, 0.0, 0.0, 25, 0.0000,   461, 0.0,29.2, 0.0
M3,30/06/22,10:59:35,     1, 11163,   400, 1028.9, 300, 0.0, 0.0, 0.0, 25, 0.0000,   461, 0.0,29.2, 0.0
M3,30/06/22,10:59:36,     1, 11164,   400, 1028.9, 300, 0.0, 0.0, 0.0,  0, 0.0000,   461, 0.0,29.2, 0.0
M3,30/06/22,10:59:37,     1, 11165,   400, 1028.9, 300, 0.0, 0.0, 0.0,  0, 0.0000,   461, 0.0,29.2, 0.0
M3,30/06/22,10:59:38,     1, 11166,   400, 1028.9, 300, 0.0, 0.0, 0.0,  0, 0.0000,   461, 0.0,29.2, 0.0
M3,30/06/22,10:59:39,     1, 11167,   401, 1028.9, 300, 0.0, 0.0, 0.0,  0, 0.0000,   461, 0.0,29.2, 0.0
M3,30/06/22,10:59:40,     1, 11168,   401, 1028.9, 300, 0.0, 0.0, 0.0,  0, 0.0000,   461, 0.0,29.2, 0.0
M3,30/06/22,10:59:41,     1, 11169,   400, 1028.9, 300, 0.0, 0.0, 0.0,  0, 0.0000,   461, 0.0,29.2, 0.0
M3,30/06/22,10:59:42,     1, 11170,   400, 1028.9, 300, 0.0, 0.0, 0.0,  0, 0.0000,   461, 0.0,29.2, 0.0
M3,30/06/22,10:59:43,     1, 11171,   400, 1028.9, 300, 0.0, 0.0, 0.0,  0, 0.0000,   461, 0.0,29.2, 0.0
M3,30/06/22,10:59:44,     1, 11172,   401, 1028.9, 300, 0.0, 0.0, 0.0,  0, 0.0000,   461, 0.0,29.2, 0.0
M3,30/06/22,10:59:45,     1, 11173,   401, 1028.9, 300, 0.0, 0.0, 0.0,  0, 0.0000,   461, 0.0,29.2, 0.0
M3,30/06/22,10:59:46,     1, 11174,   400, 1028.9, 300, 0.0, 0.0, 0.0,  0, 0.0000,   461, 0.0,29.2, 0.0
M3,30/06/22,10:59:47,     1, 11175,   400, 1028.9, 300, 0.0, 0.0, 0.0,  0, 0.0000,   461, 0.0,29.2, 0.0
M3,30/06/22,10:59:48,     1, 11176,   400, 1028.9, 300, 0.0, 0.0, 0.0,  0, 0.0000,   461, 0.0,29.2, 0.0
M3,30/06/22,10:59:49,     1, 11177,   400, 1028.9, 300, 0.0, 0.0, 0.0,  0, 0.0000,   460, 0.0,29.2, 0.0
M3,30/06/22,10:59:50,     1, 11178,   400, 1028.9, 300, 0.0, 0.0, 0.0,  0, 0.0000,   460, 0.0,29.2, 0.0
M3,30/06/22,10:59:51,     1, 11179,   400, 1028.9, 300, 0.0, 0.0, 0.0,  0, 0.0000,   460, 0.0,29.2, 0.0
M3,30/06/22,10:59:52,     1, 11180,   400, 1028.9, 300, 0.0, 0.0, 0.0,  0, 0.0000,   460, 0.0,29.2, 0.0
M3,30/06/22,10:59:53,     1, 11181,   400, 1028.9, 300, 0.0, 0.0, 0.0,  0, 0.0000,   460, 0.0,29.2, 0.0
M3,30/06/22,10:59:54,     1, 11182,   400, 1028.9, 300, 0.0, 0.0, 0.0,  0, 0.0000,   460, 0.0,29.2, 0.0
M3,30/06/22,10:59:55,     1, 11183,   400, 1028.9, 300, 0.0, 0.0, 0.0,  0, 0.0000,   461, 0.0,29.2, 0.0
M3,30/06/22,10:59:56,     1, 11184,   400, 1028.9, 300, 0.0, 0.0, 0.0,  0, 0.0000,   461, 0.0,29.3, 0.0
M3,30/06/22,10:59:57,     1, 11185,   400, 1028.9, 300, 0.0, 0.0, 0.0,  0, 0.0000,   460, 0.0,29.3, 0.0
M3,30/06/22,10:59:58,     1, 11186,   399, 1028.9, 300, 0.0, 0.0, 0.0,  0, 0.0000,   460, 0.0,29.3, 0.0
M3,30/06/22,10:59:59,     1, 11187,   399, 1028.9, 300, 0.0, 0.0, 0.0,  0, 0.0000,   461, 0.0,29.3, 0.0
M3,30/06/22,11:00:00,     1, 11188,   399, 1028.9, 300, 0.0, 0.0, 0.0,  0, 0.0000,   460, 0.0,29.3, 0.0
M3,30/06/22,11:00:01,     1, 11189,   399, 1028.9, 300, 0.0, 0.0, 0.0,  0, 0.0000,   460, 0.0,29.3, 0.0
M3,30/06/22,11:00:02,     1, 11190,   399, 1028.9, 300, 0.0, 0.0, 0.0,  0, 0.0000,   460, 0.0,29.3, 0.0
M3,30/06/22,11:00:03,     1, 11191,   399, 1028.9, 300, 0.0, 0.0, 0.0,  0, 0.0000,   460, 0.0,29.3, 0.0
M3,30/06/22,11:00:04,     1, 11192,   399, 1028.9, 300, 0.0, 0.0, 0.0,  0, 0.0000,   461, 0.0,29.3, 0.0
M3,30/06/22,11:00:05,     1, 11193,   399, 1028.9, 300, 0.0, 0.0, 0.0,  0, 0.0000,   460, 0.0,29.3, 0.0
M3,30/06/22,11:00:06,     1, 11194,   399, 1028.9, 300, 0.0, 0.0, 0.0,  0, 0.0000,   460, 0.0,29.3, 0.0
M3,30/06/22,11:00:07,     1, 11195,   399, 1028.9, 300, 0.0, 0.0, 0.0,  0, 0.0000,   460, 0.0,29.3, 0.0
M3,30/06/22,11:00:08,     1, 11196,   399, 1028.9, 300, 0.0, 0.0, 0.0,  0, 0.0000,   461, 0.0,29.3, 0.0
M3,30/06/22,11:00:09,     1, 11197,   399, 1028.9, 300, 0.0, 0.0, 0.0,  0, 0.0000,   461, 0.0,29.3, 0.0
M3,30/06/22,11:00:10,     1, 11198,   400, 1028.9, 300, 0.0, 0.0, 0.0,  0, 0.0000,   460, 0.0,29.3, 0.0
M3,30/06/22,11:00:11,     1, 11199,   400, 1028.9, 300, 0.0, 0.0, 0.0,  0, 0.0000,   461, 0.0,29.3, 0.0
M3,30/06/22,11:00:12,     1, 11200,   400, 1028.9, 300, 0.0, 0.0, 0.0,  0, 0.0000,   461, 0.0,29.3, 0.0
M3,30/06/22,11:00:13,     1, 11201,   399, 1028.9, 300, 0.0, 0.0, 0.0,  0, 0.0000,   461, 0.0,29.3, 0.0
M3,30/06/22,11:00:14,     1, 11202,   399, 1028.9, 300, 0.0, 0.0, 0.0,  0, 0.0000,   461, 0.0,29.3, 0.0
M3,30/06/22,11:00:15,     1, 11203,   399, 1028.9, 300, 0.0, 0.0, 0.0,  0, 0.0000,   461, 0.0,29.3, 0.0
M3,30/06/22,11:00:16,     1, 11204,   399, 1028.9, 300, 0.0, 0.0, 0.0,  0, 0.0000,   461, 0.0,29.3, 0.0
M3,30/06/22,11:00:17,     1, 11205,   398, 1028.9, 300, 0.0, 0.0, 0.0,  0, 0.0000,   461, 0.0,29.3, 0.0
M3,30/06/22,11:00:18,     1, 11206,   398, 1028.9, 300, 0.0, 0.0, 0.0,  0, 0.0000,   461, 0.0,29.3, 0.0
M3,30/06/22,11:00:19,     1, 11207,   398, 1028.9, 300, 0.0, 0.0, 0.0,  0, 0.0000,   461, 0.0,29.3, 0.0
M3,30/06/22,11:00:20,     1, 11208,   398, 1028.9, 300, 0.0, 0.0, 0.0,  0, 0.0000,   461, 0.0,29.3, 0.0
M3,30/06/22,11:00:21,     1, 11209,   398, 1028.8, 300, 0.0, 0.0, 0.0,  0, 0.0000,   461, 0.0,29.3, 0.0
M3,30/06/22,11:00:22,     1, 11210,   398, 1028.8, 300, 0.0, 0.0, 0.0,  0, 0.0000,   461, 0.0,29.3, 0.0
M3,30/06/22,11:00:23,     1, 11211,   398, 1028.8, 300, 0.0, 0.0, 0.0,  0, 0.0000,   461, 0.0,29.3, 0.0
M3,30/06/22,11:00:24,     1, 11212,   398, 1028.8, 300, 0.0, 0.0, 0.0,  0, 0.0000,   462, 0.0,29.3, 0.0
M3,30/06/22,11:00:25,     1, 11213,   398, 1028.8, 300, 0.0, 0.0, 0.0,  0, 0.0000,   462, 0.0,29.3, 0.0
M3,30/06/22,11:00:26,     1, 11214,   398, 1028.9, 300, 0.0, 0.0, 0.0,  0, 0.0000,   462, 0.0,29.3, 0.0
M3,30/06/22,11:00:27,     1, 11215,   398, 1028.9, 300, 0.0, 0.0, 0.0,  0, 0.0000,   462, 0.0,29.3, 0.0
M3,30/06/22,11:00:28,     1, 11216,   398, 1028.9, 300, 0.0, 0.0, 0.0,  0, 0.0000,   462, 0.0,29.3, 0.0
M3,30/06/22,11:00:29,     1, 11217,   398, 1028.9, 300, 0.0, 0.0, 0.0,  0, 0.0000,   462, 0.0,29.3, 0.0
M3,30/06/22,11:00:30,     1, 11218,   399, 1028.9, 300, 0.0, 0.0, 0.0,  0, 0.0000,   462, 0.0,29.3, 0.0
M3,30/06/22,11:00:31,     1, 11219,   398, 1028.9, 300, 0.0, 0.0, 0.0,  0, 0.0000,   462, 0.0,29.3, 0.0
Zero
