Tag(M3),Date,Time,Plot_No,Rec_No,CO2,Pressure,Flow,H2O,Tsen,O2,Error,Aux_V,PAR,Tsoil,Tair,Msoil
M3,07/06/22,10:26:25,     1,  5462,   416, 1026.3, 300, 0.0, 0.0, 0.0, 61, 0.0000,   391, 0.0,21.7, 0.0
M3,07/06/22,10:26:26,     1,  5463,   415, 1026.3, 300, 0.0, 0.0, 0.0,  0, 0.0000,   413, 0.0,21.7, 0.0
M3,07/06/22,10:26:27,     1,  5464,   416, 1026.3, 300, 0.0, 0.0, 0.0,  0, 0.0000,   405, 0.0,21.7, 0.0
M3,07/06/22,10:26:28,     1,  5465,   416, 1026.3, 300, 0.0, 0.0, 0.0,  0, 0.0000,   392, 0.0,21.7, 0.0
M3,07/06/22,10:26:29,     1,  5466,   416, 1026.3, 300, 0.0, 0.0, 0.0,  0, 0.0000,   385, 0.0,21.7, 0.0
M3,07/06/22,10:26:30,     1,  5467,   416, 1026.3, 300, 0.0, 0.0, 0.0,  0, 0.0000,   366, 0.0,21.7, 0.0
M3,07/06/22,10:26:31,     1,  5468,   415, 1026.3, 300, 0.0, 0.0, 0.0,  0, 0.0000,   357, 0.0,21.7, 0.0
M3,07/06/22,10:26:32,     1,  5469,   415, 1026.3, 300, 0.0, 0.0, 0.0,  0, 0.0000,   349, 0.0,21.7, 0.0
M3,07/06/22,10:26:33,     1,  5470,   415, 1026.3, 300, 0.0, 0.0, 0.0,  0, 0.0000,   332, 0.0,21.7, 0.0
M3,07/06/22,10:26:34,     1,  5471,   415, 1026.3, 300, 0.0, 0.0, 0.0,  0, 0.0000,   316, 0.0,21.7, 0.0
M3,07/06/22,10:26:35,     1,  5472,   415, 1026.3, 300, 0.0, 0.0, 0.0,  0, 0.0000,   306, 0.0,21.7, 0.0
M3,07/06/22,10:26:36,     1,  5473,   415, 1026.3, 300, 0.0, 0.0, 0.0,  0, 0.0000,   291, 0.0,21.7, 0.0
M3,07/06/22,10:26:37,     1,  5474,   415, 1026.3, 300, 0.0, 0.0, 0.0,  0, 0.0000,   282, 0.0,21.7, 0.0
M3,07/06/22,10:26:38,     1,  5475,   415, 1026.3, 300, 0.0, 0.0, 0.0,  0, 0.0000,   270, 0.0,21.7, 0.0
M3,07/06/22,10:26:39,     1,  5476,   415, 1026.2, 300, 0.0, 0.0, 0.0,  0, 0.0000,   262, 0.0,21.7, 0.0
M3,07/06/22,10:26:40,     1,  5477,   415, 1026.2, 300, 0.0, 0.0, 0.0,  0, 0.0000,   261, 0.0,21.7, 0.0
M3,07/06/22,10:26:41,     1,  5478,   415, 1026.3, 300, 0.0, 0.0, 0.0,  0, 0.0000,   265, 0.0,21.7, 0.0
M3,07/06/22,10:26:42,     1,  5479,   415, 1026.3, 300, 0.0, 0.0, 0.0,  0, 0.0000,   271, 0.0,21.7, 0.0
M3,07/06/22,10:26:43,     1,  5480,   415, 1026.3, 300, 0.0, 0.0, 0.0,  0, 0.0000,   279, 0.0,21.7, 0.0
M3,07/06/22,10:26:44,     1,  5481,   415, 1026.3, 300, 0.0, 0.0, 0.0,  0, 0.0000,   286, 0.0,21.7, 0.0
M3,07/06/22,10:26:45,     1,  5482,   415, 1026.3, 300, 0.0, 0.0, 0.0,  0, 0.0000,   294, 0.0,21.7, 0.0
M3,07/06/22,10:26:46,     1,  5483,   415, 1026.3, 300, 0.0, 0.0, 0.0,  0, 0.0000,   299, 0.0,21.7, 0.0
M3,07/06/22,10:26:47,     1,  5484,   415, 1026.3, 300, 0.0, 0.0, 0.0,  0, 0.0000,   309, 0.0,21.7, 0.0
M3,07/06/22,10:26:48,     1,  5485,   415, 1026.3, 300, 0.0, 0.0, 0.0,  0, 0.0000,   311, 0.0,21.7, 0.0
M3,07/06/22,10:26:49,     1,  5486,   415, 1026.3, 300, 0.0, 0.0, 0.0,  0, 0.0000,   324, 0.0,21.7, 0.0
M3,07/06/22,10:26:50,     1,  5487,   415, 1026.3, 300, 0.0, 0.0, 0.0,  0, 0.0000,   357, 0.0,21.7, 0.0
M3,07/06/22,10:26:51,     1,  5488,   415, 1026.3, 300, 0.0, 0.0, 0.0,  0, 0.0000,   368, 0.0,21.7, 0.0
M3,07/06/22,10:26:52,     1,  5489,   415, 1026.3, 300, 0.0, 0.0, 0.0,  0, 0.0000,   376, 0.0,21.7, 0.0
M3,07/06/22,10:26:53,     1,  5490,   415, 1026.3, 300, 0.0, 0.0, 0.0,  0, 0.0000,   379, 0.0,21.7, 0.0
M3,07/06/22,10:26:54,     1,  5491,   415, 1026.3, 300, 0.0, 0.0, 0.0,  0, 0.0000,   386, 0.0,21.7, 0.0
M3,07/06/22,10:26:55,     1,  5492,   415, 1026.3, 300, 0.0, 0.0, 0.0,  0, 0.0000,   404, 0.0,21.7, 0.0
M3,07/06/22,10:26:56,     1,  5493,   414, 1026.3, 300, 0.0, 0.0, 0.0,  0, 0.0000,   409, 0.0,21.7, 0.0
M3,07/06/22,10:26:57,     1,  5494,   414, 1026.3, 300, 0.0, 0.0, 0.0,  0, 0.0000,   416, 0.0,21.7, 0.0
M3,07/06/22,10:26:58,     1,  5495,   415, 1026.3, 300, 0.0, 0.0, 0.0,  0, 0.0000,   430, 0.0,21.7, 0.0
M3,07/06/22,10:26:59,     1,  5496,   415, 1026.3, 300, 0.0, 0.0, 0.0,  0, 0.0000,   418, 0.0,21.7, 0.0
M3,07/06/22,10:27:00,     1,  5497,   415, 1026.3, 300, 0.0, 0.0, 0.0,  0, 0.0000,   412, 0.0,21.7, 0.0
M3,07/06/22,10:27:01,     1,  5498,   415, 1026.3, 300, 0.0, 0.0, 0.0,  0, 0.0000,   410, 0.0,21.7, 0.0
M3,07/06/22,10:27:02,     1,  5499,   415, 1026.3, 300, 0.0, 0.0, 0.0,  0, 0.0000,   412, 0.0,21.7, 0.0
M3,07/06/22,10:27:03,     1,  5500,   415, 1026.3, 300, 0.0, 0.0, 0.0,  0, 0.0000,   418, 0.0,21.7, 0.0
M3,07/06/22,10:27:04,     1,  5501,   415, 1026.3, 300, 0.0, 0.0, 0.0,  0, 0.0000,   409, 0.0,21.8, 0.0
M3,07/06/22,10:27:05,     1,  5502,   415, 1026.3, 300, 0.0, 0.0, 0.0,  0, 0.0000,   415, 0.0,21.8, 0.0
M3,07/06/22,10:27:06,     1,  5503,   415, 1026.3, 300, 0.0, 0.0, 0.0,  0, 0.0000,   415, 0.0,21.8, 0.0
M3,07/06/22,10:27:07,     1,  5504,   415, 1026.3, 300, 0.0, 0.0, 0.0,  0, 0.0000,   430, 0.0,21.8, 0.0
M3,07/06/22,10:27:08,     1,  5505,   415, 1026.4, 300, 0.0, 0.0, 0.0,  0, 0.0000,   447, 0.0,21.8, 0.0
M3,07/06/22,10:27:09,     1,  5506,   415, 1026.4, 300, 0.0, 0.0, 0.0,  0, 0.0000,   463, 0.0,21.8, 0.0
M3,07/06/22,10:27:10,     1,  5507,   415, 1026.4, 300, 0.0, 0.0, 0.0,  0, 0.0000,   468, 0.0,21.8, 0.0
M3,07/06/22,10:27:11,     1,  5508,   415, 1026.3, 300, 0.0, 0.0, 0.0,  0, 0.0000,   473, 0.0,21.8, 0.0
M3,07/06/22,10:27:12,     1,  5509,   415, 1026.3, 300, 0.0, 0.0, 0.0,  0, 0.0000,   475, 0.0,21.8, 0.0
M3,07/06/22,10:27:13,     1,  5510,   415, 1026.3, 300, 0.0, 0.0, 0.0,  0, 0.0000,   484, 0.0,21.8, 0.0
M3,07/06/22,10:27:14,     1,  5511,   415, 1026.3, 300, 0.0, 0.0, 0.0,  0, 0.0000,   474, 0.0,21.8, 0.0
M3,07/06/22,10:27:15,     1,  5512,   415, 1026.3, 300, 0.0, 0.0, 0.0,  0, 0.0000,   474, 0.0,21.8, 0.0
M3,07/06/22,10:27:16,     1,  5513,   415, 1026.3, 300, 0.0, 0.0, 0.0,  0, 0.0000,   484, 0.0,21.8, 0.0
M3,07/06/22,10:27:17,     1,  5514,   415, 1026.3, 300, 0.0, 0.0, 0.0,  0, 0.0000,   487, 0.0,21.8, 0.0
M3,07/06/22,10:27:18,     1,  5515,   415, 1026.3, 300, 0.0, 0.0, 0.0,  0, 0.0000,   495, 0.0,21.8, 0.0
M3,07/06/22,10:27:19,     1,  5516,   415, 1026.3, 300, 0.0, 0.0, 0.0,  0, 0.0000,   487, 0.0,21.8, 0.0
M3,07/06/22,10:27:20,     1,  5517,   415, 1026.3, 300, 0.0, 0.0, 0.0,  0, 0.0000,   479, 0.0,21.8, 0.0
M3,07/06/22,10:27:22,     1,  5518,   415, 1026.3, 300, 0.0, 0.0, 0.0,  0, 0.0000,   482, 0.0,21.8, 0.0
M3,07/06/22,10:27:23,     1,  5519,   415, 1026.3, 300, 0.0, 0.0, 0.0,  0, 0.0000,   478, 0.0,21.8, 0.0
M3,07/06/22,10:27:24,     1,  5520,   415, 1026.3, 300, 0.0, 0.0, 0.0,  0, 0.0000,   478, 0.0,21.8, 0.0
M3,07/06/22,10:27:25,     1,  5521,   415, 1026.3, 300, 0.0, 0.0, 0.0,  0, 0.0000,   476, 0.0,21.8, 0.0
M3,07/06/22,10:27:26,     1,  5522,   415, 1026.3, 300, 0.0, 0.0, 0.0,  0, 0.0000,   467, 0.0,21.8, 0.0
M3,07/06/22,10:27:27,     1,  5523,   415, 1026.3, 300, 0.0, 0.0, 0.0,  0, 0.0000,   473, 0.0,21.8, 0.0
M3,07/06/22,10:27:28,     1,  5524,   415, 1026.3, 300, 0.0, 0.0, 0.0,  0, 0.0000,   472, 0.0,21.8, 0.0
M3,07/06/22,10:27:29,     1,  5525,   415, 1026.3, 300, 0.0, 0.0, 0.0,  0, 0.0000,   469, 0.0,21.8, 0.0
M3,07/06/22,10:27:30,     1,  5526,   415, 1026.3, 300, 0.0, 0.0, 0.0,  0, 0.0000,   468, 0.0,21.8, 0.0
M3,07/06/22,10:27:31,     1,  5527,   415, 1026.3, 300, 0.0, 0.0, 0.0,  0, 0.0000,   455, 0.0,21.8, 0.0
M3,07/06/22,10:27:32,     1,  5528,   415, 1026.3, 300, 0.0, 0.0, 0.0,  0, 0.0000,   443, 0.0,21.8, 0.0
M3,07/06/22,10:27:33,     1,  5529,   415, 1026.3, 300, 0.0, 0.0, 0.0,  0, 0.0000,   436, 0.0,21.8, 0.0
M3,07/06/22,10:27:34,     1,  5530,   415, 1026.3, 300, 0.0, 0.0, 0.0,  0, 0.0000,   428, 0.0,21.8, 0.0
M3,07/06/22,10:27:35,     1,  5531,   415, 1026.3, 300, 0.0, 0.0, 0.0,  0, 0.0000,   427, 0.0,21.8, 0.0
M3,07/06/22,10:27:36,     1,  5532,   414, 1026.3, 300, 0.0, 0.0, 0.0,  0, 0.0000,   428, 0.0,21.8, 0.0
M3,07/06/22,10:27:37,     1,  5533,   414, 1026.3, 300, 0.0, 0.0, 0.0,  0, 0.0000,   425, 0.0,21.8, 0.0
M3,07/06/22,10:27:38,     1,  5534,   415, 1026.3, 300, 0.0, 0.0, 0.0,  0, 0.0000,   426, 0.0,21.8, 0.0
M3,07/06/22,10:27:39,     1,  5535,   415, 1026.3, 300, 0.0, 0.0, 0.0,  0, 0.0000,   423, 0.0,21.8, 0.0
M3,07/06/22,10:27:40,     1,  5536,   415, 1026.3, 300, 0.0, 0.0, 0.0,  0, 0.0000,   419, 0.0,21.8, 0.0
M3,07/06/22,10:27:41,     1,  5537,   415, 1026.3, 300, 0.0, 0.0, 0.0,  0, 0.0000,   427, 0.0,21.8, 0.0
M3,07/06/22,10:27:42,     1,  5538,   415, 1026.3, 300, 0.0, 0.0, 0.0,  0, 0.0000,   408, 0.0,21.8, 0.0
M3,07/06/22,10:27:43,     1,  5539,   415, 1026.3, 300, 0.0, 0.0, 0.0,  0, 0.0000,   397, 0.0,21.8, 0.0
M3,07/06/22,10:27:44,     1,  5540,   415, 1026.3, 300, 0.0, 0.0, 0.0,  0, 0.0000,   387, 0.0,21.8, 0.0
M3,07/06/22,10:27:45,     1,  5541,   415, 1026.3, 300, 0.0, 0.0, 0.0,  0, 0.0000,   374, 0.0,21.8, 0.0
M3,07/06/22,10:27:46,     1,  5542,   415, 1026.3, 300, 0.0, 0.0, 0.0,  0, 0.0000,   361, 0.0,21.8, 0.0
M3,07/06/22,10:27:47,     1,  5543,   415, 1026.3, 300, 0.0, 0.0, 0.0,  0, 0.0000,   351, 0.0,21.8, 0.0
M3,07/06/22,10:27:48,     1,  5544,   415, 1026.3, 300, 0.0, 0.0, 0.0,  0, 0.0000,   340, 0.0,21.8, 0.0
M3,07/06/22,10:27:49,     1,  5545,   415, 1026.3, 300, 0.0, 0.0, 0.0,  0, 0.0000,   330, 0.0,21.8, 0.0
M3,07/06/22,10:27:50,     1,  5546,   415, 1026.3, 300, 0.0, 0.0, 0.0,  0, 0.0000,   327, 0.0,21.8, 0.0
M3,07/06/22,10:27:51,     1,  5547,   415, 1026.3, 300, 0.0, 0.0, 0.0,  0, 0.0000,   319, 0.0,21.8, 0.0
M3,07/06/22,10:27:52,     1,  5548,   415, 1026.3, 300, 0.0, 0.0, 0.0,  0, 0.0000,   317, 0.0,21.8, 0.0
M3,07/06/22,10:27:53,     1,  5549,   415, 1026.3, 300, 0.0, 0.0, 0.0,  0, 0.0000,   317, 0.0,21.8, 0.0
M3,07/06/22,10:27:54,     1,  5550,   415, 1026.3, 300, 0.0, 0.0, 0.0,  0, 0.0000,   323, 0.0,21.8, 0.0
M3,07/06/22,10:27:55,     1,  5551,   415, 1026.3, 300, 0.0, 0.0, 0.0,  0, 0.0000,   330, 0.0,21.8, 0.0
M3,07/06/22,10:27:56,     1,  5552,   415, 1026.3, 300, 0.0, 0.0, 0.0,  0, 0.0000,   338, 0.0,21.8, 0.0
M3,07/06/22,10:27:57,     1,  5553,   415, 1026.3, 300, 0.0, 0.0, 0.0,  0, 0.0000,   347, 0.0,21.8, 0.0
M3,07/06/22,10:27:58,     1,  5554,   415, 1026.3, 300, 0.0, 0.0, 0.0,  0, 0.0000,   346, 0.0,21.8, 0.0
M3,07/06/22,10:27:59,     1,  5555,   415, 1026.3, 300, 0.0, 0.0, 0.0,  0, 0.0000,   354, 0.0,21.9, 0.0
M3,07/06/22,10:28:00,     1,  5556,   415, 1026.3, 300, 0.0, 0.0, 0.0,  0, 0.0000,   364, 0.0,21.9, 0.0
M3,07/06/22,10:28:01,     1,  5557,   415, 1026.3, 300, 0.0, 0.0, 0.0,  0, 0.0000,   370, 0.0,21.9, 0.0
M3,07/06/22,10:28:02,     1,  5558,   415, 1026.3, 300, 0.0, 0.0, 0.0,  0, 0.0000,   378, 0.0,21.9, 0.0
M3,07/06/22,10:28:03,     1,  5559,   415, 1026.3, 300, 0.0, 0.0, 0.0,  0, 0.0000,   381, 0.0,21.9, 0.0
M3,07/06/22,10:28:04,     1,  5560,   415, 1026.3, 300, 0.0, 0.0, 0.0,  0, 0.0000,   382, 0.0,21.9, 0.0
M3,07/06/22,10:28:05,     1,  5561,   415, 1026.3, 300, 0.0, 0.0, 0.0,  0, 0.0000,   391, 0.0,21.9, 0.0
M3,07/06/22,10:28:06,     1,  5562,   415, 1026.3, 300, 0.0, 0.0, 0.0,  0, 0.0000,   401, 0.0,21.9, 0.0
M3,07/06/22,10:28:07,     1,  5563,   415, 1026.3, 300, 0.0, 0.0, 0.0,  0, 0.0000,   404, 0.0,21.9, 0.0
M3,07/06/22,10:28:08,     1,  5564,   415, 1026.3, 300, 0.0, 0.0, 0.0,  0, 0.0000,   411, 0.0,21.9, 0.0
M3,07/06/22,10:28:09,     1,  5565,   415, 1026.3, 300, 0.0, 0.0, 0.0,  0, 0.0000,   417, 0.0,21.9, 0.0
M3,07/06/22,10:28:10,     1,  5566,   415, 1026.3, 300, 0.0, 0.0, 0.0,  0, 0.0000,   422, 0.0,21.9, 0.0
M3,07/06/22,10:28:11,     1,  5567,   415, 1026.3, 300, 0.0, 0.0, 0.0,  0, 0.0000,   429, 0.0,21.9, 0.0
M3,07/06/22,10:28:12,     1,  5568,   415, 1026.3, 300, 0.0, 0.0, 0.0,  0, 0.0000,   427, 0.0,21.9, 0.0
M3,07/06/22,10:28:13,     1,  5569,   415, 1026.3, 300, 0.0, 0.0, 0.0,  0, 0.0000,   436, 0.0,21.9, 0.0
M3,07/06/22,10:28:14,     1,  5570,   415, 1026.3, 300, 0.0, 0.0, 0.0,  0, 0.0000,   437, 0.0,21.9, 0.0
M3,07/06/22,10:28:15,     1,  5571,   415, 1026.3, 300, 0.0, 0.0, 0.0,  0, 0.0000,   440, 0.0,21.9, 0.0
M3,07/06/22,10:28:16,     1,  5572,   415, 1026.3, 300, 0.0, 0.0, 0.0,  0, 0.0000,   437, 0.0,21.9, 0.0
M3,07/06/22,10:28:17,     1,  5573,   415, 1026.3, 300, 0.0, 0.0, 0.0,  0, 0.0000,   431, 0.0,21.9, 0.0
M3,07/06/22,10:28:18,     1,  5574,   415, 1026.3, 300, 0.0, 0.0, 0.0,  0, 0.0000,   429, 0.0,21.9, 0.0
M3,07/06/22,10:28:19,     1,  5575,   415, 1026.3, 300, 0.0, 0.0, 0.0,  0, 0.0000,   425, 0.0,21.9, 0.0
M3,07/06/22,10:28:20,     1,  5576,   415, 1026.3, 300, 0.0, 0.0, 0.0,  0, 0.0000,   434, 0.0,21.9, 0.0
M3,07/06/22,10:28:21,     1,  5577,   415, 1026.3, 300, 0.0, 0.0, 0.0,  0, 0.0000,   448, 0.0,21.9, 0.0
M3,07/06/22,10:28:22,     1,  5578,   415, 1026.3, 300, 0.0, 0.0, 0.0,  0, 0.0000,   451, 0.0,21.9, 0.0
M3,07/06/22,10:28:23,     1,  5579,   415, 1026.3, 300, 0.0, 0.0, 0.0,  0, 0.0000,   450, 0.0,21.9, 0.0
M3,07/06/22,10:28:24,     1,  5580,   416, 1026.3, 300, 0.0, 0.0, 0.0,  0, 0.0000,   451, 0.0,21.9, 0.0
M3,07/06/22,10:28:25,     1,  5581,   416, 1026.3, 300, 0.0, 0.0, 0.0,  0, 0.0000,   446, 0.0,21.9, 0.0
M3,07/06/22,10:28:26,     1,  5582,   415, 1026.3, 300, 0.0, 0.0, 0.0,  0, 0.0000,   444, 0.0,21.9, 0.0
M3,07/06/22,10:28:27,     1,  5583,   415, 1026.3, 300, 0.0, 0.0, 0.0,  0, 0.0000,   441, 0.0,21.9, 0.0
M3,07/06/22,10:28:28,     1,  5584,   415, 1026.3, 300, 0.0, 0.0, 0.0,  0, 0.0000,   437, 0.0,21.9, 0.0
M3,07/06/22,10:28:29,     1,  5585,   415, 1026.3, 300, 0.0, 0.0, 0.0,  0, 0.0000,   438, 0.0,21.9, 0.0
M3,07/06/22,10:28:30,     1,  5586,   415, 1026.3, 300, 0.0, 0.0, 0.0,  0, 0.0000,   462, 0.0,21.9, 0.0
M3,07/06/22,10:28:31,     1,  5587,   415, 1026.3, 300, 0.0, 0.0, 0.0,  0, 0.0000,   465, 0.0,21.9, 0.0
M3,07/06/22,10:28:32,     1,  5588,   415, 1026.3, 300, 0.0, 0.0, 0.0,  0, 0.0000,   445, 0.0,21.9, 0.0
M3,07/06/22,10:28:33,     1,  5589,   415, 1026.3, 300, 0.0, 0.0, 0.0,  0, 0.0000,   435, 0.0,21.9, 0.0
M3,07/06/22,10:28:34,     1,  5590,   415, 1026.3, 300, 0.0, 0.0, 0.0,  0, 0.0000,   436, 0.0,21.9, 0.0
M3,07/06/22,10:28:35,     1,  5591,   415, 1026.3, 300, 0.0, 0.0, 0.0,  0, 0.0000,   399, 0.0,21.9, 0.0
M3,07/06/22,10:28:36,     1,  5592,   415, 1026.3, 300, 0.0, 0.0, 0.0,  0, 0.0000,   400, 0.0,21.9, 0.0
M3,07/06/22,10:28:37,     1,  5593,   415, 1026.3, 300, 0.0, 0.0, 0.0,  0, 0.0000,   414, 0.0,21.9, 0.0
M3,07/06/22,10:28:38,     1,  5594,   415, 1026.6, 276, 0.0, 0.0, 0.0,  0, 0.0000,   389, 0.0,21.9, 0.0
M3,07/06/22,10:28:39,     1,  5595,   415, 1026.7, 289, 0.0, 0.0, 0.0,  0, 0.0000,   305, 0.0,21.9, 0.0
M3,07/06/22,10:28:40,     1,  5596,   416, 1026.7, 318, 0.0, 0.0, 0.0,  0, 0.0000,   103, 0.0,21.8, 0.0
M3,07/06/22,10:28:41,     1,  5597,   416, 1026.6, 304, 0.0, 0.0, 0.0,  0, 0.0000,    95, 0.0,21.7, 0.0
M3,07/06/22,10:28:42,     1,  5598,   416, 1026.6, 301, 0.0, 0.0, 0.0,  0, 0.0000,   113, 0.0,21.6, 0.0
M3,07/06/22,10:28:43,     1,  5599,   416, 1026.6, 301, 0.0, 0.0, 0.0,  0, 0.0000,   103, 0.0,21.5, 0.0
M3,07/06/22,10:28:44,     1,  5600,   416, 1026.6, 301, 0.0, 0.0, 0.0,  0, 0.0000,    95, 0.0,21.4, 0.0
M3,07/06/22,10:28:45,     1,  5601,   416, 1026.6, 300, 0.0, 0.0, 0.0,  0, 0.0000,    86, 0.0,21.4, 0.0
M3,07/06/22,10:28:46,     1,  5602,   417, 1026.6, 300, 0.0, 0.0, 0.0,  0, 0.0000,    85, 0.0,21.4, 0.0
M3,07/06/22,10:28:47,     1,  5603,   418, 1026.6, 300, 0.0, 0.0, 0.0,  0, 0.0000,    95, 0.0,21.4, 0.0
M3,07/06/22,10:28:48,     1,  5604,   418, 1026.6, 300, 0.0, 0.0, 0.0,  0, 0.0000,    99, 0.0,21.4, 0.0
M3,07/06/22,10:28:49,     1,  5605,   419, 1026.6, 300, 0.0, 0.0, 0.0,  0, 0.0000,    97, 0.0,21.4, 0.0
M3,07/06/22,10:28:50,     1,  5606,   419, 1027.2, 280, 0.0, 0.0, 0.0,  0, 0.0000,    78, 0.0,21.3, 0.0
M3,07/06/22,10:28:51,     1,  5607,   419, 1027.1, 285, 0.0, 0.0, 0.0,  0, 0.0000,   119, 0.0,21.3, 0.0
M3,07/06/22,10:28:52,     1,  5608,   419, 1027.1, 303, 0.0, 0.0, 0.0,  0, 0.0000,   270, 0.0,21.2, 0.0
M3,07/06/22,10:28:53,     1,  5609,   419, 1027.1, 298, 0.0, 0.0, 0.0,  0, 0.0000,   474, 0.0,21.1, 0.0
M3,07/06/22,10:28:54,     1,  5610,   419, 1027.0, 302, 0.0, 0.0, 0.0,  0, 0.0000,   414, 0.0,21.0, 0.0
M3,07/06/22,10:28:55,     1,  5611,   419, 1026.9, 302, 0.0, 0.0, 0.0,  0, 0.0000,   429, 0.0,21.0, 0.0
M3,07/06/22,10:28:56,     1,  5612,   419, 1026.8, 301, 0.0, 0.0, 0.0,  0, 0.0000,   453, 0.0,21.1, 0.0
M3,07/06/22,10:28:57,     1,  5613,   418, 1026.8, 300, 0.0, 0.0, 0.0,  0, 0.0000,   221, 0.0,21.1, 0.0
M3,07/06/22,10:28:58,     1,  5614,   418, 1026.7, 300, 0.0, 0.0, 0.0,  0, 0.0000,   403, 0.0,21.2, 0.0
M3,07/06/22,10:28:59,     1,  5615,   419, 1026.6, 300, 0.0, 0.0, 0.0,  0, 0.0000,   450, 0.0,21.2, 0.0
M3,07/06/22,10:29:00,     1,  5616,   419, 1026.6, 300, 0.0, 0.0, 0.0,  0, 0.0000,   429, 0.0,21.3, 0.0
M3,07/06/22,10:29:01,     1,  5617,   419, 1026.5, 300, 0.0, 0.0, 0.0,  0, 0.0000,   403, 0.0,21.3, 0.0
M3,07/06/22,10:29:02,     1,  5618,   418, 1026.5, 300, 0.0, 0.0, 0.0,  0, 0.0000,   391, 0.0,21.4, 0.0
M3,07/06/22,10:29:03,     1,  5619,   418, 1026.5, 300, 0.0, 0.0, 0.0,  0, 0.0000,   376, 0.0,21.4, 0.0
M3,07/06/22,10:29:04,     1,  5620,   418, 1026.4, 300, 0.0, 0.0, 0.0,  0, 0.0000,   371, 0.0,21.5, 0.0
M3,07/06/22,10:29:05,     1,  5621,   418, 1026.4, 300, 0.0, 0.0, 0.0,  0, 0.0000,   370, 0.0,21.5, 0.0
M3,07/06/22,10:29:06,     1,  5622,   417, 1026.4, 300, 0.0, 0.0, 0.0,  0, 0.0000,   355, 0.0,21.5, 0.0
M3,07/06/22,10:29:07,     1,  5623,   418, 1026.4, 300, 0.0, 0.0, 0.0,  0, 0.0000,   355, 0.0,21.5, 0.0
M3,07/06/22,10:29:08,     1,  5624,   418, 1026.4, 300, 0.0, 0.0, 0.0,  0, 0.0000,   349, 0.0,21.6, 0.0
M3,07/06/22,10:29:09,     1,  5625,   418, 1026.3, 300, 0.0, 0.0, 0.0,  0, 0.0000,   329, 0.0,21.6, 0.0
M3,07/06/22,10:29:10,     1,  5626,   418, 1026.3, 300, 0.0, 0.0, 0.0,  0, 0.0000,   319, 0.0,21.6, 0.0
M3,07/06/22,10:29:11,     1,  5627,   418, 1026.3, 300, 0.0, 0.0, 0.0,  0, 0.0000,   310, 0.0,21.6, 0.0
M3,07/06/22,10:29:12,     1,  5628,   417, 1026.3, 300, 0.0, 0.0, 0.0,  0, 0.0000,   301, 0.0,21.6, 0.0
M3,07/06/22,10:29:13,     1,  5629,   417, 1026.3, 300, 0.0, 0.0, 0.0,  0, 0.0000,   295, 0.0,21.6, 0.0
M3,07/06/22,10:29:14,     1,  5630,   417, 1026.3, 300, 0.0, 0.0, 0.0,  0, 0.0000,   291, 0.0,21.6, 0.0
M3,07/06/22,10:29:15,     1,  5631,   417, 1026.3, 300, 0.0, 0.0, 0.0,  0, 0.0000,   291, 0.0,21.7, 0.0
M3,07/06/22,10:29:16,     1,  5632,   417, 1026.3, 300, 0.0, 0.0, 0.0,  0, 0.0000,   289, 0.0,21.7, 0.0
M3,07/06/22,10:29:17,     1,  5633,   417, 1026.3, 300, 0.0, 0.0, 0.0,  0, 0.0000,   285, 0.0,21.7, 0.0
M3,07/06/22,10:29:18,     1,  5634,   417, 1026.3, 300, 0.0, 0.0, 0.0,  0, 0.0000,   287, 0.0,21.7, 0.0
M3,07/06/22,10:29:19,     1,  5635,   417, 1026.3, 300, 0.0, 0.0, 0.0,  0, 0.0000,   289, 0.0,21.7, 0.0
M3,07/06/22,10:29:20,     1,  5636,   417, 1026.3, 300, 0.0, 0.0, 0.0,  0, 0.0000,   295, 0.0,21.7, 0.0
M3,07/06/22,10:29:21,     1,  5637,   417, 1026.3, 300, 0.0, 0.0, 0.0,  0, 0.0000,   299, 0.0,21.7, 0.0
M3,07/06/22,10:29:22,     1,  5638,   417, 1026.3, 300, 0.0, 0.0, 0.0,  0, 0.0000,   315, 0.0,21.7, 0.0
M3,07/06/22,10:29:23,     1,  5639,   417, 1026.3, 300, 0.0, 0.0, 0.0, 24, 0.0000,   336, 0.0,21.7, 0.0
M3,07/06/22,10:29:24,     1,  5640,   417, 1026.3, 300, 0.0, 0.0, 0.0, 24, 0.0000,   358, 0.0,21.7, 0.0
M3,07/06/22,10:29:25,     1,  5641,   417, 1026.3, 300, 0.0, 0.0, 0.0, 24, 0.0000,   390, 0.0,21.7, 0.0
M3,07/06/22,10:29:26,     1,  5642,   416, 1026.3, 300, 0.0, 0.0, 0.0, 24, 0.0000,   416, 0.0,21.7, 0.0
M3,07/06/22,10:29:27,     1,  5643,   416, 1026.3, 300, 0.0, 0.0, 0.0, 24, 0.0000,   449, 0.0,21.7, 0.0
M3,07/06/22,10:29:28,     1,  5644,   416, 1026.3, 300, 0.0, 0.0, 0.0,  0, 0.0000,   485, 0.0,21.7, 0.0
M3,07/06/22,10:29:29,     1,  5645,   416, 1026.3, 300, 0.0, 0.0, 0.0,  0, 0.0000,   494, 0.0,21.7, 0.0
M3,07/06/22,10:29:30,     1,  5646,   416, 1026.3, 300, 0.0, 0.0, 0.0,  0, 0.0000,   507, 0.0,21.7, 0.0
M3,07/06/22,10:29:31,     1,  5647,   416, 1026.3, 300, 0.0, 0.0, 0.0,  0, 0.0000,   515, 0.0,21.7, 0.0
M3,07/06/22,10:29:32,     1,  5648,   416, 1026.3, 300, 0.0, 0.0, 0.0,  0, 0.0000,   509, 0.0,21.8, 0.0
M3,07/06/22,10:29:33,     1,  5649,   417, 1026.3, 300, 0.0, 0.0, 0.0,  0, 0.0000,   514, 0.0,21.8, 0.0
M3,07/06/22,10:29:34,     1,  5650,   417, 1026.3, 300, 0.0, 0.0, 0.0,  0, 0.0000,   538, 0.0,21.8, 0.0
M3,07/06/22,10:29:35,     1,  5651,   417, 1026.3, 300, 0.0, 0.0, 0.0,  0, 0.0000,   540, 0.0,21.8, 0.0
M3,07/06/22,10:29:36,     1,  5652,   417, 1026.3, 300, 0.0, 0.0, 0.0,  0, 0.0000,   529, 0.0,21.8, 0.0
M3,07/06/22,10:29:37,     1,  5653,   416, 1026.3, 300, 0.0, 0.0, 0.0,  0, 0.0000,   537, 0.0,21.8, 0.0
M3,07/06/22,10:29:38,     1,  5654,   416, 1026.3, 300, 0.0, 0.0, 0.0,  0, 0.0000,   534, 0.0,21.8, 0.0
M3,07/06/22,10:29:39,     1,  5655,   416, 1026.3, 300, 0.0, 0.0, 0.0,  0, 0.0000,   522, 0.0,21.8, 0.0
M3,07/06/22,10:29:40,     1,  5656,   416, 1026.3, 300, 0.0, 0.0, 0.0,  0, 0.0000,   538, 0.0,21.8, 0.0
M3,07/06/22,10:29:41,     1,  5657,   416, 1026.3, 300, 0.0, 0.0, 0.0,  0, 0.0000,   526, 0.0,21.8, 0.0
M3,07/06/22,10:29:42,     1,  5658,   416, 1026.3, 300, 0.0, 0.0, 0.0,  0, 0.0000,   529, 0.0,21.8, 0.0
M3,07/06/22,10:29:43,     1,  5659,   416, 1026.3, 300, 0.0, 0.0, 0.0,  0, 0.0000,   511, 0.0,21.8, 0.0
M3,07/06/22,10:29:44,     1,  5660,   416, 1026.3, 300, 0.0, 0.0, 0.0,  0, 0.0000,   492, 0.0,21.8, 0.0
M3,07/06/22,10:29:45,     1,  5661,   416, 1026.3, 300, 0.0, 0.0, 0.0,  0, 0.0000,   481, 0.0,21.8, 0.0
M3,07/06/22,10:29:46,     1,  5662,   416, 1026.3, 300, 0.0, 0.0, 0.0,  0, 0.0000,   467, 0.0,21.8, 0.0
M3,07/06/22,10:29:48,     1,  5663,   416, 1026.3, 300, 0.0, 0.0, 0.0,  0, 0.0000,   449, 0.0,21.8, 0.0
M3,07/06/22,10:29:49,     1,  5664,   416, 1026.3, 300, 0.0, 0.0, 0.0,  0, 0.0000,   431, 0.0,21.8, 0.0
M3,07/06/22,10:29:50,     1,  5665,   416, 1026.3, 300, 0.0, 0.0, 0.0,  0, 0.0000,   429, 0.0,21.8, 0.0
M3,07/06/22,10:29:51,     1,  5666,   416, 1026.3, 300, 0.0, 0.0, 0.0,  0, 0.0000,   411, 0.0,21.8, 0.0
M3,07/06/22,10:29:52,     1,  5667,   416, 1026.3, 300, 0.0, 0.0, 0.0,  0, 0.0000,   400, 0.0,21.8, 0.0
M3,07/06/22,10:29:53,     1,  5668,   416, 1026.3, 300, 0.0, 0.0, 0.0,  0, 0.0000,   385, 0.0,21.8, 0.0
M3,07/06/22,10:29:54,     1,  5669,   416, 1026.3, 300, 0.0, 0.0, 0.0,  0, 0.0000,   369, 0.0,21.8, 0.0
M3,07/06/22,10:29:55,     1,  5670,   415, 1026.3, 300, 0.0, 0.0, 0.0,  0, 0.0000,   350, 0.0,21.8, 0.0
M3,07/06/22,10:29:56,     1,  5671,   415, 1026.3, 300, 0.0, 0.0, 0.0,  0, 0.0000,   339, 0.0,21.8, 0.0
M3,07/06/22,10:29:57,     1,  5672,   416, 1026.3, 300, 0.0, 0.0, 0.0,  0, 0.0000,   335, 0.0,21.8, 0.0
M3,07/06/22,10:29:58,     1,  5673,   416, 1026.3, 300, 0.0, 0.0, 0.0,  0, 0.0000,   322, 0.0,21.8, 0.0
M3,07/06/22,10:29:59,     1,  5674,   416, 1026.3, 300, 0.0, 0.0, 0.0,  0, 0.0000,   316, 0.0,21.8, 0.0
M3,07/06/22,10:30:00,     1,  5675,   416, 1026.3, 300, 0.0, 0.0, 0.0,  0, 0.0000,   313, 0.0,21.8, 0.0
M3,07/06/22,10:30:01,     1,  5676,   416, 1026.3, 300, 0.0, 0.0, 0.0,  0, 0.0000,   312, 0.0,21.8, 0.0
M3,07/06/22,10:30:02,     1,  5677,   416, 1026.3, 300, 0.0, 0.0, 0.0,  0, 0.0000,   313, 0.0,21.8, 0.0
M3,07/06/22,10:30:03,     1,  5678,   417, 1026.3, 300, 0.0, 0.0, 0.0,  0, 0.0000,   317, 0.0,21.8, 0.0
M3,07/06/22,10:30:04,     1,  5679,   417, 1026.3, 300, 0.0, 0.0, 0.0,  0, 0.0000,   324, 0.0,21.8, 0.0
M3,07/06/22,10:30:05,     1,  5680,   417, 1026.3, 300, 0.0, 0.0, 0.0,  0, 0.0000,   337, 0.0,21.8, 0.0
M3,07/06/22,10:30:06,     1,  5681,   417, 1026.3, 300, 0.0, 0.0, 0.0,  0, 0.0000,   358, 0.0,21.8, 0.0
M3,07/06/22,10:30:07,     1,  5682,   417, 1026.3, 300, 0.0, 0.0, 0.0,  0, 0.0000,   381, 0.0,21.8, 0.0
M3,07/06/22,10:30:08,     1,  5683,   416, 1026.3, 300, 0.0, 0.0, 0.0,  0, 0.0000,   408, 0.0,21.8, 0.0
M3,07/06/22,10:30:09,     1,  5684,   416, 1026.3, 300, 0.0, 0.0, 0.0,  0, 0.0000,   438, 0.0,21.8, 0.0
M3,07/06/22,10:30:10,     1,  5685,   416, 1026.4, 300, 0.0, 0.0, 0.0,  0, 0.0000,   464, 0.0,21.8, 0.0
M3,07/06/22,10:30:11,     1,  5686,   416, 1026.4, 300, 0.0, 0.0, 0.0,  0, 0.0000,   488, 0.0,21.8, 0.0
M3,07/06/22,10:30:12,     1,  5687,   416, 1026.4, 300, 0.0, 0.0, 0.0,  0, 0.0000,   509, 0.0,21.8, 0.0
M3,07/06/22,10:30:13,     1,  5688,   416, 1026.3, 300, 0.0, 0.0, 0.0,  0, 0.0000,   524, 0.0,21.8, 0.0
M3,07/06/22,10:30:14,     1,  5689,   416, 1026.3, 300, 0.0, 0.0, 0.0,  0, 0.0000,   538, 0.0,21.8, 0.0
M3,07/06/22,10:30:15,     1,  5690,   416, 1026.3, 300, 0.0, 0.0, 0.0,  0, 0.0000,   552, 0.0,21.8, 0.0
M3,07/06/22,10:30:16,     1,  5691,   416, 1026.3, 300, 0.0, 0.0, 0.0,  0, 0.0000,   554, 0.0,21.8, 0.0
M3,07/06/22,10:30:17,     1,  5692,   416, 1026.3, 300, 0.0, 0.0, 0.0,  0, 0.0000,   552, 0.0,21.8, 0.0
M3,07/06/22,10:30:18,     1,  5693,   416, 1026.3, 300, 0.0, 0.0, 0.0,  0, 0.0000,   549, 0.0,21.8, 0.0
M3,07/06/22,10:30:19,     1,  5694,   416, 1026.3, 300, 0.0, 0.0, 0.0,  0, 0.0000,   559, 0.0,21.8, 0.0
M3,07/06/22,10:30:20,     1,  5695,   416, 1026.3, 300, 0.0, 0.0, 0.0,  0, 0.0000,   554, 0.0,21.8, 0.0
M3,07/06/22,10:30:21,     1,  5696,   416, 1026.3, 300, 0.0, 0.0, 0.0,  0, 0.0000,   550, 0.0,21.8, 0.0
M3,07/06/22,10:30:22,     1,  5697,   416, 1026.3, 300, 0.0, 0.0, 0.0,  0, 0.0000,   535, 0.0,21.8, 0.0
M3,07/06/22,10:30:23,     1,  5698,   416, 1026.3, 300, 0.0, 0.0, 0.0,  0, 0.0000,   533, 0.0,21.8, 0.0
M3,07/06/22,10:30:24,     1,  5699,   416, 1026.4, 300, 0.0, 0.0, 0.0, 25, 0.0000,   529, 0.0,21.8, 0.0
M3,07/06/22,10:30:25,     1,  5700,   416, 1026.4, 300, 0.0, 0.0, 0.0, 25, 0.0000,   528, 0.0,21.9, 0.0
M3,07/06/22,10:30:26,     1,  5701,   416, 1026.4, 300, 0.0, 0.0, 0.0, 25, 0.0000,   533, 0.0,21.9, 0.0
M3,07/06/22,10:30:27,     1,  5702,   416, 1026.4, 300, 0.0, 0.0, 0.0, 25, 0.0000,   536, 0.0,21.9, 0.0
M3,07/06/22,10:30:28,     1,  5703,   416, 1026.4, 300, 0.0, 0.0, 0.0, 25, 0.0000,   537, 0.0,21.9, 0.0
M3,07/06/22,10:30:29,     1,  5704,   416, 1026.4, 300, 0.0, 0.0, 0.0,  0, 0.0000,   529, 0.0,21.9, 0.0
M3,07/06/22,10:30:30,     1,  5705,   416, 1026.3, 300, 0.0, 0.0, 0.0,  0, 0.0000,   527, 0.0,21.9, 0.0
M3,07/06/22,10:30:31,     1,  5706,   415, 1026.4, 300, 0.0, 0.0, 0.0,  0, 0.0000,   516, 0.0,21.9, 0.0
M3,07/06/22,10:30:32,     1,  5707,   415, 1026.4, 300, 0.0, 0.0, 0.0,  0, 0.0000,   506, 0.0,21.9, 0.0
M3,07/06/22,10:30:33,     1,  5708,   415, 1026.4, 300, 0.0, 0.0, 0.0,  0, 0.0000,   494, 0.0,21.9, 0.0
M3,07/06/22,10:30:34,     1,  5709,   415, 1026.4, 300, 0.0, 0.0, 0.0,  0, 0.0000,   469, 0.0,21.9, 0.0
M3,07/06/22,10:30:35,     1,  5710,   415, 1026.3, 300, 0.0, 0.0, 0.0,  0, 0.0000,   451, 0.0,21.9, 0.0
M3,07/06/22,10:30:36,     1,  5711,   415, 1026.3, 300, 0.0, 0.0, 0.0,  0, 0.0000,   435, 0.0,21.9, 0.0
M3,07/06/22,10:30:37,     1,  5712,   415, 1026.3, 300, 0.0, 0.0, 0.0,  0, 0.0000,   418, 0.0,21.9, 0.0
M3,07/06/22,10:30:38,     1,  5713,   415, 1026.3, 300, 0.0, 0.0, 0.0,  0, 0.0000,   406, 0.0,21.9, 0.0
M3,07/06/22,10:30:39,     1,  5714,   415, 1026.3, 300, 0.0, 0.0, 0.0,  0, 0.0000,   398, 0.0,21.9, 0.0
M3,07/06/22,10:30:40,     1,  5715,   415, 1026.3, 300, 0.0, 0.0, 0.0,  0, 0.0000,   386, 0.0,21.9, 0.0
M3,07/06/22,10:30:41,     1,  5716,   415, 1026.3, 300, 0.0, 0.0, 0.0,  0, 0.0000,   385, 0.0,21.9, 0.0
M3,07/06/22,10:30:42,     1,  5717,   415, 1026.3, 300, 0.0, 0.0, 0.0,  0, 0.0000,   377, 0.0,21.9, 0.0
M3,07/06/22,10:30:43,     1,  5718,   415, 1026.3, 300, 0.0, 0.0, 0.0,  0, 0.0000,   374, 0.0,21.9, 0.0
M3,07/06/22,10:30:44,     1,  5719,   415, 1026.3, 300, 0.0, 0.0, 0.0,  0, 0.0000,   369, 0.0,21.9, 0.0
M3,07/06/22,10:30:45,     1,  5720,   415, 1026.3, 300, 0.0, 0.0, 0.0,  0, 0.0000,   363, 0.0,21.9, 0.0
M3,07/06/22,10:30:46,     1,  5721,   415, 1026.3, 300, 0.0, 0.0, 0.0,  0, 0.0000,   361, 0.0,21.9, 0.0
M3,07/06/22,10:30:47,     1,  5722,   415, 1026.3, 300, 0.0, 0.0, 0.0,  0, 0.0000,   354, 0.0,21.9, 0.0
M3,07/06/22,10:30:48,     1,  5723,   415, 1026.3, 300, 0.0, 0.0, 0.0,  0, 0.0000,   349, 0.0,21.9, 0.0
M3,07/06/22,10:30:49,     1,  5724,   415, 1026.3, 300, 0.0, 0.0, 0.0,  0, 0.0000,   346, 0.0,21.9, 0.0
M3,07/06/22,10:30:50,     1,  5725,   415, 1026.3, 300, 0.0, 0.0, 0.0,  0, 0.0000,   349, 0.0,21.9, 0.0
M3,07/06/22,10:30:51,     1,  5726,   415, 1026.3, 300, 0.0, 0.0, 0.0,  0, 0.0000,   347, 0.0,21.9, 0.0
M3,07/06/22,10:30:52,     1,  5727,   414, 1026.3, 300, 0.0, 0.0, 0.0,  0, 0.0000,   346, 0.0,21.9, 0.0
M3,07/06/22,10:30:53,     1,  5728,   414, 1026.3, 300, 0.0, 0.0, 0.0,  0, 0.0000,   344, 0.0,21.9, 0.0
M3,07/06/22,10:30:54,     1,  5729,   414, 1026.3, 300, 0.0, 0.0, 0.0,  0, 0.0000,   340, 0.0,21.9, 0.0
M3,07/06/22,10:30:55,     1,  5730,   414, 1026.3, 300, 0.0, 0.0, 0.0,  0, 0.0000,   336, 0.0,21.9, 0.0
M3,07/06/22,10:30:56,     1,  5731,   413, 1026.3, 300, 0.0, 0.0, 0.0,  0, 0.0000,   332, 0.0,21.9, 0.0
M3,07/06/22,10:30:57,     1,  5732,   413, 1026.3, 300, 0.0, 0.0, 0.0,  0, 0.0000,   328, 0.0,21.9, 0.0
M3,07/06/22,10:30:58,     1,  5733,   414, 1026.3, 300, 0.0, 0.0, 0.0,  0, 0.0000,   326, 0.0,21.9, 0.0
M3,07/06/22,10:30:59,     1,  5734,   414, 1026.3, 300, 0.0, 0.0, 0.0,  0, 0.0000,   323, 0.0,21.9, 0.0
M3,07/06/22,10:31:00,     1,  5735,   414, 1026.3, 300, 0.0, 0.0, 0.0,  0, 0.0000,   322, 0.0,21.9, 0.0
M3,07/06/22,10:31:01,     1,  5736,   414, 1026.3, 300, 0.0, 0.0, 0.0,  0, 0.0000,   319, 0.0,21.9, 0.0
M3,07/06/22,10:31:02,     1,  5737,   414, 1026.3, 300, 0.0, 0.0, 0.0,  0, 0.0000,   316, 0.0,21.9, 0.0
M3,07/06/22,10:31:03,     1,  5738,   414, 1026.3, 300, 0.0, 0.0, 0.0,  0, 0.0000,   315, 0.0,21.9, 0.0
M3,07/06/22,10:31:04,     1,  5739,   414, 1026.3, 300, 0.0, 0.0, 0.0,  0, 0.0000,   313, 0.0,21.9, 0.0
M3,07/06/22,10:31:05,     1,  5740,   414, 1026.3, 300, 0.0, 0.0, 0.0,  0, 0.0000,   315, 0.0,21.9, 0.0
M3,07/06/22,10:31:06,     1,  5741,   414, 1026.3, 300, 0.0, 0.0, 0.0,  0, 0.0000,   317, 0.0,21.9, 0.0
M3,07/06/22,10:31:07,     1,  5742,   414, 1026.3, 300, 0.0, 0.0, 0.0,  0, 0.0000,   321, 0.0,21.9, 0.0
M3,07/06/22,10:31:08,     1,  5743,   414, 1026.3, 300, 0.0, 0.0, 0.0,  0, 0.0000,   324, 0.0,21.9, 0.0
M3,07/06/22,10:31:09,     1,  5744,   414, 1026.3, 300, 0.0, 0.0, 0.0,  0, 0.0000,   326, 0.0,21.9, 0.0
M3,07/06/22,10:31:10,     1,  5745,   414, 1026.3, 300, 0.0, 0.0, 0.0,  0, 0.0000,   326, 0.0,21.9, 0.0
M3,07/06/22,10:31:11,     1,  5746,   414, 1026.3, 300, 0.0, 0.0, 0.0,  0, 0.0000,   324, 0.0,21.9, 0.0
M3,07/06/22,10:31:12,     1,  5747,   413, 1026.3, 300, 0.0, 0.0, 0.0,  0, 0.0000,   320, 0.0,21.9, 0.0
M3,07/06/22,10:31:13,     1,  5748,   413, 1026.3, 300, 0.0, 0.0, 0.0,  0, 0.0000,   314, 0.0,21.9, 0.0
M3,07/06/22,10:31:14,     1,  5749,   414, 1026.3, 300, 0.0, 0.0, 0.0,  0, 0.0000,   308, 0.0,21.9, 0.0
M3,07/06/22,10:31:15,     1,  5750,   414, 1026.3, 300, 0.0, 0.0, 0.0,  0, 0.0000,   304, 0.0,21.9, 0.0
M3,07/06/22,10:31:16,     1,  5751,   414, 1026.3, 300, 0.0, 0.0, 0.0,  0, 0.0000,   304, 0.0,21.9, 0.0
M3,07/06/22,10:31:17,     1,  5752,   414, 1026.3, 300, 0.0, 0.0, 0.0,  0, 0.0000,   305, 0.0,21.9, 0.0
M3,07/06/22,10:31:18,     1,  5753,   414, 1026.3, 300, 0.0, 0.0, 0.0,  0, 0.0000,   308, 0.0,21.9, 0.0
M3,07/06/22,10:31:19,     1,  5754,   414, 1026.3, 300, 0.0, 0.0, 0.0,  0, 0.0000,   314, 0.0,21.9, 0.0
M3,07/06/22,10:31:20,     1,  5755,   414, 1026.3, 300, 0.0, 0.0, 0.0,  0, 0.0000,   321, 0.0,21.9, 0.0
M3,07/06/22,10:31:21,     1,  5756,   414, 1026.3, 300, 0.0, 0.0, 0.0,  0, 0.0000,   331, 0.0,21.9, 0.0
M3,07/06/22,10:31:22,     1,  5757,   415, 1026.3, 300, 0.0, 0.0, 0.0,  0, 0.0000,   344, 0.0,21.9, 0.0
M3,07/06/22,10:31:23,     1,  5758,   415, 1026.3, 300, 0.0, 0.0, 0.0,  0, 0.0000,   358, 0.0,21.9, 0.0
M3,07/06/22,10:31:24,     1,  5759,   415, 1026.3, 300, 0.0, 0.0, 0.0,  0, 0.0000,   370, 0.0,21.9, 0.0
Zero
M3,07/06/22,10:31:51,     1,  5786,   412, 1026.3, 300, 0.0, 0.0, 0.0, 17, 0.0000,   469, 0.0,22.0, 0.0
M3,07/06/22,10:31:52,     1,  5787,   413, 1026.3, 300, 0.0, 0.0, 0.0, 17, 0.0000,   483, 0.0,22.0, 0.0
M3,07/06/22,10:31:53,     1,  5788,   414, 1026.3, 300, 0.0, 0.0, 0.0, 17, 0.0000,   498, 0.0,22.0, 0.0
M3,07/06/22,10:31:54,     1,  5789,   415, 1026.3, 300, 0.0, 0.0, 0.0, 17, 0.0000,   513, 0.0,22.0, 0.0
M3,07/06/22,10:31:55,     1,  5790,   415, 1026.3, 300, 0.0, 0.0, 0.0, 17, 0.0000,   520, 0.0,22.0, 0.0
M3,07/06/22,10:31:56,     1,  5791,   415, 1026.3, 300, 0.0, 0.0, 0.0, 17, 0.0000,   518, 0.0,22.0, 0.0
M3,07/06/22,10:31:57,     1,  5792,   415, 1026.3, 300, 0.0, 0.0, 0.0, 17, 0.0000,   507, 0.0,22.0, 0.0
M3,07/06/22,10:31:58,     1,  5793,   415, 1026.3, 300, 0.0, 0.0, 0.0, 17, 0.0000,   493, 0.0,22.0, 0.0
M3,07/06/22,10:31:59,     1,  5794,   415, 1026.3, 300, 0.0, 0.0, 0.0, 17, 0.0000,   473, 0.0,22.0, 0.0
M3,07/06/22,10:32:00,     1,  5795,   416, 1026.3, 300, 0.0, 0.0, 0.0, 17, 0.0000,   452, 0.0,22.0, 0.0
M3,07/06/22,10:32:01,     1,  5796,   416, 1026.3, 300, 0.0, 0.0, 0.0, 17, 0.0000,   430, 0.0,22.0, 0.0
M3,07/06/22,10:32:02,     1,  5797,   416, 1026.3, 300, 0.0, 0.0, 0.0, 17, 0.0000,   408, 0.0,22.0, 0.0
M3,07/06/22,10:32:03,     1,  5798,   415, 1026.3, 300, 0.0, 0.0, 0.0, 17, 0.0000,   386, 0.0,22.0, 0.0
M3,07/06/22,10:32:04,     1,  5799,   415, 1026.3, 300, 0.0, 0.0, 0.0, 17, 0.0000,   364, 0.0,22.0, 0.0
M3,07/06/22,10:32:05,     1,  5800,   414, 1026.3, 300, 0.0, 0.0, 0.0, 17, 0.0000,   343, 0.0,22.0, 0.0
M3,07/06/22,10:32:06,     1,  5801,   414, 1026.3, 300, 0.0, 0.0, 0.0, 17, 0.0000,   324, 0.0,22.0, 0.0
M3,07/06/22,10:32:07,     1,  5802,   414, 1026.3, 300, 0.0, 0.0, 0.0, 17, 0.0000,   309, 0.0,22.0, 0.0
M3,07/06/22,10:32:08,     1,  5803,   414, 1026.3, 300, 0.0, 0.0, 0.0, 17, 0.0000,   297, 0.0,22.0, 0.0
M3,07/06/22,10:32:09,     1,  5804,   414, 1026.3, 300, 0.0, 0.0, 0.0, 17, 0.0000,   288, 0.0,22.0, 0.0
M3,07/06/22,10:32:10,     1,  5805,   414, 1026.3, 300, 0.0, 0.0, 0.0, 17, 0.0000,   284, 0.0,22.0, 0.0
M3,07/06/22,10:32:12,     1,  5806,   414, 1026.3, 300, 0.0, 0.0, 0.0, 17, 0.0000,   283, 0.0,22.0, 0.0
M3,07/06/22,10:32:13,     1,  5807,   415, 1026.3, 300, 0.0, 0.0, 0.0, 17, 0.0000,   283, 0.0,22.0, 0.0
M3,07/06/22,10:32:14,     1,  5808,   415, 1026.3, 300, 0.0, 0.0, 0.0, 17, 0.0000,   282, 0.0,22.0, 0.0
M3,07/06/22,10:32:15,     1,  5809,   415, 1026.3, 300, 0.0, 0.0, 0.0, 17, 0.0000,   281, 0.0,22.0, 0.0
M3,07/06/22,10:32:16,     1,  5810,   414, 1026.3, 300, 0.0, 0.0, 0.0, 17, 0.0000,   278, 0.0,22.0, 0.0
M3,07/06/22,10:32:17,     1,  5811,   414, 1026.3, 300, 0.0, 0.0, 0.0, 17, 0.0000,   275, 0.0,22.0, 0.0
M3,07/06/22,10:32:18,     1,  5812,   414, 1026.3, 300, 0.0, 0.0, 0.0, 17, 0.0000,   272, 0.0,22.0, 0.0
M3,07/06/22,10:32:19,     1,  5813,   414, 1026.3, 300, 0.0, 0.0, 0.0, 17, 0.0000,   268, 0.0,22.0, 0.0
M3,07/06/22,10:32:20,     1,  5814,   414, 1026.3, 300, 0.0, 0.0, 0.0, 17, 0.0000,   264, 0.0,22.0, 0.0
M3,07/06/22,10:32:21,     1,  5815,   415, 1026.3, 300, 0.0, 0.0, 0.0, 17, 0.0000,   261, 0.0,22.0, 0.0
M3,07/06/22,10:32:22,     1,  5816,   415, 1026.3, 300, 0.0, 0.0, 0.0, 17, 0.0000,   260, 0.0,22.0, 0.0
M3,07/06/22,10:32:23,     1,  5817,   415, 1026.3, 300, 0.0, 0.0, 0.0, 17, 0.0000,   260, 0.0,22.0, 0.0
M3,07/06/22,10:32:24,     1,  5818,   415, 1026.3, 300, 0.0, 0.0, 0.0, 17, 0.0000,   260, 0.0,22.0, 0.0
M3,07/06/22,10:32:25,     1,  5819,   415, 1026.3, 300, 0.0, 0.0, 0.0, 17, 0.0000,   260, 0.0,22.0, 0.0
M3,07/06/22,10:32:26,     1,  5820,   415, 1026.3, 300, 0.0, 0.0, 0.0, 17, 0.0000,   259, 0.0,22.0, 0.0
M3,07/06/22,10:32:27,     1,  5821,   415, 1026.3, 300, 0.0, 0.0, 0.0, 17, 0.0000,   258, 0.0,22.0, 0.0
M3,07/06/22,10:32:28,     1,  5822,   415, 1026.3, 300, 0.0, 0.0, 0.0, 17, 0.0000,   258, 0.0,22.0, 0.0
M3,07/06/22,10:32:29,     1,  5823,   415, 1026.3, 300, 0.0, 0.0, 0.0, 17, 0.0000,   258, 0.0,22.0, 0.0
M3,07/06/22,10:32:30,     1,  5824,   414, 1026.3, 300, 0.0, 0.0, 0.0, 17, 0.0000,   257, 0.0,22.0, 0.0
M3,07/06/22,10:32:31,     1,  5825,   414, 1026.3, 300, 0.0, 0.0, 0.0, 17, 0.0000,   257, 0.0,22.0, 0.0
M3,07/06/22,10:32:32,     1,  5826,   414, 1026.3, 300, 0.0, 0.0, 0.0, 17, 0.0000,   257, 0.0,22.0, 0.0
