Tag(M3),Date,Time,Plot_No,Rec_No,CO2,Pressure,Flow,H2O,Tsen,O2,Error,Aux_V,PAR,Tsoil,Tair,Msoil
M3,30/06/22,10:54:29,     1, 10860,   412, 1028.9, 300, 0.0, 0.0, 0.0, 61, 0.0000,  1557, 0.0,28.0, 0.0
M3,30/06/22,10:54:30,     1, 10861,   412, 1028.9, 299, 0.0, 0.0, 0.0,  0, 0.0000,  1556, 0.0,28.0, 0.0
M3,30/06/22,10:54:31,     1, 10862,   412, 1028.9, 300, 0.0, 0.0, 0.0,  0, 0.0000,  1556, 0.0,28.0, 0.0
M3,30/06/22,10:54:32,     1, 10863,   411, 1028.9, 300, 0.0, 0.0, 0.0,  0, 0.0000,  1556, 0.0,28.1, 0.0
M3,30/06/22,10:54:33,     1, 10864,   411, 1028.9, 300, 0.0, 0.0, 0.0,  0, 0.0000,  1554, 0.0,28.1, 0.0
M3,30/06/22,10:54:34,     1, 10865,   411, 1028.9, 300, 0.0, 0.0, 0.0,  0, 0.0000,  1556, 0.0,28.1, 0.0
M3,30/06/22,10:54:35,     1, 10866,   410, 1028.9, 300, 0.0, 0.0, 0.0,  0, 0.0000,  1553, 0.0,28.1, 0.0
M3,30/06/22,10:54:36,     1, 10867,   410, 1028.9, 300, 0.0, 0.0, 0.0,  0, 0.0000,  1554, 0.0,28.1, 0.0
M3,30/06/22,10:54:37,     1, 10868,   410, 1028.9, 300, 0.0, 0.0, 0.0,  0, 0.0000,  1555, 0.0,28.1, 0.0
M3,30/06/22,10:54:38,     1, 10869,   410, 1028.9, 300, 0.0, 0.0, 0.0,  0, 0.0000,  1556, 0.0,28.1, 0.0
M3,30/06/22,10:54:39,     1, 10870,   410, 1028.9, 300, 0.0, 0.0, 0.0,  0, 0.0000,  1556, 0.0,28.1, 0.0
M3,30/06/22,10:54:40,     1, 10871,   411, 1028.9, 300, 0.0, 0.0, 0.0,  0, 0.0000,  1556, 0.0,28.2, 0.0
M3,30/06/22,10:54:42,     1, 10872,   410, 1028.9, 300, 0.0, 0.0, 0.0,  0, 0.0000,  1556, 0.0,28.2, 0.0
M3,30/06/22,10:54:43,     1, 10873,   410, 1028.9, 300, 0.0, 0.0, 0.0,  0, 0.0000,  1557, 0.0,28.2, 0.0
M3,30/06/22,10:54:44,     1, 10874,   410, 1028.9, 300, 0.0, 0.0, 0.0,  0, 0.0000,  1557, 0.0,28.2, 0.0
M3,30/06/22,10:54:45,     1, 10875,   410, 1028.9, 300, 0.0, 0.0, 0.0,  0, 0.0000,  1557, 0.0,28.2, 0.0
M3,30/06/22,10:54:46,     1, 10876,   409, 1028.9, 300, 0.0, 0.0, 0.0,  0, 0.0000,  1557, 0.0,28.2, 0.0
M3,30/06/22,10:54:47,     1, 10877,   409, 1028.9, 300, 0.0, 0.0, 0.0,  0, 0.0000,  1558, 0.0,28.2, 0.0
M3,30/06/22,10:54:48,     1, 10878,   408, 1028.9, 300, 0.0, 0.0, 0.0,  0, 0.0000,  1558, 0.0,28.2, 0.0
M3,30/06/22,10:54:49,     1, 10879,   408, 1028.9, 300, 0.0, 0.0, 0.0,  0, 0.0000,  1557, 0.0,28.2, 0.0
M3,30/06/22,10:54:50,     1, 10880,   408, 1028.9, 300, 0.0, 0.0, 0.0,  0, 0.0000,  1558, 0.0,28.2, 0.0
M3,30/06/22,10:54:51,     1, 10881,   408, 1028.9, 300, 0.0, 0.0, 0.0,  0, 0.0000,  1558, 0.0,28.3, 0.0
M3,30/06/22,10:54:52,     1, 10882,   408, 1028.9, 300, 0.0, 0.0, 0.0,  0, 0.0000,  1558, 0.0,28.3, 0.0
M3,30/06/22,10:54:53,     1, 10883,   408, 1028.9, 300, 0.0, 0.0, 0.0,  0, 0.0000,  1558, 0.0,28.3, 0.0
M3,30/06/22,10:54:54,     1, 10884,   407, 1028.9, 300, 0.0, 0.0, 0.0,  0, 0.0000,  1558, 0.0,28.3, 0.0
M3,30/06/22,10:54:55,     1, 10885,   407, 1028.9, 300, 0.0, 0.0, 0.0,  0, 0.0000,  1558, 0.0,28.3, 0.0
M3,30/06/22,10:54:56,     1, 10886,   407, 1028.9, 300, 0.0, 0.0, 0.0,  0, 0.0000,  1558, 0.0,28.3, 0.0
M3,30/06/22,10:54:57,     1, 10887,   406, 1028.9, 300, 0.0, 0.0, 0.0,  0, 0.0000,  1558, 0.0,28.3, 0.0
M3,30/06/22,10:54:58,     1, 10888,   406, 1028.9, 300, 0.0, 0.0, 0.0,  0, 0.0000,  1559, 0.0,28.3, 0.0
M3,30/06/22,10:54:59,     1, 10889,   406, 1028.9, 300, 0.0, 0.0, 0.0,  0, 0.0000,  1559, 0.0,28.3, 0.0
M3,30/06/22,10:55:00,     1, 10890,   406, 1028.9, 300, 0.0, 0.0, 0.0,  0, 0.0000,  1559, 0.0,28.3, 0.0
M3,30/06/22,10:55:01,     1, 10891,   406, 1028.9, 300, 0.0, 0.0, 0.0,  0, 0.0000,  1559, 0.0,28.3, 0.0
M3,30/06/22,10:55:02,     1, 10892,   405, 1028.9, 300, 0.0, 0.0, 0.0,  0, 0.0000,  1560, 0.0,28.3, 0.0
M3,30/06/22,10:55:03,     1, 10893,   405, 1028.9, 300, 0.0, 0.0, 0.0,  0, 0.0000,  1560, 0.0,28.3, 0.0
M3,30/06/22,10:55:04,     1, 10894,   405, 1028.9, 300, 0.0, 0.0, 0.0,  0, 0.0000,  1560, 0.0,28.3, 0.0
M3,30/06/22,10:55:05,     1, 10895,   404, 1028.9, 300, 0.0, 0.0, 0.0,  0, 0.0000,  1560, 0.0,28.3, 0.0
M3,30/06/22,10:55:06,     1, 10896,   404, 1028.9, 300, 0.0, 0.0, 0.0,  0, 0.0000,  1560, 0.0,28.4, 0.0
M3,30/06/22,10:55:07,     1, 10897,   404, 1028.9, 300, 0.0, 0.0, 0.0,  0, 0.0000,  1560, 0.0,28.4, 0.0
M3,30/06/22,10:55:08,     1, 10898,   404, 1028.9, 300, 0.0, 0.0, 0.0,  0, 0.0000,  1561, 0.0,28.4, 0.0
M3,30/06/22,10:55:09,     1, 10899,   403, 1028.9, 300, 0.0, 0.0, 0.0,  0, 0.0000,  1561, 0.0,28.4, 0.0
M3,30/06/22,10:55:10,     1, 10900,   403, 1028.9, 300, 0.0, 0.0, 0.0,  0, 0.0000,  1561, 0.0,28.4, 0.0
M3,30/06/22,10:55:11,     1, 10901,   402, 1028.9, 300, 0.0, 0.0, 0.0,  0, 0.0000,  1561, 0.0,28.4, 0.0
M3,30/06/22,10:55:12,     1, 10902,   401, 1028.9, 300, 0.0, 0.0, 0.0,  0, 0.0000,  1561, 0.0,28.4, 0.0
M3,30/06/22,10:55:13,     1, 10903,   401, 1028.9, 300, 0.0, 0.0, 0.0,  0, 0.0000,  1561, 0.0,28.4, 0.0
M3,30/06/22,10:55:14,     1, 10904,   401, 1028.9, 300, 0.0, 0.0, 0.0,  0, 0.0000,  1561, 0.0,28.4, 0.0
M3,30/06/22,10:55:15,     1, 10905,   401, 1028.9, 300, 0.0, 0.0, 0.0,  0, 0.0000,  1562, 0.0,28.4, 0.0
M3,30/06/22,10:55:16,     1, 10906,   401, 1028.9, 300, 0.0, 0.0, 0.0,  0, 0.0000,  1562, 0.0,28.4, 0.0
M3,30/06/22,10:55:17,     1, 10907,   401, 1028.9, 300, 0.0, 0.0, 0.0,  0, 0.0000,  1562, 0.0,28.4, 0.0
M3,30/06/22,10:55:18,     1, 10908,   401, 1028.9, 300, 0.0, 0.0, 0.0,  0, 0.0000,  1562, 0.0,28.4, 0.0
M3,30/06/22,10:55:19,     1, 10909,   401, 1028.9, 300, 0.0, 0.0, 0.0,  0, 0.0000,  1563, 0.0,28.4, 0.0
M3,30/06/22,10:55:20,     1, 10910,   401, 1028.9, 300, 0.0, 0.0, 0.0,  0, 0.0000,  1562, 0.0,28.4, 0.0
M3,30/06/22,10:55:21,     1, 10911,   401, 1028.9, 300, 0.0, 0.0, 0.0,  0, 0.0000,  1562, 0.0,28.4, 0.0
M3,30/06/22,10:55:22,     1, 10912,   401, 1028.9, 300, 0.0, 0.0, 0.0,  0, 0.0000,  1563, 0.0,28.4, 0.0
M3,30/06/22,10:55:23,     1, 10913,   401, 1028.9, 300, 0.0, 0.0, 0.0,  0, 0.0000,  1563, 0.0,28.5, 0.0
M3,30/06/22,10:55:24,     1, 10914,   401, 1028.9, 300, 0.0, 0.0, 0.0,  0, 0.0000,  1563, 0.0,28.5, 0.0
M3,30/06/22,10:55:25,     1, 10915,   401, 1028.9, 300, 0.0, 0.0, 0.0,  0, 0.0000,  1563, 0.0,28.5, 0.0
M3,30/06/22,10:55:26,     1, 10916,   400, 1028.9, 300, 0.0, 0.0, 0.0,  0, 0.0000,  1564, 0.0,28.5, 0.0
M3,30/06/22,10:55:27,     1, 10917,   400, 1028.9, 300, 0.0, 0.0, 0.0,  0, 0.0000,  1564, 0.0,28.5, 0.0
M3,30/06/22,10:55:28,     1, 10918,   400, 1028.9, 300, 0.0, 0.0, 0.0,  0, 0.0000,  1563, 0.0,28.5, 0.0
M3,30/06/22,10:55:29,     1, 10919,   399, 1028.9, 300, 0.0, 0.0, 0.0,  0, 0.0000,  1562, 0.0,28.5, 0.0
M3,30/06/22,10:55:30,     1, 10920,   399, 1028.9, 300, 0.0, 0.0, 0.0,  0, 0.0000,  1563, 0.0,28.5, 0.0
M3,30/06/22,10:55:31,     1, 10921,   399, 1028.9, 300, 0.0, 0.0, 0.0,  0, 0.0000,  1564, 0.0,28.5, 0.0
M3,30/06/22,10:55:32,     1, 10922,   399, 1028.9, 300, 0.0, 0.0, 0.0,  0, 0.0000,  1564, 0.0,28.5, 0.0
M3,30/06/22,10:55:33,     1, 10923,   399, 1028.9, 300, 0.0, 0.0, 0.0,  0, 0.0000,  1564, 0.0,28.5, 0.0
M3,30/06/22,10:55:34,     1, 10924,   398, 1028.9, 300, 0.0, 0.0, 0.0,  0, 0.0000,  1564, 0.0,28.5, 0.0
M3,30/06/22,10:55:35,     1, 10925,   398, 1028.9, 300, 0.0, 0.0, 0.0,  0, 0.0000,  1564, 0.0,28.5, 0.0
M3,30/06/22,10:55:36,     1, 10926,   398, 1028.9, 300, 0.0, 0.0, 0.0,  0, 0.0000,  1565, 0.0,28.5, 0.0
M3,30/06/22,10:55:37,     1, 10927,   398, 1028.9, 300, 0.0, 0.0, 0.0,  0, 0.0000,  1564, 0.0,28.5, 0.0
M3,30/06/22,10:55:38,     1, 10928,   398, 1028.9, 300, 0.0, 0.0, 0.0,  0, 0.0000,  1565, 0.0,28.6, 0.0
M3,30/06/22,10:55:39,     1, 10929,   398, 1028.9, 300, 0.0, 0.0, 0.0,  0, 0.0000,  1565, 0.0,28.6, 0.0
M3,30/06/22,10:55:40,     1, 10930,   398, 1028.9, 300, 0.0, 0.0, 0.0,  0, 0.0000,  1565, 0.0,28.6, 0.0
M3,30/06/22,10:55:41,     1, 10931,   398, 1028.9, 300, 0.0, 0.0, 0.0,  0, 0.0000,  1565, 0.0,28.6, 0.0
M3,30/06/22,10:55:42,     1, 10932,   398, 1028.9, 300, 0.0, 0.0, 0.0,  0, 0.0000,  1565, 0.0,28.6, 0.0
M3,30/06/22,10:55:43,     1, 10933,   398, 1028.9, 300, 0.0, 0.0, 0.0,  0, 0.0000,  1566, 0.0,28.6, 0.0
M3,30/06/22,10:55:44,     1, 10934,   398, 1028.9, 300, 0.0, 0.0, 0.0,  0, 0.0000,  1565, 0.0,28.6, 0.0
M3,30/06/22,10:55:45,     1, 10935,   398, 1028.9, 300, 0.0, 0.0, 0.0,  0, 0.0000,  1565, 0.0,28.6, 0.0
M3,30/06/22,10:55:46,     1, 10936,   398, 1028.9, 300, 0.0, 0.0, 0.0,  0, 0.0000,  1565, 0.0,28.6, 0.0
M3,30/06/22,10:55:47,     1, 10937,   398, 1028.9, 300, 0.0, 0.0, 0.0,  0, 0.0000,  1566, 0.0,28.6, 0.0
M3,30/06/22,10:55:48,     1, 10938,   398, 1028.9, 300, 0.0, 0.0, 0.0,  0, 0.0000,  1567, 0.0,28.6, 0.0
M3,30/06/22,10:55:49,     1, 10939,   398, 1028.9, 300, 0.0, 0.0, 0.0,  0, 0.0000,  1567, 0.0,28.6, 0.0
M3,30/06/22,10:55:50,     1, 10940,   398, 1028.9, 300, 0.0, 0.0, 0.0,  0, 0.0000,  1567, 0.0,28.6, 0.0
M3,30/06/22,10:55:51,     1, 10941,   398, 1028.9, 300, 0.0, 0.0, 0.0,  0, 0.0000,  1566, 0.0,28.6, 0.0
M3,30/06/22,10:55:52,     1, 10942,   398, 1028.9, 300, 0.0, 0.0, 0.0,  0, 0.0000,  1567, 0.0,28.6, 0.0
M3,30/06/22,10:55:53,     1, 10943,   398, 1028.9, 300, 0.0, 0.0, 0.0,  0, 0.0000,  1567, 0.0,28.6, 0.0
M3,30/06/22,10:55:54,     1, 10944,   398, 1028.9, 300, 0.0, 0.0, 0.0,  0, 0.0000,  1567, 0.0,28.6, 0.0
M3,30/06/22,10:55:55,     1, 10945,   397, 1028.9, 300, 0.0, 0.0, 0.0,  0, 0.0000,  1567, 0.0,28.6, 0.0
M3,30/06/22,10:55:56,     1, 10946,   398, 1028.9, 300, 0.0, 0.0, 0.0,  0, 0.0000,  1567, 0.0,28.6, 0.0
M3,30/06/22,10:55:57,     1, 10947,   398, 1028.9, 300, 0.0, 0.0, 0.0,  0, 0.0000,  1567, 0.0,28.6, 0.0
M3,30/06/22,10:55:58,     1, 10948,   397, 1028.9, 300, 0.0, 0.0, 0.0,  0, 0.0000,  1567, 0.0,28.6, 0.0
M3,30/06/22,10:55:59,     1, 10949,   397, 1028.9, 300, 0.0, 0.0, 0.0,  0, 0.0000,  1567, 0.0,28.7, 0.0
M3,30/06/22,10:56:00,     1, 10950,   397, 1028.9, 300, 0.0, 0.0, 0.0,  0, 0.0000,  1568, 0.0,28.7, 0.0
M3,30/06/22,10:56:01,     1, 10951,   396, 1028.9, 300, 0.0, 0.0, 0.0,  0, 0.0000,  1568, 0.0,28.7, 0.0
M3,30/06/22,10:56:02,     1, 10952,   396, 1028.9, 300, 0.0, 0.0, 0.0,  0, 0.0000,  1568, 0.0,28.7, 0.0
M3,30/06/22,10:56:03,     1, 10953,   396, 1028.9, 300, 0.0, 0.0, 0.0,  0, 0.0000,  1568, 0.0,28.7, 0.0
M3,30/06/22,10:56:04,     1, 10954,   396, 1028.9, 300, 0.0, 0.0, 0.0,  0, 0.0000,  1568, 0.0,28.7, 0.0
M3,30/06/22,10:56:05,     1, 10955,   396, 1028.9, 300, 0.0, 0.0, 0.0,  0, 0.0000,  1568, 0.0,28.7, 0.0
M3,30/06/22,10:56:06,     1, 10956,   396, 1028.9, 300, 0.0, 0.0, 0.0,  0, 0.0000,  1569, 0.0,28.7, 0.0
M3,30/06/22,10:56:07,     1, 10957,   395, 1028.9, 300, 0.0, 0.0, 0.0,  0, 0.0000,  1568, 0.0,28.7, 0.0
M3,30/06/22,10:56:08,     1, 10958,   395, 1028.9, 300, 0.0, 0.0, 0.0,  0, 0.0000,  1568, 0.0,28.7, 0.0
M3,30/06/22,10:56:09,     1, 10959,   395, 1028.9, 300, 0.0, 0.0, 0.0,  0, 0.0000,  1569, 0.0,28.7, 0.0
M3,30/06/22,10:56:10,     1, 10960,   395, 1028.9, 300, 0.0, 0.0, 0.0,  0, 0.0000,  1568, 0.0,28.7, 0.0
M3,30/06/22,10:56:11,     1, 10961,   395, 1028.9, 300, 0.0, 0.0, 0.0,  0, 0.0000,  1568, 0.0,28.7, 0.0
M3,30/06/22,10:56:12,     1, 10962,   395, 1028.9, 300, 0.0, 0.0, 0.0,  0, 0.0000,  1568, 0.0,28.7, 0.0
M3,30/06/22,10:56:13,     1, 10963,   395, 1028.9, 300, 0.0, 0.0, 0.0,  0, 0.0000,  1568, 0.0,28.7, 0.0
M3,30/06/22,10:56:14,     1, 10964,   395, 1028.9, 300, 0.0, 0.0, 0.0,  0, 0.0000,  1569, 0.0,28.8, 0.0
M3,30/06/22,10:56:15,     1, 10965,   395, 1028.9, 300, 0.0, 0.0, 0.0,  0, 0.0000,  1568, 0.0,28.8, 0.0
M3,30/06/22,10:56:16,     1, 10966,   395, 1028.9, 300, 0.0, 0.0, 0.0,  0, 0.0000,  1568, 0.0,28.8, 0.0
M3,30/06/22,10:56:17,     1, 10967,   395, 1028.9, 300, 0.0, 0.0, 0.0,  0, 0.0000,  1569, 0.0,28.8, 0.0
M3,30/06/22,10:56:18,     1, 10968,   395, 1028.9, 300, 0.0, 0.0, 0.0,  0, 0.0000,  1569, 0.0,28.8, 0.0
M3,30/06/22,10:56:19,     1, 10969,   394, 1028.9, 300, 0.0, 0.0, 0.0,  0, 0.0000,  1569, 0.0,28.8, 0.0
M3,30/06/22,10:56:20,     1, 10970,   393, 1028.9, 300, 0.0, 0.0, 0.0,  0, 0.0000,  1570, 0.0,28.8, 0.0
M3,30/06/22,10:56:21,     1, 10971,   393, 1028.9, 300, 0.0, 0.0, 0.0,  0, 0.0000,  1570, 0.0,28.8, 0.0
M3,30/06/22,10:56:22,     1, 10972,   393, 1028.9, 300, 0.0, 0.0, 0.0,  0, 0.0000,  1569, 0.0,28.8, 0.0
M3,30/06/22,10:56:23,     1, 10973,   392, 1028.9, 300, 0.0, 0.0, 0.0,  0, 0.0000,  1570, 0.0,28.8, 0.0
M3,30/06/22,10:56:24,     1, 10974,   392, 1028.9, 300, 0.0, 0.0, 0.0,  0, 0.0000,  1570, 0.0,28.8, 0.0
M3,30/06/22,10:56:25,     1, 10975,   392, 1028.9, 300, 0.0, 0.0, 0.0,  0, 0.0000,  1570, 0.0,28.8, 0.0
M3,30/06/22,10:56:26,     1, 10976,   392, 1028.9, 300, 0.0, 0.0, 0.0,  0, 0.0000,  1570, 0.0,28.8, 0.0
M3,30/06/22,10:56:27,     1, 10977,   392, 1028.9, 300, 0.0, 0.0, 0.0,  0, 0.0000,  1570, 0.0,28.9, 0.0
M3,30/06/22,10:56:28,     1, 10978,   392, 1028.9, 300, 0.0, 0.0, 0.0,  0, 0.0000,  1570, 0.0,28.9, 0.0
M3,30/06/22,10:56:29,     1, 10979,   392, 1028.9, 300, 0.0, 0.0, 0.0,  0, 0.0000,  1570, 0.0,28.9, 0.0
M3,30/06/22,10:56:30,     1, 10980,   392, 1028.9, 300, 0.0, 0.0, 0.0,  0, 0.0000,  1571, 0.0,28.9, 0.0
M3,30/06/22,10:56:31,     1, 10981,   392, 1028.9, 300, 0.0, 0.0, 0.0,  0, 0.0000,  1571, 0.0,28.9, 0.0
M3,30/06/22,10:56:32,     1, 10982,   392, 1028.9, 300, 0.0, 0.0, 0.0,  0, 0.0000,  1571, 0.0,28.9, 0.0
M3,30/06/22,10:56:33,     1, 10983,   392, 1028.9, 300, 0.0, 0.0, 0.0,  0, 0.0000,  1572, 0.0,28.9, 0.0
M3,30/06/22,10:56:34,     1, 10984,   392, 1028.9, 300, 0.0, 0.0, 0.0,  0, 0.0000,  1572, 0.0,28.9, 0.0
M3,30/06/22,10:56:35,     1, 10985,   392, 1028.9, 300, 0.0, 0.0, 0.0,  0, 0.0000,  1573, 0.0,28.9, 0.0
M3,30/06/22,10:56:36,     1, 10986,   391, 1028.9, 300, 0.0, 0.0, 0.0,  0, 0.0000,  1574, 0.0,28.9, 0.0
M3,30/06/22,10:56:37,     1, 10987,   391, 1028.9, 300, 0.0, 0.0, 0.0,  0, 0.0000,  1576, 0.0,28.9, 0.0
M3,30/06/22,10:56:38,     1, 10988,   391, 1028.9, 300, 0.0, 0.0, 0.0,  0, 0.0000,  1577, 0.0,28.9, 0.0
M3,30/06/22,10:56:39,     1, 10989,   391, 1028.9, 300, 0.0, 0.0, 0.0,  0, 0.0000,  1577, 0.0,28.9, 0.0
M3,30/06/22,10:56:40,     1, 10990,   391, 1028.9, 300, 0.0, 0.0, 0.0,  0, 0.0000,  1578, 0.0,28.9, 0.0
M3,30/06/22,10:56:41,     1, 10991,   391, 1028.9, 300, 0.0, 0.0, 0.0,  0, 0.0000,  1578, 0.0,29.0, 0.0
M3,30/06/22,10:56:42,     1, 10992,   391, 1028.9, 300, 0.0, 0.0, 0.0,  0, 0.0000,  1578, 0.0,29.0, 0.0
M3,30/06/22,10:56:43,     1, 10993,   391, 1028.9, 300, 0.0, 0.0, 0.0,  0, 0.0000,  1577, 0.0,29.0, 0.0
M3,30/06/22,10:56:44,     1, 10994,   391, 1028.9, 300, 0.0, 0.0, 0.0,  0, 0.0000,  1578, 0.0,29.0, 0.0
M3,30/06/22,10:56:45,     1, 10995,   391, 1028.9, 300, 0.0, 0.0, 0.0,  0, 0.0000,  1577, 0.0,29.0, 0.0
M3,30/06/22,10:56:46,     1, 10996,   390, 1028.9, 300, 0.0, 0.0, 0.0,  0, 0.0000,  1577, 0.0,29.0, 0.0
M3,30/06/22,10:56:47,     1, 10997,   391, 1028.9, 300, 0.0, 0.0, 0.0,  0, 0.0000,  1576, 0.0,29.0, 0.0
M3,30/06/22,10:56:48,     1, 10998,   391, 1028.9, 300, 0.0, 0.0, 0.0,  0, 0.0000,  1576, 0.0,29.0, 0.0
M3,30/06/22,10:56:49,     1, 10999,   391, 1028.9, 300, 0.0, 0.0, 0.0,  0, 0.0000,  1577, 0.0,29.0, 0.0
M3,30/06/22,10:56:50,     1, 11000,   390, 1028.9, 300, 0.0, 0.0, 0.0,  0, 0.0000,  1578, 0.0,29.0, 0.0
M3,30/06/22,10:56:51,     1, 11001,   390, 1028.9, 300, 0.0, 0.0, 0.0,  0, 0.0000,  1578, 0.0,29.0, 0.0
M3,30/06/22,10:56:52,     1, 11002,   390, 1028.9, 300, 0.0, 0.0, 0.0,  0, 0.0000,  1580, 0.0,29.0, 0.0
M3,30/06/22,10:56:54,     1, 11003,   390, 1028.9, 300, 0.0, 0.0, 0.0,  0, 0.0000,  1580, 0.0,29.0, 0.0
M3,30/06/22,10:56:55,     1, 11004,   390, 1028.9, 300, 0.0, 0.0, 0.0,  0, 0.0000,  1582, 0.0,29.0, 0.0
M3,30/06/22,10:56:56,     1, 11005,   390, 1028.9, 300, 0.0, 0.0, 0.0,  0, 0.0000,  1582, 0.0,29.0, 0.0
