Tag(M3),Date,Time,Plot_No,Rec_No,CO2,Pressure,Flow,H2O,Tsen,O2,Error,Aux_V,PAR,Tsoil,Tair,Msoil
M3,21/06/22,13:53:39,     1, 16770,   414, 1029.8, 300, 0.0, 0.0, 0.0, 61, 0.0000,   415, 0.0,24.2, 0.0
M3,21/06/22,13:53:40,     1, 16771,   414, 1029.8, 300, 0.0, 0.0, 0.0,  0, 0.0000,   414, 0.0,24.2, 0.0
M3,21/06/22,13:53:41,     1, 16772,   414, 1029.8, 300, 0.0, 0.0, 0.0,  0, 0.0000,   414, 0.0,24.2, 0.0
M3,21/06/22,13:53:42,     1, 16773,   414, 1029.8, 300, 0.0, 0.0, 0.0,  0, 0.0000,   416, 0.0,24.2, 0.0
M3,21/06/22,13:53:43,     1, 16774,   414, 1029.8, 300, 0.0, 0.0, 0.0,  0, 0.0000,   422, 0.0,24.2, 0.0
M3,21/06/22,13:53:44,     1, 16775,   414, 1029.8, 300, 0.0, 0.0, 0.0,  0, 0.0000,   421, 0.0,24.2, 0.0
M3,21/06/22,13:53:45,     1, 16776,   414, 1029.8, 300, 0.0, 0.0, 0.0,  0, 0.0000,   422, 0.0,24.2, 0.0
M3,21/06/22,13:53:46,     1, 16777,   414, 1029.8, 300, 0.0, 0.0, 0.0,  0, 0.0000,   422, 0.0,24.2, 0.0
M3,21/06/22,13:53:47,     1, 16778,   414, 1029.7, 300, 0.0, 0.0, 0.0,  0, 0.0000,   423, 0.0,24.2, 0.0
M3,21/06/22,13:53:48,     1, 16779,   414, 1029.7, 300, 0.0, 0.0, 0.0,  0, 0.0000,   423, 0.0,24.2, 0.0
M3,21/06/22,13:53:49,     1, 16780,   413, 1029.7, 300, 0.0, 0.0, 0.0,  0, 0.0000,   423, 0.0,24.2, 0.0
M3,21/06/22,13:53:50,     1, 16781,   413, 1029.7, 300, 0.0, 0.0, 0.0,  0, 0.0000,   424, 0.0,24.2, 0.0
M3,21/06/22,13:53:51,     1, 16782,   413, 1029.7, 300, 0.0, 0.0, 0.0,  0, 0.0000,   426, 0.0,24.2, 0.0
M3,21/06/22,13:53:52,     1, 16783,   413, 1029.7, 300, 0.0, 0.0, 0.0,  0, 0.0000,   425, 0.0,24.2, 0.0
M3,21/06/22,13:53:53,     1, 16784,   413, 1029.7, 300, 0.0, 0.0, 0.0,  0, 0.0000,   425, 0.0,24.2, 0.0
M3,21/06/22,13:53:54,     1, 16785,   413, 1029.8, 300, 0.0, 0.0, 0.0,  0, 0.0000,   426, 0.0,24.2, 0.0
M3,21/06/22,13:53:55,     1, 16786,   413, 1029.8, 300, 0.0, 0.0, 0.0,  0, 0.0000,   425, 0.0,24.3, 0.0
M3,21/06/22,13:53:56,     1, 16787,   413, 1029.8, 300, 0.0, 0.0, 0.0,  0, 0.0000,   424, 0.0,24.3, 0.0
M3,21/06/22,13:53:57,     1, 16788,   413, 1029.8, 300, 0.0, 0.0, 0.0,  0, 0.0000,   424, 0.0,24.3, 0.0
M3,21/06/22,13:53:58,     1, 16789,   413, 1029.7, 300, 0.0, 0.0, 0.0,  0, 0.0000,   425, 0.0,24.3, 0.0
M3,21/06/22,13:53:59,     1, 16790,   413, 1029.7, 300, 0.0, 0.0, 0.0,  0, 0.0000,   424, 0.0,24.3, 0.0
M3,21/06/22,13:54:00,     1, 16791,   413, 1029.7, 300, 0.0, 0.0, 0.0,  0, 0.0000,   423, 0.0,24.3, 0.0
M3,21/06/22,13:54:01,     1, 16792,   413, 1029.7, 300, 0.0, 0.0, 0.0,  0, 0.0000,   425, 0.0,24.3, 0.0
M3,21/06/22,13:54:02,     1, 16793,   413, 1029.7, 300, 0.0, 0.0, 0.0,  0, 0.0000,   421, 0.0,24.3, 0.0
M3,21/06/22,13:54:03,     1, 16794,   413, 1029.7, 300, 0.0, 0.0, 0.0,  0, 0.0000,   423, 0.0,24.3, 0.0
M3,21/06/22,13:54:04,     1, 16795,   413, 1029.7, 300, 0.0, 0.0, 0.0,  0, 0.0000,   424, 0.0,24.3, 0.0
M3,21/06/22,13:54:05,     1, 16796,   413, 1029.7, 300, 0.0, 0.0, 0.0,  0, 0.0000,   422, 0.0,24.3, 0.0
M3,21/06/22,13:54:06,     1, 16797,   413, 1029.7, 300, 0.0, 0.0, 0.0,  0, 0.0000,   418, 0.0,24.3, 0.0
M3,21/06/22,13:54:07,     1, 16798,   413, 1029.7, 300, 0.0, 0.0, 0.0,  0, 0.0000,   420, 0.0,24.3, 0.0
M3,21/06/22,13:54:08,     1, 16799,   413, 1029.7, 300, 0.0, 0.0, 0.0,  0, 0.0000,   421, 0.0,24.3, 0.0
M3,21/06/22,13:54:10,     1, 16800,   413, 1029.7, 300, 0.0, 0.0, 0.0,  0, 0.0000,   421, 0.0,24.3, 0.0
M3,21/06/22,13:54:11,     1, 16801,   413, 1029.7, 300, 0.0, 0.0, 0.0,  0, 0.0000,   418, 0.0,24.3, 0.0
M3,21/06/22,13:54:12,     1, 16802,   413, 1029.7, 300, 0.0, 0.0, 0.0,  0, 0.0000,   413, 0.0,24.3, 0.0
M3,21/06/22,13:54:13,     1, 16803,   413, 1029.7, 300, 0.0, 0.0, 0.0,  0, 0.0000,   409, 0.0,24.3, 0.0
M3,21/06/22,13:54:14,     1, 16804,   413, 1029.7, 300, 0.0, 0.0, 0.0,  0, 0.0000,   411, 0.0,24.3, 0.0
M3,21/06/22,13:54:15,     1, 16805,   413, 1029.7, 300, 0.0, 0.0, 0.0,  0, 0.0000,   411, 0.0,24.3, 0.0
M3,21/06/22,13:54:16,     1, 16806,   413, 1029.7, 300, 0.0, 0.0, 0.0,  0, 0.0000,   410, 0.0,24.3, 0.0
M3,21/06/22,13:54:17,     1, 16807,   413, 1029.7, 300, 0.0, 0.0, 0.0,  0, 0.0000,   410, 0.0,24.3, 0.0
M3,21/06/22,13:54:18,     1, 16808,   412, 1029.7, 300, 0.0, 0.0, 0.0,  0, 0.0000,   409, 0.0,24.3, 0.0
M3,21/06/22,13:54:19,     1, 16809,   413, 1029.7, 300, 0.0, 0.0, 0.0,  0, 0.0000,   409, 0.0,24.3, 0.0
M3,21/06/22,13:54:20,     1, 16810,   412, 1029.7, 300, 0.0, 0.0, 0.0,  0, 0.0000,   409, 0.0,24.3, 0.0
M3,21/06/22,13:54:21,     1, 16811,   412, 1029.7, 300, 0.0, 0.0, 0.0,  0, 0.0000,   409, 0.0,24.3, 0.0
M3,21/06/22,13:54:22,     1, 16812,   412, 1029.7, 300, 0.0, 0.0, 0.0,  0, 0.0000,   407, 0.0,24.3, 0.0
M3,21/06/22,13:54:23,     1, 16813,   412, 1029.7, 300, 0.0, 0.0, 0.0,  0, 0.0000,   407, 0.0,24.3, 0.0
M3,21/06/22,13:54:24,     1, 16814,   412, 1029.7, 300, 0.0, 0.0, 0.0,  0, 0.0000,   408, 0.0,24.3, 0.0
M3,21/06/22,13:54:25,     1, 16815,   412, 1029.7, 300, 0.0, 0.0, 0.0,  0, 0.0000,   407, 0.0,24.3, 0.0
M3,21/06/22,13:54:26,     1, 16816,   412, 1029.7, 300, 0.0, 0.0, 0.0,  0, 0.0000,   407, 0.0,24.3, 0.0
M3,21/06/22,13:54:27,     1, 16817,   412, 1029.7, 300, 0.0, 0.0, 0.0,  0, 0.0000,   408, 0.0,24.3, 0.0
M3,21/06/22,13:54:28,     1, 16818,   412, 1029.7, 300, 0.0, 0.0, 0.0,  0, 0.0000,   407, 0.0,24.3, 0.0
M3,21/06/22,13:54:29,     1, 16819,   412, 1029.7, 300, 0.0, 0.0, 0.0,  0, 0.0000,   406, 0.0,24.3, 0.0
M3,21/06/22,13:54:30,     1, 16820,   412, 1029.7, 300, 0.0, 0.0, 0.0,  0, 0.0000,   405, 0.0,24.3, 0.0
M3,21/06/22,13:54:31,     1, 16821,   412, 1029.7, 300, 0.0, 0.0, 0.0,  0, 0.0000,   406, 0.0,24.3, 0.0
M3,21/06/22,13:54:32,     1, 16822,   412, 1029.7, 300, 0.0, 0.0, 0.0,  0, 0.0000,   405, 0.0,24.3, 0.0
M3,21/06/22,13:54:33,     1, 16823,   412, 1029.7, 300, 0.0, 0.0, 0.0,  0, 0.0000,   405, 0.0,24.3, 0.0
M3,21/06/22,13:54:34,     1, 16824,   411, 1029.7, 300, 0.0, 0.0, 0.0,  0, 0.0000,   406, 0.0,24.3, 0.0
M3,21/06/22,13:54:35,     1, 16825,   411, 1029.7, 300, 0.0, 0.0, 0.0,  0, 0.0000,   407, 0.0,24.3, 0.0
M3,21/06/22,13:54:36,     1, 16826,   411, 1029.7, 300, 0.0, 0.0, 0.0,  0, 0.0000,   406, 0.0,24.3, 0.0
M3,21/06/22,13:54:37,     1, 16827,   411, 1029.7, 300, 0.0, 0.0, 0.0,  0, 0.0000,   406, 0.0,24.3, 0.0
M3,21/06/22,13:54:38,     1, 16828,   411, 1029.7, 300, 0.0, 0.0, 0.0,  0, 0.0000,   404, 0.0,24.3, 0.0
M3,21/06/22,13:54:39,     1, 16829,   412, 1029.7, 300, 0.0, 0.0, 0.0,  0, 0.0000,   402, 0.0,24.3, 0.0
M3,21/06/22,13:54:40,     1, 16830,   412, 1029.7, 300, 0.0, 0.0, 0.0,  0, 0.0000,   404, 0.0,24.3, 0.0
M3,21/06/22,13:54:41,     1, 16831,   412, 1029.7, 300, 0.0, 0.0, 0.0,  0, 0.0000,   404, 0.0,24.3, 0.0
M3,21/06/22,13:54:42,     1, 16832,   412, 1029.7, 300, 0.0, 0.0, 0.0,  0, 0.0000,   404, 0.0,24.3, 0.0
M3,21/06/22,13:54:43,     1, 16833,   412, 1029.7, 300, 0.0, 0.0, 0.0,  0, 0.0000,   404, 0.0,24.3, 0.0
M3,21/06/22,13:54:44,     1, 16834,   412, 1029.7, 300, 0.0, 0.0, 0.0,  0, 0.0000,   404, 0.0,24.3, 0.0
M3,21/06/22,13:54:45,     1, 16835,   412, 1029.7, 300, 0.0, 0.0, 0.0,  0, 0.0000,   403, 0.0,24.3, 0.0
M3,21/06/22,13:54:46,     1, 16836,   411, 1029.7, 300, 0.0, 0.0, 0.0,  0, 0.0000,   403, 0.0,24.3, 0.0
M3,21/06/22,13:54:47,     1, 16837,   411, 1029.7, 300, 0.0, 0.0, 0.0,  0, 0.0000,   405, 0.0,24.3, 0.0
M3,21/06/22,13:54:48,     1, 16838,   411, 1029.7, 300, 0.0, 0.0, 0.0,  0, 0.0000,   405, 0.0,24.3, 0.0
M3,21/06/22,13:54:49,     1, 16839,   411, 1029.7, 300, 0.0, 0.0, 0.0,  0, 0.0000,   405, 0.0,24.3, 0.0
M3,21/06/22,13:54:50,     1, 16840,   411, 1029.7, 300, 0.0, 0.0, 0.0,  0, 0.0000,   404, 0.0,24.3, 0.0
M3,21/06/22,13:54:51,     1, 16841,   411, 1029.7, 300, 0.0, 0.0, 0.0,  0, 0.0000,   405, 0.0,24.3, 0.0
M3,21/06/22,13:54:52,     1, 16842,   411, 1029.7, 300, 0.0, 0.0, 0.0,  0, 0.0000,   406, 0.0,24.3, 0.0
M3,21/06/22,13:54:53,     1, 16843,   411, 1029.7, 300, 0.0, 0.0, 0.0,  0, 0.0000,   405, 0.0,24.3, 0.0
M3,21/06/22,13:54:54,     1, 16844,   411, 1029.7, 300, 0.0, 0.0, 0.0,  0, 0.0000,   405, 0.0,24.3, 0.0
M3,21/06/22,13:54:55,     1, 16845,   411, 1029.7, 300, 0.0, 0.0, 0.0,  0, 0.0000,   406, 0.0,24.3, 0.0
M3,21/06/22,13:54:56,     1, 16846,   411, 1029.7, 300, 0.0, 0.0, 0.0,  0, 0.0000,   406, 0.0,24.3, 0.0
M3,21/06/22,13:54:57,     1, 16847,   411, 1029.7, 300, 0.0, 0.0, 0.0,  0, 0.0000,   407, 0.0,24.3, 0.0
M3,21/06/22,13:54:58,     1, 16848,   411, 1029.7, 300, 0.0, 0.0, 0.0,  0, 0.0000,   408, 0.0,24.3, 0.0
M3,21/06/22,13:54:59,     1, 16849,   411, 1029.7, 300, 0.0, 0.0, 0.0,  0, 0.0000,   403, 0.0,24.3, 0.0
M3,21/06/22,13:55:00,     1, 16850,   411, 1029.7, 300, 0.0, 0.0, 0.0,  0, 0.0000,   407, 0.0,24.3, 0.0
M3,21/06/22,13:55:01,     1, 16851,   411, 1029.7, 300, 0.0, 0.0, 0.0,  0, 0.0000,   406, 0.0,24.3, 0.0
M3,21/06/22,13:55:02,     1, 16852,   411, 1029.7, 300, 0.0, 0.0, 0.0,  0, 0.0000,   407, 0.0,24.3, 0.0
M3,21/06/22,13:55:03,     1, 16853,   411, 1029.7, 300, 0.0, 0.0, 0.0,  0, 0.0000,   406, 0.0,24.3, 0.0
M3,21/06/22,13:55:04,     1, 16854,   411, 1029.7, 300, 0.0, 0.0, 0.0,  0, 0.0000,   404, 0.0,24.3, 0.0
M3,21/06/22,13:55:05,     1, 16855,   411, 1029.7, 300, 0.0, 0.0, 0.0,  0, 0.0000,   406, 0.0,24.3, 0.0
M3,21/06/22,13:55:06,     1, 16856,   410, 1029.7, 300, 0.0, 0.0, 0.0,  0, 0.0000,   407, 0.0,24.3, 0.0
M3,21/06/22,13:55:07,     1, 16857,   410, 1029.7, 300, 0.0, 0.0, 0.0,  0, 0.0000,   408, 0.0,24.3, 0.0
M3,21/06/22,13:55:08,     1, 16858,   410, 1029.7, 300, 0.0, 0.0, 0.0,  0, 0.0000,   408, 0.0,24.3, 0.0
M3,21/06/22,13:55:09,     1, 16859,   410, 1029.7, 300, 0.0, 0.0, 0.0,  0, 0.0000,   409, 0.0,24.3, 0.0
M3,21/06/22,13:55:10,     1, 16860,   410, 1029.7, 300, 0.0, 0.0, 0.0,  0, 0.0000,   407, 0.0,24.3, 0.0
M3,21/06/22,13:55:11,     1, 16861,   410, 1029.7, 300, 0.0, 0.0, 0.0,  0, 0.0000,   409, 0.0,24.3, 0.0
M3,21/06/22,13:55:12,     1, 16862,   410, 1029.7, 300, 0.0, 0.0, 0.0,  0, 0.0000,   409, 0.0,24.3, 0.0
M3,21/06/22,13:55:13,     1, 16863,   410, 1029.7, 300, 0.0, 0.0, 0.0,  0, 0.0000,   408, 0.0,24.3, 0.0
M3,21/06/22,13:55:14,     1, 16864,   410, 1029.7, 300, 0.0, 0.0, 0.0,  0, 0.0000,   408, 0.0,24.3, 0.0
M3,21/06/22,13:55:15,     1, 16865,   410, 1029.7, 300, 0.0, 0.0, 0.0,  0, 0.0000,   408, 0.0,24.3, 0.0
M3,21/06/22,13:55:16,     1, 16866,   410, 1029.7, 300, 0.0, 0.0, 0.0,  0, 0.0000,   408, 0.0,24.3, 0.0
M3,21/06/22,13:55:17,     1, 16867,   410, 1029.7, 300, 0.0, 0.0, 0.0,  0, 0.0000,   407, 0.0,24.3, 0.0
M3,21/06/22,13:55:18,     1, 16868,   410, 1029.7, 300, 0.0, 0.0, 0.0,  0, 0.0000,   407, 0.0,24.3, 0.0
M3,21/06/22,13:55:19,     1, 16869,   410, 1029.7, 300, 0.0, 0.0, 0.0,  0, 0.0000,   408, 0.0,24.3, 0.0
M3,21/06/22,13:55:20,     1, 16870,   410, 1029.7, 300, 0.0, 0.0, 0.0,  0, 0.0000,   406, 0.0,24.3, 0.0
M3,21/06/22,13:55:21,     1, 16871,   410, 1029.7, 300, 0.0, 0.0, 0.0,  0, 0.0000,   407, 0.0,24.3, 0.0
M3,21/06/22,13:55:22,     1, 16872,   410, 1029.7, 300, 0.0, 0.0, 0.0,  0, 0.0000,   408, 0.0,24.2, 0.0
M3,21/06/22,13:55:23,     1, 16873,   410, 1029.7, 300, 0.0, 0.0, 0.0,  0, 0.0000,   408, 0.0,24.3, 0.0
M3,21/06/22,13:55:24,     1, 16874,   410, 1029.7, 300, 0.0, 0.0, 0.0,  0, 0.0000,   408, 0.0,24.3, 0.0
M3,21/06/22,13:55:25,     1, 16875,   410, 1029.7, 300, 0.0, 0.0, 0.0,  0, 0.0000,   407, 0.0,24.2, 0.0
M3,21/06/22,13:55:26,     1, 16876,   409, 1029.7, 300, 0.0, 0.0, 0.0,  0, 0.0000,   405, 0.0,24.2, 0.0
M3,21/06/22,13:55:27,     1, 16877,   409, 1029.7, 300, 0.0, 0.0, 0.0,  0, 0.0000,   408, 0.0,24.2, 0.0
M3,21/06/22,13:55:28,     1, 16878,   409, 1029.7, 300, 0.0, 0.0, 0.0,  0, 0.0000,   408, 0.0,24.2, 0.0
M3,21/06/22,13:55:29,     1, 16879,   409, 1029.7, 300, 0.0, 0.0, 0.0,  0, 0.0000,   409, 0.0,24.2, 0.0
M3,21/06/22,13:55:30,     1, 16880,   409, 1029.7, 300, 0.0, 0.0, 0.0,  0, 0.0000,   407, 0.0,24.2, 0.0
M3,21/06/22,13:55:31,     1, 16881,   409, 1029.7, 300, 0.0, 0.0, 0.0,  0, 0.0000,   408, 0.0,24.3, 0.0
M3,21/06/22,13:55:32,     1, 16882,   410, 1029.7, 300, 0.0, 0.0, 0.0,  0, 0.0000,   408, 0.0,24.3, 0.0
M3,21/06/22,13:55:33,     1, 16883,   410, 1029.7, 300, 0.0, 0.0, 0.0,  0, 0.0000,   408, 0.0,24.3, 0.0
M3,21/06/22,13:55:34,     1, 16884,   410, 1029.7, 300, 0.0, 0.0, 0.0,  0, 0.0000,   408, 0.0,24.3, 0.0
M3,21/06/22,13:55:35,     1, 16885,   410, 1029.7, 300, 0.0, 0.0, 0.0,  0, 0.0000,   407, 0.0,24.3, 0.0
M3,21/06/22,13:55:36,     1, 16886,   410, 1029.7, 300, 0.0, 0.0, 0.0,  0, 0.0000,   408, 0.0,24.3, 0.0
M3,21/06/22,13:55:37,     1, 16887,   409, 1029.7, 300, 0.0, 0.0, 0.0,  0, 0.0000,   407, 0.0,24.3, 0.0
M3,21/06/22,13:55:38,     1, 16888,   409, 1029.7, 300, 0.0, 0.0, 0.0,  0, 0.0000,   407, 0.0,24.3, 0.0
M3,21/06/22,13:55:39,     1, 16889,   409, 1029.7, 300, 0.0, 0.0, 0.0,  0, 0.0000,   407, 0.0,24.3, 0.0
M3,21/06/22,13:55:40,     1, 16890,   409, 1029.7, 299, 0.0, 0.0, 0.0,  0, 0.0000,   406, 0.0,24.3, 0.0
M3,21/06/22,13:55:41,     1, 16891,   409, 1029.7, 300, 0.0, 0.0, 0.0,  0, 0.0000,   408, 0.0,24.3, 0.0
M3,21/06/22,13:55:42,     1, 16892,   409, 1029.7, 300, 0.0, 0.0, 0.0,  0, 0.0000,   407, 0.0,24.2, 0.0
M3,21/06/22,13:55:43,     1, 16893,   409, 1029.7, 300, 0.0, 0.0, 0.0,  0, 0.0000,   402, 0.0,24.2, 0.0
M3,21/06/22,13:55:44,     1, 16894,   409, 1029.7, 300, 0.0, 0.0, 0.0,  0, 0.0000,   405, 0.0,24.2, 0.0
M3,21/06/22,13:55:45,     1, 16895,   409, 1029.7, 300, 0.0, 0.0, 0.0,  0, 0.0000,   405, 0.0,24.2, 0.0
M3,21/06/22,13:55:46,     1, 16896,   409, 1029.7, 300, 0.0, 0.0, 0.0,  0, 0.0000,   407, 0.0,24.2, 0.0
M3,21/06/22,13:55:47,     1, 16897,   409, 1029.7, 300, 0.0, 0.0, 0.0,  0, 0.0000,   407, 0.0,24.2, 0.0
M3,21/06/22,13:55:48,     1, 16898,   409, 1029.7, 300, 0.0, 0.0, 0.0,  0, 0.0000,   405, 0.0,24.3, 0.0
M3,21/06/22,13:55:49,     1, 16899,   409, 1029.7, 300, 0.0, 0.0, 0.0,  0, 0.0000,   406, 0.0,24.3, 0.0
M3,21/06/22,13:55:50,     1, 16900,   409, 1029.7, 300, 0.0, 0.0, 0.0,  0, 0.0000,   405, 0.0,24.3, 0.0
M3,21/06/22,13:55:51,     1, 16901,   409, 1029.7, 300, 0.0, 0.0, 0.0,  0, 0.0000,   404, 0.0,24.2, 0.0
M3,21/06/22,13:55:52,     1, 16902,   409, 1029.7, 300, 0.0, 0.0, 0.0,  0, 0.0000,   406, 0.0,24.2, 0.0
M3,21/06/22,13:55:53,     1, 16903,   409, 1029.7, 300, 0.0, 0.0, 0.0,  0, 0.0000,   405, 0.0,24.2, 0.0
M3,21/06/22,13:55:54,     1, 16904,   409, 1029.7, 300, 0.0, 0.0, 0.0,  0, 0.0000,   404, 0.0,24.2, 0.0
M3,21/06/22,13:55:55,     1, 16905,   409, 1029.7, 300, 0.0, 0.0, 0.0,  0, 0.0000,   406, 0.0,24.2, 0.0
M3,21/06/22,13:55:56,     1, 16906,   409, 1029.7, 300, 0.0, 0.0, 0.0,  0, 0.0000,   406, 0.0,24.2, 0.0
M3,21/06/22,13:55:57,     1, 16907,   409, 1029.7, 300, 0.0, 0.0, 0.0,  0, 0.0000,   406, 0.0,24.2, 0.0
M3,21/06/22,13:55:58,     1, 16908,   409, 1029.7, 300, 0.0, 0.0, 0.0,  0, 0.0000,   406, 0.0,24.2, 0.0
M3,21/06/22,13:55:59,     1, 16909,   409, 1029.7, 300, 0.0, 0.0, 0.0,  0, 0.0000,   404, 0.0,24.2, 0.0
M3,21/06/22,13:56:00,     1, 16910,   409, 1029.7, 300, 0.0, 0.0, 0.0,  0, 0.0000,   405, 0.0,24.2, 0.0
M3,21/06/22,13:56:01,     1, 16911,   409, 1029.7, 300, 0.0, 0.0, 0.0,  0, 0.0000,   405, 0.0,24.2, 0.0
M3,21/06/22,13:56:02,     1, 16912,   409, 1029.7, 300, 0.0, 0.0, 0.0,  0, 0.0000,   405, 0.0,24.2, 0.0
M3,21/06/22,13:56:03,     1, 16913,   409, 1029.7, 300, 0.0, 0.0, 0.0,  0, 0.0000,   404, 0.0,24.2, 0.0
M3,21/06/22,13:56:04,     1, 16914,   409, 1029.7, 300, 0.0, 0.0, 0.0,  0, 0.0000,   405, 0.0,24.2, 0.0
M3,21/06/22,13:56:05,     1, 16915,   409, 1029.7, 300, 0.0, 0.0, 0.0,  0, 0.0000,   405, 0.0,24.2, 0.0
M3,21/06/22,13:56:06,     1, 16916,   409, 1029.7, 300, 0.0, 0.0, 0.0,  0, 0.0000,   405, 0.0,24.2, 0.0
M3,21/06/22,13:56:07,     1, 16917,   409, 1029.7, 300, 0.0, 0.0, 0.0,  0, 0.0000,   405, 0.0,24.2, 0.0
M3,21/06/22,13:56:08,     1, 16918,   408, 1029.7, 300, 0.0, 0.0, 0.0,  0, 0.0000,   405, 0.0,24.2, 0.0
M3,21/06/22,13:56:09,     1, 16919,   408, 1029.7, 300, 0.0, 0.0, 0.0,  0, 0.0000,   404, 0.0,24.2, 0.0
M3,21/06/22,13:56:10,     1, 16920,   408, 1029.7, 300, 0.0, 0.0, 0.0,  0, 0.0000,   404, 0.0,24.2, 0.0
