Tag(M3),Date,Time,Plot_No,Rec_No,CO2,Pressure,Flow,H2O,Tsen,O2,Error,Aux_V,PAR,Tsoil,Tair,Msoil
M3,14/07/22,10:52:51,     1,  6717,   412, 1024.7, 300, 0.0, 0.0, 0.0,  0, 0.0000,   483, 0.0,26.3, 0.0
M3,14/07/22,10:52:52,     1,  6718,   412, 1024.7, 300, 0.0, 0.0, 0.0,  0, 0.0000,   474, 0.0,26.3, 0.0
M3,14/07/22,10:52:53,     1,  6719,   411, 1024.8, 300, 0.0, 0.0, 0.0,  0, 0.0000,   462, 0.0,26.4, 0.0
Zero
M3,14/07/22,10:53:20,     1,  6746,   402, 1024.8, 300, 0.0, 0.0, 0.0,  0, 0.0000,   451, 0.0,26.5, 0.0
M3,14/07/22,10:53:21,     1,  6747,   404, 1024.8, 300, 0.0, 0.0, 0.0,  0, 0.0000,   449, 0.0,26.5, 0.0
M3,14/07/22,10:53:22,     1,  6748,   404, 1024.8, 300, 0.0, 0.0, 0.0,  0, 0.0000,   447, 0.0,26.5, 0.0
M3,14/07/22,10:53:23,     1,  6749,   405, 1024.8, 300, 0.0, 0.0, 0.0,  0, 0.0000,   445, 0.0,26.5, 0.0
M3,14/07/22,10:53:24,     1,  6750,   405, 1024.8, 300, 0.0, 0.0, 0.0,  0, 0.0000,   443, 0.0,26.5, 0.0
M3,14/07/22,10:53:25,     1,  6751,   404, 1024.8, 300, 0.0, 0.0, 0.0,  0, 0.0000,   441, 0.0,26.5, 0.0
M3,14/07/22,10:53:26,     1,  6752,   404, 1024.8, 300, 0.0, 0.0, 0.0,  0, 0.0000,   439, 0.0,26.5, 0.0
M3,14/07/22,10:53:27,     1,  6753,   405, 1024.8, 300, 0.0, 0.0, 0.0,  0, 0.0000,   438, 0.0,26.5, 0.0
M3,14/07/22,10:53:28,     1,  6754,   405, 1024.8, 300, 0.0, 0.0, 0.0,  0, 0.0000,   437, 0.0,26.5, 0.0
M3,14/07/22,10:53:29,     1,  6755,   405, 1024.8, 300, 0.0, 0.0, 0.0,  0, 0.0000,   436, 0.0,26.5, 0.0
M3,14/07/22,10:53:30,     1,  6756,   405, 1024.8, 300, 0.0, 0.0, 0.0,  0, 0.0000,   436, 0.0,26.5, 0.0
M3,14/07/22,10:53:31,     1,  6757,   405, 1024.8, 300, 0.0, 0.0, 0.0,  0, 0.0000,   436, 0.0,26.5, 0.0
M3,14/07/22,10:53:32,     1,  6758,   404, 1024.8, 300, 0.0, 0.0, 0.0,  0, 0.0000,   437, 0.0,26.5, 0.0
M3,14/07/22,10:53:34,     1,  6759,   404, 1024.8, 300, 0.0, 0.0, 0.0,  0, 0.0000,   438, 0.0,26.5, 0.0
M3,14/07/22,10:53:35,     1,  6760,   404, 1024.8, 300, 0.0, 0.0, 0.0,  0, 0.0000,   439, 0.0,26.5, 0.0
M3,14/07/22,10:53:36,     1,  6761,   403, 1024.8, 300, 0.0, 0.0, 0.0,  0, 0.0000,   441, 0.0,26.5, 0.0
M3,14/07/22,10:53:37,     1,  6762,   403, 1024.8, 300, 0.0, 0.0, 0.0,  0, 0.0000,   442, 0.0,26.5, 0.0
M3,14/07/22,10:53:38,     1,  6763,   403, 1024.8, 300, 0.0, 0.0, 0.0,  0, 0.0000,   443, 0.0,26.5, 0.0
M3,14/07/22,10:53:39,     1,  6764,   403, 1024.8, 300, 0.0, 0.0, 0.0,  0, 0.0000,   444, 0.0,26.5, 0.0
M3,14/07/22,10:53:40,     1,  6765,   403, 1024.8, 300, 0.0, 0.0, 0.0,  0, 0.0000,   445, 0.0,26.5, 0.0
M3,14/07/22,10:53:41,     1,  6766,   403, 1024.8, 300, 0.0, 0.0, 0.0,  0, 0.0000,   445, 0.0,26.5, 0.0
M3,14/07/22,10:53:42,     1,  6767,   403, 1024.8, 300, 0.0, 0.0, 0.0,  0, 0.0000,   445, 0.0,26.5, 0.0
M3,14/07/22,10:53:43,     1,  6768,   403, 1024.8, 300, 0.0, 0.0, 0.0,  0, 0.0000,   445, 0.0,26.5, 0.0
M3,14/07/22,10:53:44,     1,  6769,   403, 1024.8, 300, 0.0, 0.0, 0.0,  0, 0.0000,   445, 0.0,26.5, 0.0
M3,14/07/22,10:53:45,     1,  6770,   402, 1024.8, 300, 0.0, 0.0, 0.0,  0, 0.0000,   445, 0.0,26.5, 0.0
M3,14/07/22,10:53:46,     1,  6771,   402, 1024.8, 300, 0.0, 0.0, 0.0,  0, 0.0000,   445, 0.0,26.5, 0.0
M3,14/07/22,10:53:47,     1,  6772,   402, 1024.8, 300, 0.0, 0.0, 0.0,  0, 0.0000,   444, 0.0,26.5, 0.0
M3,14/07/22,10:53:48,     1,  6773,   402, 1024.8, 300, 0.0, 0.0, 0.0,  0, 0.0000,   443, 0.0,26.5, 0.0
M3,14/07/22,10:53:49,     1,  6774,   402, 1024.8, 300, 0.0, 0.0, 0.0,  0, 0.0000,   442, 0.0,26.5, 0.0
M3,14/07/22,10:53:50,     1,  6775,   402, 1024.8, 300, 0.0, 0.0, 0.0,  0, 0.0000,   441, 0.0,26.5, 0.0
M3,14/07/22,10:53:51,     1,  6776,   402, 1024.8, 300, 0.0, 0.0, 0.0,  0, 0.0000,   440, 0.0,26.5, 0.0
M3,14/07/22,10:53:52,     1,  6777,   402, 1024.8, 300, 0.0, 0.0, 0.0,  0, 0.0000,   440, 0.0,26.5, 0.0
M3,14/07/22,10:53:53,     1,  6778,   402, 1024.8, 300, 0.0, 0.0, 0.0,  0, 0.0000,   439, 0.0,26.5, 0.0
M3,14/07/22,10:53:54,     1,  6779,   402, 1024.8, 300, 0.0, 0.0, 0.0,  0, 0.0000,   439, 0.0,26.5, 0.0
M3,14/07/22,10:53:55,     1,  6780,   401, 1024.8, 300, 0.0, 0.0, 0.0,  0, 0.0000,   440, 0.0,26.5, 0.0
M3,14/07/22,10:53:56,     1,  6781,   401, 1024.8, 300, 0.0, 0.0, 0.0,  0, 0.0000,   441, 0.0,26.5, 0.0
M3,14/07/22,10:53:57,     1,  6782,   401, 1024.8, 300, 0.0, 0.0, 0.0,  0, 0.0000,   441, 0.0,26.6, 0.0
M3,14/07/22,10:53:58,     1,  6783,   401, 1024.8, 300, 0.0, 0.0, 0.0,  0, 0.0000,   442, 0.0,26.6, 0.0
M3,14/07/22,10:53:59,     1,  6784,   401, 1024.8, 300, 0.0, 0.0, 0.0,  0, 0.0000,   443, 0.0,26.6, 0.0
M3,14/07/22,10:54:00,     1,  6785,   401, 1024.8, 300, 0.0, 0.0, 0.0,  0, 0.0000,   443, 0.0,26.6, 0.0
M3,14/07/22,10:54:01,     1,  6786,   401, 1024.8, 300, 0.0, 0.0, 0.0,  0, 0.0000,   443, 0.0,26.6, 0.0
M3,14/07/22,10:54:02,     1,  6787,   401, 1024.8, 300, 0.0, 0.0, 0.0,  0, 0.0000,   444, 0.0,26.6, 0.0
M3,14/07/22,10:54:03,     1,  6788,   401, 1024.8, 300, 0.0, 0.0, 0.0,  0, 0.0000,   444, 0.0,26.6, 0.0
M3,14/07/22,10:54:04,     1,  6789,   400, 1024.8, 300, 0.0, 0.0, 0.0,  0, 0.0000,   444, 0.0,26.6, 0.0
M3,14/07/22,10:54:05,     1,  6790,   400, 1024.8, 300, 0.0, 0.0, 0.0,  0, 0.0000,   444, 0.0,26.6, 0.0
M3,14/07/22,10:54:06,     1,  6791,   400, 1024.8, 300, 0.0, 0.0, 0.0,  0, 0.0000,   443, 0.0,26.6, 0.0
M3,14/07/22,10:54:07,     1,  6792,   400, 1024.8, 300, 0.0, 0.0, 0.0,  0, 0.0000,   443, 0.0,26.6, 0.0
M3,14/07/22,10:54:08,     1,  6793,   400, 1024.8, 300, 0.0, 0.0, 0.0,  0, 0.0000,   444, 0.0,26.6, 0.0
M3,14/07/22,10:54:09,     1,  6794,   400, 1024.8, 300, 0.0, 0.0, 0.0,  0, 0.0000,   444, 0.0,26.6, 0.0
M3,14/07/22,10:54:10,     1,  6795,   400, 1024.8, 300, 0.0, 0.0, 0.0,  0, 0.0000,   445, 0.0,26.6, 0.0
M3,14/07/22,10:54:11,     1,  6796,   400, 1024.8, 300, 0.0, 0.0, 0.0,  0, 0.0000,   446, 0.0,26.6, 0.0
M3,14/07/22,10:54:12,     1,  6797,   400, 1024.8, 300, 0.0, 0.0, 0.0,  0, 0.0000,   448, 0.0,26.6, 0.0
M3,14/07/22,10:54:13,     1,  6798,   400, 1024.8, 300, 0.0, 0.0, 0.0,  0, 0.0000,   450, 0.0,26.6, 0.0
M3,14/07/22,10:54:14,     1,  6799,   399, 1024.8, 300, 0.0, 0.0, 0.0,  0, 0.0000,   451, 0.0,26.6, 0.0
M3,14/07/22,10:54:15,     1,  6800,   399, 1024.8, 300, 0.0, 0.0, 0.0,  0, 0.0000,   452, 0.0,26.6, 0.0
M3,14/07/22,10:54:16,     1,  6801,   399, 1024.8, 300, 0.0, 0.0, 0.0,  0, 0.0000,   453, 0.0,26.6, 0.0
M3,14/07/22,10:54:17,     1,  6802,   399, 1024.8, 300, 0.0, 0.0, 0.0,  0, 0.0000,   454, 0.0,26.6, 0.0
M3,14/07/22,10:54:18,     1,  6803,   399, 1024.8, 300, 0.0, 0.0, 0.0,  0, 0.0000,   455, 0.0,26.6, 0.0
M3,14/07/22,10:54:19,     1,  6804,   399, 1024.8, 300, 0.0, 0.0, 0.0,  0, 0.0000,   456, 0.0,26.6, 0.0
M3,14/07/22,10:54:20,     1,  6805,   399, 1024.8, 300, 0.0, 0.0, 0.0,  0, 0.0000,   457, 0.0,26.6, 0.0
M3,14/07/22,10:54:21,     1,  6806,   398, 1024.8, 300, 0.0, 0.0, 0.0,  0, 0.0000,   458, 0.0,26.6, 0.0
M3,14/07/22,10:54:22,     1,  6807,   398, 1024.8, 300, 0.0, 0.0, 0.0,  0, 0.0000,   459, 0.0,26.6, 0.0
M3,14/07/22,10:54:23,     1,  6808,   398, 1024.8, 300, 0.0, 0.0, 0.0,  0, 0.0000,   459, 0.0,26.6, 0.0
M3,14/07/22,10:54:24,     1,  6809,   398, 1024.8, 300, 0.0, 0.0, 0.0,  0, 0.0000,   459, 0.0,26.6, 0.0
M3,14/07/22,10:54:25,     1,  6810,   398, 1024.8, 300, 0.0, 0.0, 0.0,  0, 0.0000,   459, 0.0,26.6, 0.0
M3,14/07/22,10:54:26,     1,  6811,   398, 1024.8, 300, 0.0, 0.0, 0.0,  0, 0.0000,   459, 0.0,26.6, 0.0
M3,14/07/22,10:54:27,     1,  6812,   398, 1024.8, 300, 0.0, 0.0, 0.0,  0, 0.0000,   459, 0.0,26.6, 0.0
M3,14/07/22,10:54:28,     1,  6813,   398, 1024.8, 300, 0.0, 0.0, 0.0,  0, 0.0000,   459, 0.0,26.6, 0.0
M3,14/07/22,10:54:29,     1,  6814,   398, 1024.8, 300, 0.0, 0.0, 0.0,  0, 0.0000,   459, 0.0,26.6, 0.0
M3,14/07/22,10:54:30,     1,  6815,   397, 1024.8, 300, 0.0, 0.0, 0.0,  0, 0.0000,   459, 0.0,26.6, 0.0
M3,14/07/22,10:54:31,     1,  6816,   397, 1024.8, 300, 0.0, 0.0, 0.0,  0, 0.0000,   459, 0.0,26.6, 0.0
M3,14/07/22,10:54:32,     1,  6817,   397, 1024.8, 300, 0.0, 0.0, 0.0,  0, 0.0000,   459, 0.0,26.6, 0.0
M3,14/07/22,10:54:33,     1,  6818,   397, 1024.8, 300, 0.0, 0.0, 0.0,  0, 0.0000,   460, 0.0,26.6, 0.0
M3,14/07/22,10:54:34,     1,  6819,   397, 1024.8, 300, 0.0, 0.0, 0.0,  0, 0.0000,   460, 0.0,26.6, 0.0
M3,14/07/22,10:54:35,     1,  6820,   396, 1024.8, 300, 0.0, 0.0, 0.0,  0, 0.0000,   461, 0.0,26.6, 0.0
M3,14/07/22,10:54:36,     1,  6821,   396, 1024.8, 300, 0.0, 0.0, 0.0,  0, 0.0000,   462, 0.0,26.6, 0.0
M3,14/07/22,10:54:37,     1,  6822,   396, 1024.8, 300, 0.0, 0.0, 0.0,  0, 0.0000,   462, 0.0,26.7, 0.0
M3,14/07/22,10:54:38,     1,  6823,   396, 1024.8, 300, 0.0, 0.0, 0.0,  0, 0.0000,   462, 0.0,26.7, 0.0
M3,14/07/22,10:54:39,     1,  6824,   396, 1024.8, 300, 0.0, 0.0, 0.0,  0, 0.0000,   462, 0.0,26.7, 0.0
M3,14/07/22,10:54:40,     1,  6825,   396, 1024.8, 300, 0.0, 0.0, 0.0,  0, 0.0000,   461, 0.0,26.7, 0.0
M3,14/07/22,10:54:41,     1,  6826,   396, 1024.8, 300, 0.0, 0.0, 0.0,  0, 0.0000,   460, 0.0,26.7, 0.0
M3,14/07/22,10:54:42,     1,  6827,   396, 1024.8, 300, 0.0, 0.0, 0.0,  0, 0.0000,   460, 0.0,26.7, 0.0
M3,14/07/22,10:54:43,     1,  6828,   396, 1024.8, 300, 0.0, 0.0, 0.0,  0, 0.0000,   459, 0.0,26.7, 0.0
M3,14/07/22,10:54:44,     1,  6829,   396, 1024.8, 300, 0.0, 0.0, 0.0,  0, 0.0000,   458, 0.0,26.7, 0.0
M3,14/07/22,10:54:45,     1,  6830,   396, 1024.8, 300, 0.0, 0.0, 0.0,  0, 0.0000,   457, 0.0,26.7, 0.0
M3,14/07/22,10:54:46,     1,  6831,   396, 1024.8, 300, 0.0, 0.0, 0.0,  0, 0.0000,   457, 0.0,26.7, 0.0
M3,14/07/22,10:54:47,     1,  6832,   396, 1024.8, 300, 0.0, 0.0, 0.0,  0, 0.0000,   457, 0.0,26.7, 0.0
M3,14/07/22,10:54:48,     1,  6833,   396, 1024.8, 300, 0.0, 0.0, 0.0,  0, 0.0000,   457, 0.0,26.7, 0.0
M3,14/07/22,10:54:49,     1,  6834,   395, 1024.8, 300, 0.0, 0.0, 0.0,  0, 0.0000,   457, 0.0,26.7, 0.0
M3,14/07/22,10:54:50,     1,  6835,   395, 1024.8, 300, 0.0, 0.0, 0.0,  0, 0.0000,   457, 0.0,26.7, 0.0
M3,14/07/22,10:54:51,     1,  6836,   395, 1024.8, 300, 0.0, 0.0, 0.0,  0, 0.0000,   457, 0.0,26.7, 0.0
M3,14/07/22,10:54:52,     1,  6837,   395, 1024.8, 300, 0.0, 0.0, 0.0,  0, 0.0000,   458, 0.0,26.7, 0.0
M3,14/07/22,10:54:53,     1,  6838,   395, 1024.8, 300, 0.0, 0.0, 0.0,  0, 0.0000,   458, 0.0,26.7, 0.0
M3,14/07/22,10:54:54,     1,  6839,   395, 1024.8, 300, 0.0, 0.0, 0.0,  0, 0.0000,   457, 0.0,26.7, 0.0
M3,14/07/22,10:54:55,     1,  6840,   395, 1024.8, 300, 0.0, 0.0, 0.0,  0, 0.0000,   457, 0.0,26.7, 0.0
M3,14/07/22,10:54:56,     1,  6841,   395, 1024.8, 300, 0.0, 0.0, 0.0,  0, 0.0000,   457, 0.0,26.7, 0.0
M3,14/07/22,10:54:57,     1,  6842,   395, 1024.8, 300, 0.0, 0.0, 0.0,  0, 0.0000,   455, 0.0,26.7, 0.0
M3,14/07/22,10:54:58,     1,  6843,   395, 1024.8, 300, 0.0, 0.0, 0.0,  0, 0.0000,   455, 0.0,26.7, 0.0
M3,14/07/22,10:54:59,     1,  6844,   395, 1024.8, 300, 0.0, 0.0, 0.0,  0, 0.0000,   455, 0.0,26.7, 0.0
M3,14/07/22,10:55:00,     1,  6845,   395, 1024.8, 300, 0.0, 0.0, 0.0,  0, 0.0000,   455, 0.0,26.7, 0.0
M3,14/07/22,10:55:01,     1,  6846,   395, 1024.8, 300, 0.0, 0.0, 0.0,  0, 0.0000,   455, 0.0,26.7, 0.0
M3,14/07/22,10:55:02,     1,  6847,   394, 1024.8, 300, 0.0, 0.0, 0.0,  0, 0.0000,   456, 0.0,26.7, 0.0
M3,14/07/22,10:55:03,     1,  6848,   394, 1024.8, 300, 0.0, 0.0, 0.0,  0, 0.0000,   456, 0.0,26.7, 0.0
M3,14/07/22,10:55:04,     1,  6849,   394, 1024.8, 300, 0.0, 0.0, 0.0,  0, 0.0000,   457, 0.0,26.7, 0.0
M3,14/07/22,10:55:05,     1,  6850,   394, 1024.8, 300, 0.0, 0.0, 0.0,  0, 0.0000,   458, 0.0,26.7, 0.0
M3,14/07/22,10:55:06,     1,  6851,   394, 1024.8, 300, 0.0, 0.0, 0.0,  0, 0.0000,   458, 0.0,26.7, 0.0
M3,14/07/22,10:55:07,     1,  6852,   394, 1024.8, 300, 0.0, 0.0, 0.0,  0, 0.0000,   458, 0.0,26.7, 0.0
M3,14/07/22,10:55:08,     1,  6853,   394, 1024.8, 300, 0.0, 0.0, 0.0,  0, 0.0000,   458, 0.0,26.7, 0.0
M3,14/07/22,10:55:09,     1,  6854,   394, 1024.8, 300, 0.0, 0.0, 0.0,  0, 0.0000,   458, 0.0,26.7, 0.0
M3,14/07/22,10:55:10,     1,  6855,   394, 1024.8, 300, 0.0, 0.0, 0.0,  0, 0.0000,   459, 0.0,26.7, 0.0
M3,14/07/22,10:55:11,     1,  6856,   394, 1024.8, 300, 0.0, 0.0, 0.0,  0, 0.0000,   459, 0.0,26.7, 0.0
M3,14/07/22,10:55:12,     1,  6857,   393, 1024.8, 300, 0.0, 0.0, 0.0,  0, 0.0000,   459, 0.0,26.7, 0.0
M3,14/07/22,10:55:13,     1,  6858,   393, 1024.8, 300, 0.0, 0.0, 0.0,  0, 0.0000,   458, 0.0,26.7, 0.0
M3,14/07/22,10:55:14,     1,  6859,   393, 1024.8, 300, 0.0, 0.0, 0.0,  0, 0.0000,   458, 0.0,26.7, 0.0
M3,14/07/22,10:55:15,     1,  6860,   393, 1024.8, 300, 0.0, 0.0, 0.0,  0, 0.0000,   458, 0.0,26.7, 0.0
M3,14/07/22,10:55:16,     1,  6861,   393, 1024.8, 300, 0.0, 0.0, 0.0,  0, 0.0000,   458, 0.0,26.7, 0.0
M3,14/07/22,10:55:17,     1,  6862,   393, 1024.8, 300, 0.0, 0.0, 0.0,  0, 0.0000,   457, 0.0,26.7, 0.0
M3,14/07/22,10:55:18,     1,  6863,   393, 1024.8, 300, 0.0, 0.0, 0.0,  0, 0.0000,   457, 0.0,26.7, 0.0
M3,14/07/22,10:55:19,     1,  6864,   392, 1024.8, 300, 0.0, 0.0, 0.0,  0, 0.0000,   457, 0.0,26.7, 0.0
M3,14/07/22,10:55:20,     1,  6865,   392, 1024.8, 300, 0.0, 0.0, 0.0,  0, 0.0000,   458, 0.0,26.7, 0.0
M3,14/07/22,10:55:21,     1,  6866,   392, 1024.8, 300, 0.0, 0.0, 0.0,  0, 0.0000,   458, 0.0,26.7, 0.0
M3,14/07/22,10:55:22,     1,  6867,   392, 1024.8, 300, 0.0, 0.0, 0.0,  0, 0.0000,   459, 0.0,26.8, 0.0
M3,14/07/22,10:55:23,     1,  6868,   392, 1024.8, 299, 0.0, 0.0, 0.0,  0, 0.0000,   460, 0.0,26.8, 0.0
M3,14/07/22,10:55:24,     1,  6869,   392, 1024.8, 300, 0.0, 0.0, 0.0,  0, 0.0000,   460, 0.0,26.8, 0.0
