Tag(M3),Date,Time,Plot_No,Rec_No,CO2,Pressure,Flow,H2O,Tsen,O2,Error,Aux_V,PAR,Tsoil,Tair,Msoil
M3,13/07/22,11:36:29,     1, 10375,   406, 1015.3, 300, 0.0, 0.0, 0.0, 61, 0.0000,   468, 0.0,26.5, 0.0
M3,13/07/22,11:36:30,     1, 10376,   406, 1015.3, 300, 0.0, 0.0, 0.0,  0, 0.0000,   469, 0.0,26.5, 0.0
M3,13/07/22,11:36:31,     1, 10377,   406, 1015.3, 300, 0.0, 0.0, 0.0,  0, 0.0000,   466, 0.0,26.5, 0.0
M3,13/07/22,11:36:32,     1, 10378,   406, 1015.3, 300, 0.0, 0.0, 0.0,  0, 0.0000,   465, 0.0,26.5, 0.0
M3,13/07/22,11:36:33,     1, 10379,   406, 1015.3, 300, 0.0, 0.0, 0.0,  0, 0.0000,   465, 0.0,26.5, 0.0
M3,13/07/22,11:36:34,     1, 10380,   406, 1015.3, 300, 0.0, 0.0, 0.0,  0, 0.0000,   464, 0.0,26.5, 0.0
M3,13/07/22,11:36:35,     1, 10381,   405, 1015.3, 300, 0.0, 0.0, 0.0,  0, 0.0000,   463, 0.0,26.5, 0.0
M3,13/07/22,11:36:36,     1, 10382,   405, 1015.3, 300, 0.0, 0.0, 0.0,  0, 0.0000,   462, 0.0,26.5, 0.0
M3,13/07/22,11:36:37,     1, 10383,   405, 1015.3, 300, 0.0, 0.0, 0.0,  0, 0.0000,   460, 0.0,26.5, 0.0
M3,13/07/22,11:36:38,     1, 10384,   405, 1015.3, 300, 0.0, 0.0, 0.0,  0, 0.0000,   459, 0.0,26.5, 0.0
M3,13/07/22,11:36:39,     1, 10385,   405, 1015.3, 300, 0.0, 0.0, 0.0,  0, 0.0000,   458, 0.0,26.5, 0.0
M3,13/07/22,11:36:40,     1, 10386,   406, 1015.3, 300, 0.0, 0.0, 0.0,  0, 0.0000,   457, 0.0,26.5, 0.0
M3,13/07/22,11:36:41,     1, 10387,   405, 1015.3, 300, 0.0, 0.0, 0.0,  0, 0.0000,   456, 0.0,26.5, 0.0
M3,13/07/22,11:36:42,     1, 10388,   405, 1015.3, 300, 0.0, 0.0, 0.0,  0, 0.0000,   455, 0.0,26.5, 0.0
M3,13/07/22,11:36:43,     1, 10389,   405, 1015.3, 300, 0.0, 0.0, 0.0,  0, 0.0000,   454, 0.0,26.5, 0.0
M3,13/07/22,11:36:44,     1, 10390,   405, 1015.3, 300, 0.0, 0.0, 0.0,  0, 0.0000,   452, 0.0,26.5, 0.0
M3,13/07/22,11:36:45,     1, 10391,   405, 1015.3, 300, 0.0, 0.0, 0.0,  0, 0.0000,   451, 0.0,26.5, 0.0
M3,13/07/22,11:36:46,     1, 10392,   405, 1015.3, 300, 0.0, 0.0, 0.0,  0, 0.0000,   450, 0.0,26.5, 0.0
M3,13/07/22,11:36:47,     1, 10393,   405, 1015.3, 300, 0.0, 0.0, 0.0,  0, 0.0000,   449, 0.0,26.5, 0.0
M3,13/07/22,11:36:48,     1, 10394,   406, 1015.3, 300, 0.0, 0.0, 0.0,  0, 0.0000,   447, 0.0,26.5, 0.0
M3,13/07/22,11:36:49,     1, 10395,   406, 1015.3, 300, 0.0, 0.0, 0.0,  0, 0.0000,   446, 0.0,26.5, 0.0
M3,13/07/22,11:36:50,     1, 10396,   406, 1015.3, 300, 0.0, 0.0, 0.0,  0, 0.0000,   445, 0.0,26.5, 0.0
M3,13/07/22,11:36:51,     1, 10397,   406, 1015.3, 300, 0.0, 0.0, 0.0,  0, 0.0000,   444, 0.0,26.5, 0.0
M3,13/07/22,11:36:52,     1, 10398,   406, 1015.3, 300, 0.0, 0.0, 0.0,  0, 0.0000,   442, 0.0,26.5, 0.0
M3,13/07/22,11:36:53,     1, 10399,   406, 1015.3, 300, 0.0, 0.0, 0.0,  0, 0.0000,   441, 0.0,26.5, 0.0
M3,13/07/22,11:36:54,     1, 10400,   406, 1015.3, 300, 0.0, 0.0, 0.0,  0, 0.0000,   440, 0.0,26.5, 0.0
M3,13/07/22,11:36:55,     1, 10401,   406, 1015.3, 300, 0.0, 0.0, 0.0,  0, 0.0000,   438, 0.0,26.5, 0.0
M3,13/07/22,11:36:56,     1, 10402,   406, 1015.3, 300, 0.0, 0.0, 0.0,  0, 0.0000,   437, 0.0,26.5, 0.0
M3,13/07/22,11:36:57,     1, 10403,   406, 1015.3, 300, 0.0, 0.0, 0.0,  0, 0.0000,   435, 0.0,26.5, 0.0
M3,13/07/22,11:36:58,     1, 10404,   406, 1015.3, 300, 0.0, 0.0, 0.0,  0, 0.0000,   434, 0.0,26.5, 0.0
M3,13/07/22,11:36:59,     1, 10405,   406, 1015.3, 300, 0.0, 0.0, 0.0,  0, 0.0000,   433, 0.0,26.5, 0.0
M3,13/07/22,11:37:00,     1, 10406,   406, 1015.3, 300, 0.0, 0.0, 0.0,  0, 0.0000,   432, 0.0,26.5, 0.0
M3,13/07/22,11:37:01,     1, 10407,   406, 1015.3, 300, 0.0, 0.0, 0.0,  0, 0.0000,   430, 0.0,26.5, 0.0
M3,13/07/22,11:37:02,     1, 10408,   406, 1015.3, 300, 0.0, 0.0, 0.0,  0, 0.0000,   429, 0.0,26.5, 0.0
M3,13/07/22,11:37:03,     1, 10409,   406, 1015.3, 300, 0.0, 0.0, 0.0,  0, 0.0000,   428, 0.0,26.5, 0.0
M3,13/07/22,11:37:04,     1, 10410,   406, 1015.3, 300, 0.0, 0.0, 0.0,  0, 0.0000,   426, 0.0,26.5, 0.0
M3,13/07/22,11:37:05,     1, 10411,   406, 1015.3, 300, 0.0, 0.0, 0.0,  0, 0.0000,   425, 0.0,26.5, 0.0
M3,13/07/22,11:37:06,     1, 10412,   406, 1015.3, 300, 0.0, 0.0, 0.0,  0, 0.0000,   423, 0.0,26.5, 0.0
M3,13/07/22,11:37:07,     1, 10413,   406, 1015.3, 300, 0.0, 0.0, 0.0,  0, 0.0000,   422, 0.0,26.5, 0.0
M3,13/07/22,11:37:08,     1, 10414,   406, 1015.3, 300, 0.0, 0.0, 0.0,  0, 0.0000,   421, 0.0,26.5, 0.0
M3,13/07/22,11:37:09,     1, 10415,   406, 1015.3, 300, 0.0, 0.0, 0.0,  0, 0.0000,   419, 0.0,26.5, 0.0
M3,13/07/22,11:37:10,     1, 10416,   406, 1015.3, 300, 0.0, 0.0, 0.0,  0, 0.0000,   418, 0.0,26.5, 0.0
M3,13/07/22,11:37:11,     1, 10417,   406, 1015.3, 300, 0.0, 0.0, 0.0,  0, 0.0000,   416, 0.0,26.5, 0.0
M3,13/07/22,11:37:12,     1, 10418,   406, 1015.3, 300, 0.0, 0.0, 0.0,  0, 0.0000,   415, 0.0,26.5, 0.0
M3,13/07/22,11:37:13,     1, 10419,   406, 1015.3, 300, 0.0, 0.0, 0.0,  0, 0.0000,   413, 0.0,26.5, 0.0
M3,13/07/22,11:37:14,     1, 10420,   406, 1015.3, 300, 0.0, 0.0, 0.0,  0, 0.0000,   412, 0.0,26.4, 0.0
M3,13/07/22,11:37:15,     1, 10421,   406, 1015.3, 300, 0.0, 0.0, 0.0,  0, 0.0000,   410, 0.0,26.4, 0.0
M3,13/07/22,11:37:16,     1, 10422,   406, 1015.3, 300, 0.0, 0.0, 0.0,  0, 0.0000,   407, 0.0,26.4, 0.0
M3,13/07/22,11:37:17,     1, 10423,   406, 1015.3, 300, 0.0, 0.0, 0.0,  0, 0.0000,   407, 0.0,26.4, 0.0
M3,13/07/22,11:37:18,     1, 10424,   406, 1015.3, 300, 0.0, 0.0, 0.0,  0, 0.0000,   406, 0.0,26.4, 0.0
M3,13/07/22,11:37:19,     1, 10425,   406, 1015.3, 300, 0.0, 0.0, 0.0,  0, 0.0000,   405, 0.0,26.4, 0.0
M3,13/07/22,11:37:20,     1, 10426,   406, 1015.3, 300, 0.0, 0.0, 0.0,  0, 0.0000,   402, 0.0,26.4, 0.0
M3,13/07/22,11:37:21,     1, 10427,   406, 1015.3, 300, 0.0, 0.0, 0.0,  0, 0.0000,   401, 0.0,26.4, 0.0
M3,13/07/22,11:37:22,     1, 10428,   406, 1015.3, 300, 0.0, 0.0, 0.0,  0, 0.0000,   400, 0.0,26.4, 0.0
M3,13/07/22,11:37:23,     1, 10429,   406, 1015.3, 300, 0.0, 0.0, 0.0,  0, 0.0000,   399, 0.0,26.4, 0.0
M3,13/07/22,11:37:24,     1, 10430,   406, 1015.3, 300, 0.0, 0.0, 0.0,  0, 0.0000,   398, 0.0,26.4, 0.0
M3,13/07/22,11:37:25,     1, 10431,   406, 1015.3, 300, 0.0, 0.0, 0.0,  0, 0.0000,   396, 0.0,26.4, 0.0
M3,13/07/22,11:37:26,     1, 10432,   406, 1015.3, 300, 0.0, 0.0, 0.0,  0, 0.0000,   395, 0.0,26.4, 0.0
M3,13/07/22,11:37:27,     1, 10433,   406, 1015.3, 300, 0.0, 0.0, 0.0,  0, 0.0000,   394, 0.0,26.4, 0.0
M3,13/07/22,11:37:28,     1, 10434,   406, 1015.3, 300, 0.0, 0.0, 0.0,  0, 0.0000,   392, 0.0,26.4, 0.0
M3,13/07/22,11:37:29,     1, 10435,   406, 1015.3, 300, 0.0, 0.0, 0.0,  0, 0.0000,   391, 0.0,26.4, 0.0
M3,13/07/22,11:37:30,     1, 10436,   406, 1015.3, 300, 0.0, 0.0, 0.0,  0, 0.0000,   390, 0.0,26.4, 0.0
M3,13/07/22,11:37:31,     1, 10437,   406, 1015.3, 300, 0.0, 0.0, 0.0,  0, 0.0000,   388, 0.0,26.4, 0.0
M3,13/07/22,11:37:32,     1, 10438,   406, 1015.3, 300, 0.0, 0.0, 0.0,  0, 0.0000,   387, 0.0,26.4, 0.0
M3,13/07/22,11:37:33,     1, 10439,   407, 1015.3, 300, 0.0, 0.0, 0.0,  0, 0.0000,   386, 0.0,26.4, 0.0
M3,13/07/22,11:37:34,     1, 10440,   407, 1015.3, 300, 0.0, 0.0, 0.0,  0, 0.0000,   384, 0.0,26.4, 0.0
M3,13/07/22,11:37:35,     1, 10441,   407, 1015.3, 300, 0.0, 0.0, 0.0,  0, 0.0000,   383, 0.0,26.4, 0.0
M3,13/07/22,11:37:36,     1, 10442,   407, 1015.3, 300, 0.0, 0.0, 0.0,  0, 0.0000,   382, 0.0,26.4, 0.0
M3,13/07/22,11:37:37,     1, 10443,   407, 1015.3, 300, 0.0, 0.0, 0.0,  0, 0.0000,   381, 0.0,26.4, 0.0
M3,13/07/22,11:37:38,     1, 10444,   407, 1015.3, 300, 0.0, 0.0, 0.0,  0, 0.0000,   380, 0.0,26.4, 0.0
M3,13/07/22,11:37:39,     1, 10445,   407, 1015.3, 300, 0.0, 0.0, 0.0,  0, 0.0000,   378, 0.0,26.4, 0.0
M3,13/07/22,11:37:40,     1, 10446,   407, 1015.3, 300, 0.0, 0.0, 0.0,  0, 0.0000,   377, 0.0,26.4, 0.0
M3,13/07/22,11:37:41,     1, 10447,   406, 1015.3, 300, 0.0, 0.0, 0.0,  0, 0.0000,   376, 0.0,26.4, 0.0
M3,13/07/22,11:37:42,     1, 10448,   406, 1015.3, 300, 0.0, 0.0, 0.0,  0, 0.0000,   375, 0.0,26.4, 0.0
M3,13/07/22,11:37:43,     1, 10449,   407, 1015.3, 300, 0.0, 0.0, 0.0,  0, 0.0000,   374, 0.0,26.4, 0.0
M3,13/07/22,11:37:44,     1, 10450,   407, 1015.3, 300, 0.0, 0.0, 0.0,  0, 0.0000,   373, 0.0,26.4, 0.0
M3,13/07/22,11:37:45,     1, 10451,   407, 1015.3, 300, 0.0, 0.0, 0.0,  0, 0.0000,   372, 0.0,26.4, 0.0
M3,13/07/22,11:37:46,     1, 10452,   407, 1015.3, 300, 0.0, 0.0, 0.0,  0, 0.0000,   371, 0.0,26.4, 0.0
M3,13/07/22,11:37:47,     1, 10453,   407, 1015.3, 300, 0.0, 0.0, 0.0,  0, 0.0000,   369, 0.0,26.4, 0.0
M3,13/07/22,11:37:48,     1, 10454,   407, 1015.3, 300, 0.0, 0.0, 0.0,  0, 0.0000,   368, 0.0,26.4, 0.0
M3,13/07/22,11:37:49,     1, 10455,   407, 1015.3, 300, 0.0, 0.0, 0.0,  0, 0.0000,   367, 0.0,26.4, 0.0
M3,13/07/22,11:37:50,     1, 10456,   407, 1015.3, 300, 0.0, 0.0, 0.0,  0, 0.0000,   366, 0.0,26.4, 0.0
M3,13/07/22,11:37:51,     1, 10457,   407, 1015.3, 300, 0.0, 0.0, 0.0,  0, 0.0000,   365, 0.0,26.4, 0.0
M3,13/07/22,11:37:52,     1, 10458,   407, 1015.3, 300, 0.0, 0.0, 0.0,  0, 0.0000,   364, 0.0,26.4, 0.0
M3,13/07/22,11:37:54,     1, 10459,   407, 1015.3, 300, 0.0, 0.0, 0.0,  0, 0.0000,   363, 0.0,26.4, 0.0
M3,13/07/22,11:37:55,     1, 10460,   407, 1015.3, 300, 0.0, 0.0, 0.0,  0, 0.0000,   362, 0.0,26.4, 0.0
M3,13/07/22,11:37:56,     1, 10461,   406, 1015.3, 300, 0.0, 0.0, 0.0,  0, 0.0000,   361, 0.0,26.3, 0.0
M3,13/07/22,11:37:57,     1, 10462,   406, 1015.3, 300, 0.0, 0.0, 0.0,  0, 0.0000,   360, 0.0,26.3, 0.0
M3,13/07/22,11:37:58,     1, 10463,   406, 1015.3, 300, 0.0, 0.0, 0.0,  0, 0.0000,   359, 0.0,26.3, 0.0
M3,13/07/22,11:37:59,     1, 10464,   407, 1015.3, 300, 0.0, 0.0, 0.0,  0, 0.0000,   359, 0.0,26.3, 0.0
M3,13/07/22,11:38:00,     1, 10465,   407, 1015.3, 300, 0.0, 0.0, 0.0,  0, 0.0000,   358, 0.0,26.3, 0.0
M3,13/07/22,11:38:01,     1, 10466,   408, 1015.3, 300, 0.0, 0.0, 0.0,  0, 0.0000,   357, 0.0,26.3, 0.0
M3,13/07/22,11:38:02,     1, 10467,   408, 1015.3, 300, 0.0, 0.0, 0.0,  0, 0.0000,   356, 0.0,26.3, 0.0
M3,13/07/22,11:38:03,     1, 10468,   408, 1015.3, 300, 0.0, 0.0, 0.0,  0, 0.0000,   355, 0.0,26.3, 0.0
M3,13/07/22,11:38:04,     1, 10469,   408, 1015.3, 300, 0.0, 0.0, 0.0,  0, 0.0000,   354, 0.0,26.3, 0.0
M3,13/07/22,11:38:05,     1, 10470,   408, 1015.3, 300, 0.0, 0.0, 0.0,  0, 0.0000,   354, 0.0,26.3, 0.0
M3,13/07/22,11:38:06,     1, 10471,   408, 1015.3, 300, 0.0, 0.0, 0.0,  0, 0.0000,   353, 0.0,26.3, 0.0
M3,13/07/22,11:38:07,     1, 10472,   408, 1015.3, 300, 0.0, 0.0, 0.0,  0, 0.0000,   352, 0.0,26.3, 0.0
M3,13/07/22,11:38:08,     1, 10473,   408, 1015.3, 300, 0.0, 0.0, 0.0,  0, 0.0000,   351, 0.0,26.3, 0.0
M3,13/07/22,11:38:09,     1, 10474,   408, 1015.3, 300, 0.0, 0.0, 0.0,  0, 0.0000,   350, 0.0,26.3, 0.0
M3,13/07/22,11:38:10,     1, 10475,   408, 1015.3, 300, 0.0, 0.0, 0.0,  0, 0.0000,   350, 0.0,26.3, 0.0
M3,13/07/22,11:38:11,     1, 10476,   408, 1015.3, 300, 0.0, 0.0, 0.0,  0, 0.0000,   349, 0.0,26.3, 0.0
M3,13/07/22,11:38:12,     1, 10477,   408, 1015.3, 300, 0.0, 0.0, 0.0,  0, 0.0000,   348, 0.0,26.3, 0.0
M3,13/07/22,11:38:13,     1, 10478,   408, 1015.3, 300, 0.0, 0.0, 0.0,  0, 0.0000,   348, 0.0,26.3, 0.0
M3,13/07/22,11:38:14,     1, 10479,   408, 1015.3, 300, 0.0, 0.0, 0.0,  0, 0.0000,   347, 0.0,26.3, 0.0
M3,13/07/22,11:38:15,     1, 10480,   408, 1015.3, 300, 0.0, 0.0, 0.0,  0, 0.0000,   346, 0.0,26.3, 0.0
M3,13/07/22,11:38:16,     1, 10481,   408, 1015.3, 300, 0.0, 0.0, 0.0,  0, 0.0000,   345, 0.0,26.3, 0.0
M3,13/07/22,11:38:17,     1, 10482,   408, 1015.3, 300, 0.0, 0.0, 0.0,  0, 0.0000,   345, 0.0,26.3, 0.0
M3,13/07/22,11:38:18,     1, 10483,   408, 1015.3, 300, 0.0, 0.0, 0.0,  0, 0.0000,   344, 0.0,26.3, 0.0
M3,13/07/22,11:38:19,     1, 10484,   408, 1015.3, 300, 0.0, 0.0, 0.0,  0, 0.0000,   344, 0.0,26.3, 0.0
M3,13/07/22,11:38:20,     1, 10485,   408, 1015.3, 300, 0.0, 0.0, 0.0,  0, 0.0000,   343, 0.0,26.3, 0.0
M3,13/07/22,11:38:21,     1, 10486,   408, 1015.3, 300, 0.0, 0.0, 0.0,  0, 0.0000,   342, 0.0,26.3, 0.0
M3,13/07/22,11:38:22,     1, 10487,   408, 1015.3, 300, 0.0, 0.0, 0.0,  0, 0.0000,   341, 0.0,26.3, 0.0
M3,13/07/22,11:38:23,     1, 10488,   408, 1015.3, 300, 0.0, 0.0, 0.0,  0, 0.0000,   341, 0.0,26.3, 0.0
M3,13/07/22,11:38:24,     1, 10489,   408, 1015.3, 300, 0.0, 0.0, 0.0,  0, 0.0000,   340, 0.0,26.3, 0.0
M3,13/07/22,11:38:25,     1, 10490,   408, 1015.3, 300, 0.0, 0.0, 0.0,  0, 0.0000,   340, 0.0,26.3, 0.0
M3,13/07/22,11:38:26,     1, 10491,   408, 1015.3, 300, 0.0, 0.0, 0.0,  0, 0.0000,   339, 0.0,26.3, 0.0
M3,13/07/22,11:38:27,     1, 10492,   408, 1015.3, 300, 0.0, 0.0, 0.0,  0, 0.0000,   339, 0.0,26.2, 0.0
M3,13/07/22,11:38:28,     1, 10493,   408, 1015.3, 300, 0.0, 0.0, 0.0,  0, 0.0000,   338, 0.0,26.2, 0.0
M3,13/07/22,11:38:29,     1, 10494,   408, 1015.3, 300, 0.0, 0.0, 0.0,  0, 0.0000,   338, 0.0,26.2, 0.0
M3,13/07/22,11:38:30,     1, 10495,   408, 1015.3, 300, 0.0, 0.0, 0.0,  0, 0.0000,   337, 0.0,26.2, 0.0
M3,13/07/22,11:38:31,     1, 10496,   408, 1015.3, 300, 0.0, 0.0, 0.0,  0, 0.0000,   337, 0.0,26.2, 0.0
M3,13/07/22,11:38:32,     1, 10497,   408, 1015.3, 300, 0.0, 0.0, 0.0,  0, 0.0000,   336, 0.0,26.2, 0.0
M3,13/07/22,11:38:33,     1, 10498,   408, 1015.3, 300, 0.0, 0.0, 0.0,  0, 0.0000,   336, 0.0,26.2, 0.0
M3,13/07/22,11:38:34,     1, 10499,   408, 1015.3, 300, 0.0, 0.0, 0.0,  0, 0.0000,   335, 0.0,26.2, 0.0
M3,13/07/22,11:38:35,     1, 10500,   408, 1015.3, 300, 0.0, 0.0, 0.0,  0, 0.0000,   335, 0.0,26.2, 0.0
M3,13/07/22,11:38:36,     1, 10501,   408, 1015.3, 300, 0.0, 0.0, 0.0,  0, 0.0000,   334, 0.0,26.2, 0.0
M3,13/07/22,11:38:37,     1, 10502,   408, 1015.3, 300, 0.0, 0.0, 0.0,  0, 0.0000,   334, 0.0,26.2, 0.0
M3,13/07/22,11:38:38,     1, 10503,   409, 1015.3, 300, 0.0, 0.0, 0.0,  0, 0.0000,   333, 0.0,26.2, 0.0
M3,13/07/22,11:38:39,     1, 10504,   409, 1015.3, 300, 0.0, 0.0, 0.0,  0, 0.0000,   333, 0.0,26.2, 0.0
M3,13/07/22,11:38:40,     1, 10505,   409, 1015.3, 300, 0.0, 0.0, 0.0,  0, 0.0000,   332, 0.0,26.2, 0.0
M3,13/07/22,11:38:41,     1, 10506,   409, 1015.3, 300, 0.0, 0.0, 0.0,  0, 0.0000,   332, 0.0,26.2, 0.0
M3,13/07/22,11:38:42,     1, 10507,   409, 1015.3, 300, 0.0, 0.0, 0.0,  0, 0.0000,   331, 0.0,26.2, 0.0
M3,13/07/22,11:38:43,     1, 10508,   409, 1015.3, 300, 0.0, 0.0, 0.0,  0, 0.0000,   331, 0.0,26.2, 0.0
M3,13/07/22,11:38:44,     1, 10509,   409, 1015.3, 300, 0.0, 0.0, 0.0,  0, 0.0000,   331, 0.0,26.2, 0.0
M3,13/07/22,11:38:45,     1, 10510,   409, 1015.3, 300, 0.0, 0.0, 0.0,  0, 0.0000,   330, 0.0,26.2, 0.0
M3,13/07/22,11:38:46,     1, 10511,   409, 1015.3, 300, 0.0, 0.0, 0.0,  0, 0.0000,   330, 0.0,26.2, 0.0
M3,13/07/22,11:38:47,     1, 10512,   409, 1015.3, 300, 0.0, 0.0, 0.0,  0, 0.0000,   330, 0.0,26.2, 0.0
M3,13/07/22,11:38:48,     1, 10513,   409, 1015.3, 300, 0.0, 0.0, 0.0,  0, 0.0000,   329, 0.0,26.2, 0.0
M3,13/07/22,11:38:49,     1, 10514,   409, 1015.3, 300, 0.0, 0.0, 0.0,  0, 0.0000,   329, 0.0,26.2, 0.0
M3,13/07/22,11:38:50,     1, 10515,   409, 1015.3, 300, 0.0, 0.0, 0.0,  0, 0.0000,   328, 0.0,26.2, 0.0
M3,13/07/22,11:38:51,     1, 10516,   409, 1015.3, 300, 0.0, 0.0, 0.0,  0, 0.0000,   328, 0.0,26.2, 0.0
M3,13/07/22,11:38:52,     1, 10517,   409, 1015.3, 300, 0.0, 0.0, 0.0,  0, 0.0000,   328, 0.0,26.2, 0.0
M3,13/07/22,11:38:53,     1, 10518,   409, 1015.3, 300, 0.0, 0.0, 0.0,  0, 0.0000,   327, 0.0,26.2, 0.0
M3,13/07/22,11:38:54,     1, 10519,   409, 1015.3, 300, 0.0, 0.0, 0.0,  0, 0.0000,   327, 0.0,26.2, 0.0
M3,13/07/22,11:38:55,     1, 10520,   409, 1015.3, 300, 0.0, 0.0, 0.0,  0, 0.0000,   327, 0.0,26.2, 0.0
M3,13/07/22,11:38:56,     1, 10521,   409, 1015.3, 300, 0.0, 0.0, 0.0,  0, 0.0000,   327, 0.0,26.2, 0.0
M3,13/07/22,11:38:57,     1, 10522,   409, 1015.3, 300, 0.0, 0.0, 0.0,  0, 0.0000,   327, 0.0,26.2, 0.0
M3,13/07/22,11:38:58,     1, 10523,   409, 1015.3, 300, 0.0, 0.0, 0.0,  0, 0.0000,   326, 0.0,26.2, 0.0
M3,13/07/22,11:38:59,     1, 10524,   409, 1015.3, 300, 0.0, 0.0, 0.0,  0, 0.0000,   326, 0.0,26.2, 0.0
M3,13/07/22,11:39:00,     1, 10525,   409, 1015.3, 300, 0.0, 0.0, 0.0,  0, 0.0000,   326, 0.0,26.2, 0.0
M3,13/07/22,11:39:01,     1, 10526,   409, 1015.3, 300, 0.0, 0.0, 0.0,  0, 0.0000,   326, 0.0,26.2, 0.0
M3,13/07/22,11:39:02,     1, 10527,   409, 1015.3, 300, 0.0, 0.0, 0.0,  0, 0.0000,   325, 0.0,26.2, 0.0
M3,13/07/22,11:39:03,     1, 10528,   409, 1015.3, 300, 0.0, 0.0, 0.0,  0, 0.0000,   324, 0.0,26.2, 0.0
M3,13/07/22,11:39:04,     1, 10529,   409, 1015.3, 300, 0.0, 0.0, 0.0,  0, 0.0000,   324, 0.0,26.2, 0.0
M3,13/07/22,11:39:05,     1, 10530,   409, 1015.3, 300, 0.0, 0.0, 0.0,  0, 0.0000,   324, 0.0,26.2, 0.0
M3,13/07/22,11:39:06,     1, 10531,   409, 1015.3, 300, 0.0, 0.0, 0.0,  0, 0.0000,   324, 0.0,26.1, 0.0
M3,13/07/22,11:39:07,     1, 10532,   409, 1015.3, 300, 0.0, 0.0, 0.0,  0, 0.0000,   325, 0.0,26.1, 0.0
M3,13/07/22,11:39:08,     1, 10533,   409, 1015.3, 300, 0.0, 0.0, 0.0,  0, 0.0000,   324, 0.0,26.1, 0.0
M3,13/07/22,11:39:09,     1, 10534,   409, 1015.3, 300, 0.0, 0.0, 0.0,  0, 0.0000,   323, 0.0,26.1, 0.0
M3,13/07/22,11:39:10,     1, 10535,   409, 1015.3, 300, 0.0, 0.0, 0.0,  0, 0.0000,   324, 0.0,26.1, 0.0
M3,13/07/22,11:39:11,     1, 10536,   409, 1015.3, 300, 0.0, 0.0, 0.0,  0, 0.0000,   324, 0.0,26.1, 0.0
M3,13/07/22,11:39:12,     1, 10537,   409, 1015.3, 300, 0.0, 0.0, 0.0,  0, 0.0000,   324, 0.0,26.1, 0.0
M3,13/07/22,11:39:13,     1, 10538,   409, 1015.3, 300, 0.0, 0.0, 0.0,  0, 0.0000,   324, 0.0,26.1, 0.0
M3,13/07/22,11:39:14,     1, 10539,   409, 1015.3, 300, 0.0, 0.0, 0.0,  0, 0.0000,   323, 0.0,26.1, 0.0
M3,13/07/22,11:39:15,     1, 10540,   409, 1015.3, 300, 0.0, 0.0, 0.0,  0, 0.0000,   323, 0.0,26.1, 0.0
M3,13/07/22,11:39:16,     1, 10541,   409, 1015.3, 300, 0.0, 0.0, 0.0,  0, 0.0000,   323, 0.0,26.1, 0.0
M3,13/07/22,11:39:17,     1, 10542,   410, 1015.3, 300, 0.0, 0.0, 0.0,  0, 0.0000,   323, 0.0,26.1, 0.0
M3,13/07/22,11:39:18,     1, 10543,   410, 1015.3, 300, 0.0, 0.0, 0.0,  0, 0.0000,   323, 0.0,26.1, 0.0
M3,13/07/22,11:39:19,     1, 10544,   410, 1015.3, 300, 0.0, 0.0, 0.0,  0, 0.0000,   323, 0.0,26.1, 0.0
M3,13/07/22,11:39:20,     1, 10545,   410, 1015.3, 300, 0.0, 0.0, 0.0,  0, 0.0000,   323, 0.0,26.1, 0.0
M3,13/07/22,11:39:21,     1, 10546,   410, 1015.3, 300, 0.0, 0.0, 0.0,  0, 0.0000,   323, 0.0,26.1, 0.0
M3,13/07/22,11:39:22,     1, 10547,   410, 1015.3, 300, 0.0, 0.0, 0.0,  0, 0.0000,   323, 0.0,26.1, 0.0
M3,13/07/22,11:39:23,     1, 10548,   410, 1015.3, 300, 0.0, 0.0, 0.0,  0, 0.0000,   323, 0.0,26.1, 0.0
M3,13/07/22,11:39:24,     1, 10549,   410, 1015.3, 300, 0.0, 0.0, 0.0,  0, 0.0000,   323, 0.0,26.1, 0.0
M3,13/07/22,11:39:25,     1, 10550,   410, 1015.3, 300, 0.0, 0.0, 0.0,  0, 0.0000,   323, 0.0,26.1, 0.0
M3,13/07/22,11:39:26,     1, 10551,   409, 1015.3, 300, 0.0, 0.0, 0.0,  0, 0.0000,   324, 0.0,26.1, 0.0
M3,13/07/22,11:39:27,     1, 10552,   409, 1015.3, 300, 0.0, 0.0, 0.0,  0, 0.0000,   324, 0.0,26.1, 0.0
M3,13/07/22,11:39:28,     1, 10553,   409, 1015.3, 300, 0.0, 0.0, 0.0,  0, 0.0000,   324, 0.0,26.1, 0.0
M3,13/07/22,11:39:29,     1, 10554,   409, 1015.3, 300, 0.0, 0.0, 0.0,  0, 0.0000,   324, 0.0,26.1, 0.0
M3,13/07/22,11:39:30,     1, 10555,   409, 1015.3, 300, 0.0, 0.0, 0.0,  0, 0.0000,   324, 0.0,26.1, 0.0
M3,13/07/22,11:39:31,     1, 10556,   409, 1015.3, 300, 0.0, 0.0, 0.0,  0, 0.0000,   324, 0.0,26.1, 0.0
M3,13/07/22,11:39:32,     1, 10557,   409, 1015.3, 300, 0.0, 0.0, 0.0,  0, 0.0000,   324, 0.0,26.1, 0.0
M3,13/07/22,11:39:33,     1, 10558,   409, 1015.3, 300, 0.0, 0.0, 0.0,  0, 0.0000,   325, 0.0,26.1, 0.0
M3,13/07/22,11:39:34,     1, 10559,   410, 1015.3, 300, 0.0, 0.0, 0.0,  0, 0.0000,   324, 0.0,26.1, 0.0
M3,13/07/22,11:39:35,     1, 10560,   410, 1015.3, 300, 0.0, 0.0, 0.0,  0, 0.0000,   325, 0.0,26.1, 0.0
M3,13/07/22,11:39:36,     1, 10561,   411, 1015.3, 300, 0.0, 0.0, 0.0,  0, 0.0000,   325, 0.0,26.1, 0.0
M3,13/07/22,11:39:37,     1, 10562,   411, 1015.3, 300, 0.0, 0.0, 0.0,  0, 0.0000,   325, 0.0,26.1, 0.0
M3,13/07/22,11:39:38,     1, 10563,   410, 1015.3, 300, 0.0, 0.0, 0.0,  0, 0.0000,   325, 0.0,26.1, 0.0
M3,13/07/22,11:39:39,     1, 10564,   410, 1015.3, 300, 0.0, 0.0, 0.0,  0, 0.0000,   325, 0.0,26.1, 0.0
M3,13/07/22,11:39:40,     1, 10565,   410, 1015.3, 300, 0.0, 0.0, 0.0,  0, 0.0000,   325, 0.0,26.0, 0.0
M3,13/07/22,11:39:41,     1, 10566,   410, 1015.3, 300, 0.0, 0.0, 0.0,  0, 0.0000,   326, 0.0,26.0, 0.0
M3,13/07/22,11:39:42,     1, 10567,   410, 1015.3, 300, 0.0, 0.0, 0.0,  0, 0.0000,   326, 0.0,26.0, 0.0
M3,13/07/22,11:39:43,     1, 10568,   410, 1015.3, 300, 0.0, 0.0, 0.0,  0, 0.0000,   326, 0.0,26.0, 0.0
M3,13/07/22,11:39:44,     1, 10569,   410, 1015.3, 300, 0.0, 0.0, 0.0,  0, 0.0000,   326, 0.0,26.0, 0.0
M3,13/07/22,11:39:45,     1, 10570,   411, 1015.3, 300, 0.0, 0.0, 0.0,  0, 0.0000,   326, 0.0,26.0, 0.0
M3,13/07/22,11:39:46,     1, 10571,   411, 1015.3, 300, 0.0, 0.0, 0.0,  0, 0.0000,   326, 0.0,26.0, 0.0
M3,13/07/22,11:39:47,     1, 10572,   411, 1015.3, 300, 0.0, 0.0, 0.0,  0, 0.0000,   327, 0.0,26.0, 0.0
M3,13/07/22,11:39:48,     1, 10573,   411, 1015.3, 300, 0.0, 0.0, 0.0,  0, 0.0000,   327, 0.0,26.0, 0.0
M3,13/07/22,11:39:49,     1, 10574,   411, 1015.3, 300, 0.0, 0.0, 0.0,  0, 0.0000,   327, 0.0,26.0, 0.0
M3,13/07/22,11:39:50,     1, 10575,   411, 1015.3, 300, 0.0, 0.0, 0.0,  0, 0.0000,   329, 0.0,26.0, 0.0
M3,13/07/22,11:39:51,     1, 10576,   411, 1015.3, 300, 0.0, 0.0, 0.0,  0, 0.0000,   318, 0.0,26.0, 0.0
M3,13/07/22,11:39:52,     1, 10577,   411, 1015.3, 300, 0.0, 0.0, 0.0,  0, 0.0000,   312, 0.0,26.0, 0.0
M3,13/07/22,11:39:53,     1, 10578,   411, 1015.3, 300, 0.0, 0.0, 0.0,  0, 0.0000,   310, 0.0,26.0, 0.0
M3,13/07/22,11:39:54,     1, 10579,   411, 1015.3, 300, 0.0, 0.0, 0.0,  0, 0.0000,   311, 0.0,26.0, 0.0
M3,13/07/22,11:39:55,     1, 10580,   411, 1015.3, 300, 0.0, 0.0, 0.0,  0, 0.0000,   310, 0.0,26.0, 0.0
M3,13/07/22,11:39:56,     1, 10581,   411, 1015.3, 300, 0.0, 0.0, 0.0,  0, 0.0000,   315, 0.0,26.0, 0.0
M3,13/07/22,11:39:57,     1, 10582,   411, 1015.3, 300, 0.0, 0.0, 0.0,  0, 0.0000,   327, 0.0,26.0, 0.0
M3,13/07/22,11:39:58,     1, 10583,   411, 1015.3, 300, 0.0, 0.0, 0.0,  0, 0.0000,   332, 0.0,26.0, 0.0
M3,13/07/22,11:39:59,     1, 10584,   411, 1015.3, 300, 0.0, 0.0, 0.0,  0, 0.0000,   330, 0.0,26.0, 0.0
M3,13/07/22,11:40:00,     1, 10585,   411, 1015.3, 300, 0.0, 0.0, 0.0,  0, 0.0000,   328, 0.0,26.0, 0.0
M3,13/07/22,11:40:01,     1, 10586,   411, 1015.3, 300, 0.0, 0.0, 0.0,  0, 0.0000,   335, 0.0,26.0, 0.0
M3,13/07/22,11:40:02,     1, 10587,   411, 1015.3, 300, 0.0, 0.0, 0.0,  0, 0.0000,   338, 0.0,26.0, 0.0
M3,13/07/22,11:40:03,     1, 10588,   411, 1015.3, 300, 0.0, 0.0, 0.0,  0, 0.0000,   339, 0.0,26.0, 0.0
M3,13/07/22,11:40:04,     1, 10589,   411, 1015.3, 300, 0.0, 0.0, 0.0,  0, 0.0000,   339, 0.0,26.0, 0.0
M3,13/07/22,11:40:05,     1, 10590,   411, 1015.3, 300, 0.0, 0.0, 0.0,  0, 0.0000,   340, 0.0,26.0, 0.0
M3,13/07/22,11:40:06,     1, 10591,   412, 1015.3, 300, 0.0, 0.0, 0.0,  0, 0.0000,   340, 0.0,26.0, 0.0
M3,13/07/22,11:40:07,     1, 10592,   412, 1015.3, 300, 0.0, 0.0, 0.0,  0, 0.0000,   341, 0.0,26.0, 0.0
M3,13/07/22,11:40:08,     1, 10593,   412, 1015.3, 300, 0.0, 0.0, 0.0,  0, 0.0000,   341, 0.0,26.0, 0.0
M3,13/07/22,11:40:09,     1, 10594,   412, 1015.3, 300, 0.0, 0.0, 0.0,  0, 0.0000,   341, 0.0,26.0, 0.0
M3,13/07/22,11:40:10,     1, 10595,   411, 1015.3, 300, 0.0, 0.0, 0.0,  0, 0.0000,   342, 0.0,26.0, 0.0
M3,13/07/22,11:40:11,     1, 10596,   411, 1015.3, 300, 0.0, 0.0, 0.0,  0, 0.0000,   342, 0.0,26.0, 0.0
M3,13/07/22,11:40:12,     1, 10597,   411, 1015.3, 300, 0.0, 0.0, 0.0,  0, 0.0000,   343, 0.0,26.0, 0.0
M3,13/07/22,11:40:13,     1, 10598,   411, 1015.3, 300, 0.0, 0.0, 0.0,  0, 0.0000,   343, 0.0,26.0, 0.0
M3,13/07/22,11:40:14,     1, 10599,   411, 1015.3, 300, 0.0, 0.0, 0.0,  0, 0.0000,   344, 0.0,26.0, 0.0
M3,13/07/22,11:40:15,     1, 10600,   411, 1015.3, 300, 0.0, 0.0, 0.0,  0, 0.0000,   344, 0.0,26.0, 0.0
M3,13/07/22,11:40:17,     1, 10601,   411, 1015.3, 300, 0.0, 0.0, 0.0,  0, 0.0000,   345, 0.0,26.0, 0.0
M3,13/07/22,11:40:18,     1, 10602,   411, 1015.3, 300, 0.0, 0.0, 0.0,  0, 0.0000,   345, 0.0,26.0, 0.0
M3,13/07/22,11:40:19,     1, 10603,   412, 1015.3, 300, 0.0, 0.0, 0.0,  0, 0.0000,   345, 0.0,26.0, 0.0
M3,13/07/22,11:40:20,     1, 10604,   412, 1015.3, 300, 0.0, 0.0, 0.0,  0, 0.0000,   345, 0.0,25.9, 0.0
M3,13/07/22,11:40:21,     1, 10605,   412, 1015.3, 300, 0.0, 0.0, 0.0,  0, 0.0000,   345, 0.0,25.9, 0.0
M3,13/07/22,11:40:22,     1, 10606,   412, 1015.3, 300, 0.0, 0.0, 0.0,  0, 0.0000,   345, 0.0,25.9, 0.0
M3,13/07/22,11:40:23,     1, 10607,   412, 1015.3, 300, 0.0, 0.0, 0.0,  0, 0.0000,   341, 0.0,25.9, 0.0
M3,13/07/22,11:40:24,     1, 10608,   412, 1015.3, 300, 0.0, 0.0, 0.0,  0, 0.0000,   327, 0.0,25.9, 0.0
M3,13/07/22,11:40:25,     1, 10609,   412, 1015.3, 300, 0.0, 0.0, 0.0,  0, 0.0000,   321, 0.0,25.9, 0.0
M3,13/07/22,11:40:26,     1, 10610,   412, 1015.3, 300, 0.0, 0.0, 0.0,  0, 0.0000,   317, 0.0,25.9, 0.0
M3,13/07/22,11:40:27,     1, 10611,   412, 1015.3, 300, 0.0, 0.0, 0.0,  0, 0.0000,   314, 0.0,25.9, 0.0
M3,13/07/22,11:40:28,     1, 10612,   412, 1015.3, 300, 0.0, 0.0, 0.0,  0, 0.0000,   321, 0.0,25.9, 0.0
M3,13/07/22,11:40:29,     1, 10613,   413, 1015.3, 300, 0.0, 0.0, 0.0,  0, 0.0000,   331, 0.0,25.9, 0.0
M3,13/07/22,11:40:30,     1, 10614,   413, 1015.3, 300, 0.0, 0.0, 0.0,  0, 0.0000,   332, 0.0,25.9, 0.0
M3,13/07/22,11:40:31,     1, 10615,   413, 1015.3, 300, 0.0, 0.0, 0.0,  0, 0.0000,   334, 0.0,25.9, 0.0
M3,13/07/22,11:40:32,     1, 10616,   412, 1015.3, 300, 0.0, 0.0, 0.0,  0, 0.0000,   336, 0.0,25.9, 0.0
M3,13/07/22,11:40:33,     1, 10617,   412, 1015.3, 300, 0.0, 0.0, 0.0,  0, 0.0000,   337, 0.0,25.9, 0.0
M3,13/07/22,11:40:34,     1, 10618,   412, 1015.3, 300, 0.0, 0.0, 0.0,  0, 0.0000,   337, 0.0,25.9, 0.0
M3,13/07/22,11:40:35,     1, 10619,   412, 1015.3, 300, 0.0, 0.0, 0.0,  0, 0.0000,   337, 0.0,25.9, 0.0
M3,13/07/22,11:40:36,     1, 10620,   412, 1015.3, 300, 0.0, 0.0, 0.0,  0, 0.0000,   337, 0.0,25.9, 0.0
M3,13/07/22,11:40:37,     1, 10621,   412, 1015.3, 300, 0.0, 0.0, 0.0,  0, 0.0000,   336, 0.0,25.9, 0.0
M3,13/07/22,11:40:38,     1, 10622,   412, 1015.3, 300, 0.0, 0.0, 0.0,  0, 0.0000,   338, 0.0,25.9, 0.0
M3,13/07/22,11:40:39,     1, 10623,   412, 1015.3, 300, 0.0, 0.0, 0.0,  0, 0.0000,   343, 0.0,25.9, 0.0
M3,13/07/22,11:40:40,     1, 10624,   413, 1015.3, 300, 0.0, 0.0, 0.0,  0, 0.0000,   352, 0.0,25.9, 0.0
M3,13/07/22,11:40:41,     1, 10625,   413, 1015.3, 300, 0.0, 0.0, 0.0,  0, 0.0000,   355, 0.0,25.9, 0.0
M3,13/07/22,11:40:42,     1, 10626,   413, 1015.3, 300, 0.0, 0.0, 0.0,  0, 0.0000,   356, 0.0,25.9, 0.0
M3,13/07/22,11:40:43,     1, 10627,   413, 1015.3, 300, 0.0, 0.0, 0.0,  0, 0.0000,   357, 0.0,25.9, 0.0
M3,13/07/22,11:40:44,     1, 10628,   412, 1015.3, 300, 0.0, 0.0, 0.0,  0, 0.0000,   358, 0.0,25.9, 0.0
M3,13/07/22,11:40:45,     1, 10629,   412, 1015.3, 300, 0.0, 0.0, 0.0,  0, 0.0000,   358, 0.0,25.9, 0.0
M3,13/07/22,11:40:46,     1, 10630,   412, 1015.3, 300, 0.0, 0.0, 0.0,  0, 0.0000,   359, 0.0,25.9, 0.0
M3,13/07/22,11:40:47,     1, 10631,   412, 1015.3, 300, 0.0, 0.0, 0.0,  0, 0.0000,   359, 0.0,25.9, 0.0
M3,13/07/22,11:40:48,     1, 10632,   412, 1015.3, 300, 0.0, 0.0, 0.0,  0, 0.0000,   360, 0.0,25.9, 0.0
M3,13/07/22,11:40:49,     1, 10633,   412, 1015.3, 300, 0.0, 0.0, 0.0,  0, 0.0000,   360, 0.0,25.9, 0.0
M3,13/07/22,11:40:50,     1, 10634,   412, 1015.3, 300, 0.0, 0.0, 0.0,  0, 0.0000,   361, 0.0,25.9, 0.0
M3,13/07/22,11:40:51,     1, 10635,   412, 1015.3, 300, 0.0, 0.0, 0.0,  0, 0.0000,   361, 0.0,25.9, 0.0
M3,13/07/22,11:40:52,     1, 10636,   412, 1015.3, 300, 0.0, 0.0, 0.0,  0, 0.0000,   362, 0.0,25.9, 0.0
M3,13/07/22,11:40:53,     1, 10637,   412, 1015.3, 300, 0.0, 0.0, 0.0,  0, 0.0000,   362, 0.0,25.9, 0.0
M3,13/07/22,11:40:54,     1, 10638,   413, 1015.3, 300, 0.0, 0.0, 0.0,  0, 0.0000,   363, 0.0,25.9, 0.0
M3,13/07/22,11:40:55,     1, 10639,   413, 1015.3, 300, 0.0, 0.0, 0.0,  0, 0.0000,   363, 0.0,25.9, 0.0
M3,13/07/22,11:40:56,     1, 10640,   413, 1015.3, 300, 0.0, 0.0, 0.0,  0, 0.0000,   364, 0.0,25.8, 0.0
M3,13/07/22,11:40:57,     1, 10641,   413, 1015.3, 300, 0.0, 0.0, 0.0,  0, 0.0000,   364, 0.0,25.8, 0.0
M3,13/07/22,11:40:58,     1, 10642,   413, 1015.3, 300, 0.0, 0.0, 0.0,  0, 0.0000,   365, 0.0,25.8, 0.0
M3,13/07/22,11:40:59,     1, 10643,   413, 1015.3, 300, 0.0, 0.0, 0.0,  0, 0.0000,   365, 0.0,25.8, 0.0
M3,13/07/22,11:41:00,     1, 10644,   413, 1015.3, 300, 0.0, 0.0, 0.0,  0, 0.0000,   366, 0.0,25.8, 0.0
M3,13/07/22,11:41:01,     1, 10645,   413, 1015.3, 300, 0.0, 0.0, 0.0,  0, 0.0000,   366, 0.0,25.8, 0.0
M3,13/07/22,11:41:02,     1, 10646,   413, 1015.3, 300, 0.0, 0.0, 0.0,  0, 0.0000,   367, 0.0,25.8, 0.0
M3,13/07/22,11:41:03,     1, 10647,   413, 1015.3, 300, 0.0, 0.0, 0.0,  0, 0.0000,   367, 0.0,25.8, 0.0
M3,13/07/22,11:41:04,     1, 10648,   413, 1015.3, 300, 0.0, 0.0, 0.0,  0, 0.0000,   368, 0.0,25.8, 0.0
M3,13/07/22,11:41:05,     1, 10649,   413, 1015.3, 300, 0.0, 0.0, 0.0,  0, 0.0000,   368, 0.0,25.8, 0.0
M3,13/07/22,11:41:06,     1, 10650,   413, 1015.3, 300, 0.0, 0.0, 0.0,  0, 0.0000,   369, 0.0,25.8, 0.0
M3,13/07/22,11:41:07,     1, 10651,   413, 1015.3, 300, 0.0, 0.0, 0.0,  0, 0.0000,   369, 0.0,25.8, 0.0
M3,13/07/22,11:41:08,     1, 10652,   413, 1015.3, 300, 0.0, 0.0, 0.0,  0, 0.0000,   370, 0.0,25.8, 0.0
M3,13/07/22,11:41:09,     1, 10653,   413, 1015.3, 300, 0.0, 0.0, 0.0,  0, 0.0000,   370, 0.0,25.8, 0.0
M3,13/07/22,11:41:10,     1, 10654,   413, 1015.3, 300, 0.0, 0.0, 0.0,  0, 0.0000,   370, 0.0,25.8, 0.0
M3,13/07/22,11:41:11,     1, 10655,   414, 1015.3, 300, 0.0, 0.0, 0.0,  0, 0.0000,   371, 0.0,25.8, 0.0
M3,13/07/22,11:41:12,     1, 10656,   414, 1015.3, 300, 0.0, 0.0, 0.0,  0, 0.0000,   371, 0.0,25.8, 0.0
M3,13/07/22,11:41:13,     1, 10657,   414, 1015.3, 300, 0.0, 0.0, 0.0,  0, 0.0000,   372, 0.0,25.8, 0.0
M3,13/07/22,11:41:14,     1, 10658,   414, 1015.3, 300, 0.0, 0.0, 0.0,  0, 0.0000,   372, 0.0,25.8, 0.0
M3,13/07/22,11:41:15,     1, 10659,   413, 1015.3, 300, 0.0, 0.0, 0.0,  0, 0.0000,   373, 0.0,25.8, 0.0
M3,13/07/22,11:41:16,     1, 10660,   414, 1015.3, 300, 0.0, 0.0, 0.0,  0, 0.0000,   373, 0.0,25.8, 0.0
M3,13/07/22,11:41:17,     1, 10661,   414, 1015.3, 300, 0.0, 0.0, 0.0,  0, 0.0000,   374, 0.0,25.8, 0.0
M3,13/07/22,11:41:18,     1, 10662,   414, 1015.3, 300, 0.0, 0.0, 0.0,  0, 0.0000,   374, 0.0,25.8, 0.0
M3,13/07/22,11:41:19,     1, 10663,   415, 1015.3, 300, 0.0, 0.0, 0.0,  0, 0.0000,   375, 0.0,25.8, 0.0
M3,13/07/22,11:41:20,     1, 10664,   415, 1015.3, 300, 0.0, 0.0, 0.0,  0, 0.0000,   375, 0.0,25.8, 0.0
M3,13/07/22,11:41:21,     1, 10665,   415, 1015.3, 300, 0.0, 0.0, 0.0,  0, 0.0000,   375, 0.0,25.8, 0.0
M3,13/07/22,11:41:22,     1, 10666,   415, 1015.3, 300, 0.0, 0.0, 0.0,  0, 0.0000,   375, 0.0,25.8, 0.0
M3,13/07/22,11:41:23,     1, 10667,   415, 1015.3, 300, 0.0, 0.0, 0.0,  0, 0.0000,   372, 0.0,25.8, 0.0
M3,13/07/22,11:41:24,     1, 10668,   415, 1015.3, 300, 0.0, 0.0, 0.0,  0, 0.0000,   351, 0.0,25.8, 0.0
M3,13/07/22,11:41:25,     1, 10669,   415, 1015.3, 300, 0.0, 0.0, 0.0,  0, 0.0000,   316, 0.0,25.8, 0.0
M3,13/07/22,11:41:26,     1, 10670,   414, 1015.3, 300, 0.0, 0.0, 0.0,  0, 0.0000,   285, 0.0,25.8, 0.0
M3,13/07/22,11:41:27,     1, 10671,   415, 1015.3, 300, 0.0, 0.0, 0.0,  0, 0.0000,   241, 0.0,25.8, 0.0
M3,13/07/22,11:41:28,     1, 10672,   415, 1015.3, 300, 0.0, 0.0, 0.0,  0, 0.0000,   212, 0.0,25.8, 0.0
M3,13/07/22,11:41:29,     1, 10673,   414, 1015.3, 299, 0.0, 0.0, 0.0,  0, 0.0000,   218, 0.0,25.8, 0.0
M3,13/07/22,11:41:30,     1, 10674,   414, 1015.3, 300, 0.0, 0.0, 0.0,  0, 0.0000,   179, 0.0,25.8, 0.0
M3,13/07/22,11:41:31,     1, 10675,   414, 1015.2, 300, 0.0, 0.0, 0.0,  0, 0.0000,   242, 0.0,25.7, 0.0
M3,13/07/22,11:41:32,     1, 10676,   414, 1015.2, 300, 0.0, 0.0, 0.0,  0, 0.0000,   259, 0.0,25.6, 0.0
M3,13/07/22,11:41:33,     1, 10677,   414, 1015.2, 300, 0.0, 0.0, 0.0,  0, 0.0000,   249, 0.0,25.6, 0.0
M3,13/07/22,11:41:34,     1, 10678,   414, 1015.2, 298, 0.0, 0.0, 0.0,  0, 0.0000,   244, 0.0,25.6, 0.0
M3,13/07/22,11:41:35,     1, 10679,   412, 1015.2, 299, 0.0, 0.0, 0.0,  0, 0.0000,   227, 0.0,25.6, 0.0
M3,13/07/22,11:41:36,     1, 10680,   410, 1015.2, 299, 0.0, 0.0, 0.0,  0, 0.0000,   232, 0.0,25.5, 0.0
M3,13/07/22,11:41:37,     1, 10681,   408, 1015.2, 300, 0.0, 0.0, 0.0,  0, 0.0000,   237, 0.0,25.5, 0.0
M3,13/07/22,11:41:38,     1, 10682,   407, 1015.2, 303, 0.0, 0.0, 0.0,  0, 0.0000,   233, 0.0,25.5, 0.0
M3,13/07/22,11:41:39,     1, 10683,   406, 1015.2, 301, 0.0, 0.0, 0.0,  0, 0.0000,   224, 0.0,25.4, 0.0
M3,13/07/22,11:41:40,     1, 10684,   406, 1015.2, 300, 0.0, 0.0, 0.0,  0, 0.0000,   160, 0.0,25.4, 0.0
M3,13/07/22,11:41:41,     1, 10685,   406, 1015.2, 300, 0.0, 0.0, 0.0,  0, 0.0000,   168, 0.0,25.4, 0.0
M3,13/07/22,11:41:42,     1, 10686,   405, 1015.2, 300, 0.0, 0.0, 0.0,  0, 0.0000,   171, 0.0,25.4, 0.0
M3,13/07/22,11:41:43,     1, 10687,   405, 1015.2, 300, 0.0, 0.0, 0.0,  0, 0.0000,   164, 0.0,25.4, 0.0
M3,13/07/22,11:41:44,     1, 10688,   404, 1015.2, 300, 0.0, 0.0, 0.0,  0, 0.0000,   179, 0.0,25.4, 0.0
M3,13/07/22,11:41:45,     1, 10689,   404, 1015.2, 300, 0.0, 0.0, 0.0,  0, 0.0000,   183, 0.0,25.4, 0.0
M3,13/07/22,11:41:46,     1, 10690,   404, 1015.2, 300, 0.0, 0.0, 0.0,  0, 0.0000,   182, 0.0,25.4, 0.0
M3,13/07/22,11:41:47,     1, 10691,   404, 1015.2, 299, 0.0, 0.0, 0.0,  0, 0.0000,   230, 0.0,25.4, 0.0
M3,13/07/22,11:41:48,     1, 10692,   404, 1015.2, 300, 0.0, 0.0, 0.0,  0, 0.0000,   262, 0.0,25.4, 0.0
M3,13/07/22,11:41:49,     1, 10693,   404, 1015.3, 300, 0.0, 0.0, 0.0,  0, 0.0000,   286, 0.0,25.4, 0.0
M3,13/07/22,11:41:50,     1, 10694,   404, 1015.3, 300, 0.0, 0.0, 0.0,  0, 0.0000,   310, 0.0,25.3, 0.0
M3,13/07/22,11:41:51,     1, 10695,   403, 1015.3, 300, 0.0, 0.0, 0.0,  0, 0.0000,   334, 0.0,25.3, 0.0
M3,13/07/22,11:41:52,     1, 10696,   403, 1015.3, 300, 0.0, 0.0, 0.0,  0, 0.0000,   368, 0.0,25.3, 0.0
M3,13/07/22,11:41:53,     1, 10697,   403, 1015.3, 300, 0.0, 0.0, 0.0,  0, 0.0000,   377, 0.0,25.4, 0.0
M3,13/07/22,11:41:54,     1, 10698,   403, 1015.3, 300, 0.0, 0.0, 0.0,  0, 0.0000,   379, 0.0,25.3, 0.0
M3,13/07/22,11:41:55,     1, 10699,   403, 1015.3, 300, 0.0, 0.0, 0.0,  0, 0.0000,   377, 0.0,25.3, 0.0
M3,13/07/22,11:41:56,     1, 10700,   403, 1015.3, 300, 0.0, 0.0, 0.0,  0, 0.0000,   376, 0.0,25.3, 0.0
M3,13/07/22,11:41:57,     1, 10701,   403, 1015.3, 300, 0.0, 0.0, 0.0,  0, 0.0000,   379, 0.0,25.3, 0.0
M3,13/07/22,11:41:58,     1, 10702,   403, 1015.3, 300, 0.0, 0.0, 0.0,  0, 0.0000,   376, 0.0,25.3, 0.0
M3,13/07/22,11:41:59,     1, 10703,   403, 1015.3, 300, 0.0, 0.0, 0.0,  0, 0.0000,   376, 0.0,25.3, 0.0
M3,13/07/22,11:42:00,     1, 10704,   403, 1015.3, 300, 0.0, 0.0, 0.0,  0, 0.0000,   380, 0.0,25.3, 0.0
M3,13/07/22,11:42:01,     1, 10705,   403, 1015.3, 300, 0.0, 0.0, 0.0,  0, 0.0000,   381, 0.0,25.3, 0.0
M3,13/07/22,11:42:02,     1, 10706,   403, 1015.3, 300, 0.0, 0.0, 0.0,  0, 0.0000,   388, 0.0,25.2, 0.0
M3,13/07/22,11:42:03,     1, 10707,   403, 1015.3, 300, 0.0, 0.0, 0.0,  0, 0.0000,   389, 0.0,25.2, 0.0
M3,13/07/22,11:42:04,     1, 10708,   403, 1015.3, 300, 0.0, 0.0, 0.0,  0, 0.0000,   390, 0.0,25.2, 0.0
M3,13/07/22,11:42:05,     1, 10709,   404, 1015.3, 300, 0.0, 0.0, 0.0,  0, 0.0000,   390, 0.0,25.2, 0.0
M3,13/07/22,11:42:06,     1, 10710,   404, 1015.3, 300, 0.0, 0.0, 0.0,  0, 0.0000,   391, 0.0,25.1, 0.0
M3,13/07/22,11:42:07,     1, 10711,   404, 1015.3, 300, 0.0, 0.0, 0.0,  0, 0.0000,   391, 0.0,25.2, 0.0
M3,13/07/22,11:42:08,     1, 10712,   404, 1015.3, 300, 0.0, 0.0, 0.0,  0, 0.0000,   392, 0.0,25.2, 0.0
M3,13/07/22,11:42:09,     1, 10713,   404, 1015.3, 301, 0.0, 0.0, 0.0,  0, 0.0000,   393, 0.0,25.2, 0.0
M3,13/07/22,11:42:10,     1, 10714,   403, 1015.3, 300, 0.0, 0.0, 0.0,  0, 0.0000,   393, 0.0,25.2, 0.0
M3,13/07/22,11:42:11,     1, 10715,   403, 1015.3, 300, 0.0, 0.0, 0.0,  0, 0.0000,   394, 0.0,25.1, 0.0
M3,13/07/22,11:42:12,     1, 10716,   403, 1015.3, 300, 0.0, 0.0, 0.0,  0, 0.0000,   394, 0.0,25.1, 0.0
M3,13/07/22,11:42:13,     1, 10717,   403, 1015.3, 300, 0.0, 0.0, 0.0,  0, 0.0000,   395, 0.0,25.1, 0.0
M3,13/07/22,11:42:14,     1, 10718,   403, 1015.3, 300, 0.0, 0.0, 0.0,  0, 0.0000,   396, 0.0,25.1, 0.0
M3,13/07/22,11:42:15,     1, 10719,   404, 1015.3, 300, 0.0, 0.0, 0.0,  0, 0.0000,   397, 0.0,25.1, 0.0
M3,13/07/22,11:42:16,     1, 10720,   404, 1015.3, 300, 0.0, 0.0, 0.0,  0, 0.0000,   397, 0.0,25.2, 0.0
M3,13/07/22,11:42:17,     1, 10721,   404, 1015.3, 300, 0.0, 0.0, 0.0,  0, 0.0000,   398, 0.0,25.2, 0.0
M3,13/07/22,11:42:18,     1, 10722,   404, 1015.3, 300, 0.0, 0.0, 0.0,  0, 0.0000,   399, 0.0,25.2, 0.0
M3,13/07/22,11:42:19,     1, 10723,   403, 1015.3, 300, 0.0, 0.0, 0.0,  0, 0.0000,   400, 0.0,25.2, 0.0
M3,13/07/22,11:42:20,     1, 10724,   403, 1015.3, 300, 0.0, 0.0, 0.0,  0, 0.0000,   402, 0.0,25.1, 0.0
M3,13/07/22,11:42:21,     1, 10725,   403, 1015.3, 300, 0.0, 0.0, 0.0,  0, 0.0000,   403, 0.0,25.1, 0.0
M3,13/07/22,11:42:22,     1, 10726,   403, 1015.3, 300, 0.0, 0.0, 0.0,  0, 0.0000,   404, 0.0,25.2, 0.0
M3,13/07/22,11:42:23,     1, 10727,   403, 1015.3, 300, 0.0, 0.0, 0.0,  0, 0.0000,   405, 0.0,25.1, 0.0
M3,13/07/22,11:42:24,     1, 10728,   403, 1015.3, 300, 0.0, 0.0, 0.0,  0, 0.0000,   406, 0.0,25.1, 0.0
M3,13/07/22,11:42:25,     1, 10729,   403, 1015.3, 300, 0.0, 0.0, 0.0,  0, 0.0000,   406, 0.0,25.1, 0.0
M3,13/07/22,11:42:26,     1, 10730,   403, 1015.3, 300, 0.0, 0.0, 0.0,  0, 0.0000,   407, 0.0,25.1, 0.0
M3,13/07/22,11:42:27,     1, 10731,   403, 1015.3, 300, 0.0, 0.0, 0.0,  0, 0.0000,   408, 0.0,25.1, 0.0
M3,13/07/22,11:42:28,     1, 10732,   403, 1015.3, 300, 0.0, 0.0, 0.0,  0, 0.0000,   408, 0.0,25.1, 0.0
M3,13/07/22,11:42:29,     1, 10733,   403, 1015.3, 300, 0.0, 0.0, 0.0,  0, 0.0000,   409, 0.0,25.1, 0.0
M3,13/07/22,11:42:30,     1, 10734,   404, 1015.3, 300, 0.0, 0.0, 0.0,  0, 0.0000,   409, 0.0,25.1, 0.0
M3,13/07/22,11:42:31,     1, 10735,   404, 1015.3, 300, 0.0, 0.0, 0.0,  0, 0.0000,   408, 0.0,25.0, 0.0
M3,13/07/22,11:42:32,     1, 10736,   404, 1015.3, 300, 0.0, 0.0, 0.0,  0, 0.0000,   408, 0.0,25.0, 0.0
M3,13/07/22,11:42:33,     1, 10737,   404, 1015.3, 300, 0.0, 0.0, 0.0,  0, 0.0000,   406, 0.0,25.0, 0.0
M3,13/07/22,11:42:34,     1, 10738,   404, 1015.3, 300, 0.0, 0.0, 0.0,  0, 0.0000,   405, 0.0,25.1, 0.0
M3,13/07/22,11:42:35,     1, 10739,   404, 1015.3, 300, 0.0, 0.0, 0.0,  0, 0.0000,   403, 0.0,25.0, 0.0
M3,13/07/22,11:42:36,     1, 10740,   404, 1015.3, 300, 0.0, 0.0, 0.0,  0, 0.0000,   400, 0.0,25.0, 0.0
M3,13/07/22,11:42:37,     1, 10741,   404, 1015.3, 300, 0.0, 0.0, 0.0,  0, 0.0000,   399, 0.0,25.0, 0.0
M3,13/07/22,11:42:38,     1, 10742,   404, 1015.3, 300, 0.0, 0.0, 0.0,  0, 0.0000,   397, 0.0,25.0, 0.0
M3,13/07/22,11:42:39,     1, 10743,   404, 1015.3, 300, 0.0, 0.0, 0.0,  0, 0.0000,   395, 0.0,25.0, 0.0
M3,13/07/22,11:42:41,     1, 10744,   404, 1015.3, 300, 0.0, 0.0, 0.0,  0, 0.0000,   393, 0.0,25.0, 0.0
M3,13/07/22,11:42:42,     1, 10745,   404, 1015.3, 300, 0.0, 0.0, 0.0,  0, 0.0000,   392, 0.0,25.0, 0.0
M3,13/07/22,11:42:43,     1, 10746,   404, 1015.3, 300, 0.0, 0.0, 0.0,  0, 0.0000,   391, 0.0,25.0, 0.0
M3,13/07/22,11:42:44,     1, 10747,   405, 1015.3, 300, 0.0, 0.0, 0.0,  0, 0.0000,   389, 0.0,25.0, 0.0
M3,13/07/22,11:42:45,     1, 10748,   405, 1015.3, 300, 0.0, 0.0, 0.0,  0, 0.0000,   388, 0.0,25.1, 0.0
M3,13/07/22,11:42:46,     1, 10749,   405, 1015.3, 300, 0.0, 0.0, 0.0,  0, 0.0000,   388, 0.0,25.1, 0.0
M3,13/07/22,11:42:47,     1, 10750,   405, 1015.3, 300, 0.0, 0.0, 0.0,  0, 0.0000,   387, 0.0,25.1, 0.0
M3,13/07/22,11:42:48,     1, 10751,   405, 1015.3, 300, 0.0, 0.0, 0.0,  0, 0.0000,   386, 0.0,25.1, 0.0
M3,13/07/22,11:42:49,     1, 10752,   405, 1015.3, 300, 0.0, 0.0, 0.0,  0, 0.0000,   385, 0.0,25.1, 0.0
M3,13/07/22,11:42:50,     1, 10753,   406, 1015.3, 300, 0.0, 0.0, 0.0,  0, 0.0000,   384, 0.0,25.1, 0.0
M3,13/07/22,11:42:51,     1, 10754,   406, 1015.3, 300, 0.0, 0.0, 0.0,  0, 0.0000,   383, 0.0,25.1, 0.0
M3,13/07/22,11:42:52,     1, 10755,   406, 1015.3, 300, 0.0, 0.0, 0.0,  0, 0.0000,   383, 0.0,25.1, 0.0
M3,13/07/22,11:42:53,     1, 10756,   406, 1015.3, 300, 0.0, 0.0, 0.0,  0, 0.0000,   382, 0.0,25.1, 0.0
M3,13/07/22,11:42:54,     1, 10757,   406, 1015.3, 300, 0.0, 0.0, 0.0,  0, 0.0000,   382, 0.0,25.1, 0.0
M3,13/07/22,11:42:55,     1, 10758,   406, 1015.3, 300, 0.0, 0.0, 0.0,  0, 0.0000,   381, 0.0,25.1, 0.0
M3,13/07/22,11:42:56,     1, 10759,   406, 1015.3, 300, 0.0, 0.0, 0.0,  0, 0.0000,   381, 0.0,25.1, 0.0
M3,13/07/22,11:42:57,     1, 10760,   406, 1015.3, 300, 0.0, 0.0, 0.0,  0, 0.0000,   381, 0.0,25.0, 0.0
M3,13/07/22,11:42:58,     1, 10761,   406, 1015.3, 300, 0.0, 0.0, 0.0,  0, 0.0000,   381, 0.0,25.0, 0.0
M3,13/07/22,11:42:59,     1, 10762,   406, 1015.3, 300, 0.0, 0.0, 0.0,  0, 0.0000,   381, 0.0,25.0, 0.0
M3,13/07/22,11:43:00,     1, 10763,   407, 1015.3, 300, 0.0, 0.0, 0.0,  0, 0.0000,   381, 0.0,25.0, 0.0
M3,13/07/22,11:43:01,     1, 10764,   407, 1015.3, 300, 0.0, 0.0, 0.0,  0, 0.0000,   381, 0.0,25.0, 0.0
M3,13/07/22,11:43:02,     1, 10765,   407, 1015.3, 300, 0.0, 0.0, 0.0,  0, 0.0000,   381, 0.0,25.0, 0.0
M3,13/07/22,11:43:03,     1, 10766,   406, 1015.3, 300, 0.0, 0.0, 0.0,  0, 0.0000,   380, 0.0,24.9, 0.0
M3,13/07/22,11:43:04,     1, 10767,   406, 1015.3, 300, 0.0, 0.0, 0.0,  0, 0.0000,   380, 0.0,24.9, 0.0
M3,13/07/22,11:43:05,     1, 10768,   406, 1015.3, 300, 0.0, 0.0, 0.0,  0, 0.0000,   381, 0.0,24.9, 0.0
M3,13/07/22,11:43:06,     1, 10769,   406, 1015.3, 300, 0.0, 0.0, 0.0,  0, 0.0000,   381, 0.0,24.9, 0.0
M3,13/07/22,11:43:07,     1, 10770,   407, 1015.3, 300, 0.0, 0.0, 0.0,  0, 0.0000,   381, 0.0,24.9, 0.0
M3,13/07/22,11:43:08,     1, 10771,   407, 1015.3, 300, 0.0, 0.0, 0.0,  0, 0.0000,   381, 0.0,24.9, 0.0
M3,13/07/22,11:43:09,     1, 10772,   406, 1015.3, 300, 0.0, 0.0, 0.0,  0, 0.0000,   381, 0.0,25.0, 0.0
M3,13/07/22,11:43:10,     1, 10773,   406, 1015.3, 300, 0.0, 0.0, 0.0,  0, 0.0000,   381, 0.0,25.0, 0.0
M3,13/07/22,11:43:11,     1, 10774,   406, 1015.3, 300, 0.0, 0.0, 0.0,  0, 0.0000,   381, 0.0,25.0, 0.0
M3,13/07/22,11:43:12,     1, 10775,   406, 1015.3, 300, 0.0, 0.0, 0.0,  0, 0.0000,   381, 0.0,25.0, 0.0
M3,13/07/22,11:43:13,     1, 10776,   406, 1015.3, 300, 0.0, 0.0, 0.0,  0, 0.0000,   382, 0.0,25.0, 0.0
M3,13/07/22,11:43:14,     1, 10777,   407, 1015.3, 300, 0.0, 0.0, 0.0,  0, 0.0000,   382, 0.0,25.0, 0.0
M3,13/07/22,11:43:15,     1, 10778,   407, 1015.3, 300, 0.0, 0.0, 0.0,  0, 0.0000,   382, 0.0,25.0, 0.0
M3,13/07/22,11:43:16,     1, 10779,   407, 1015.3, 300, 0.0, 0.0, 0.0,  0, 0.0000,   382, 0.0,25.0, 0.0
M3,13/07/22,11:43:17,     1, 10780,   407, 1015.3, 300, 0.0, 0.0, 0.0,  0, 0.0000,   382, 0.0,25.0, 0.0
M3,13/07/22,11:43:18,     1, 10781,   407, 1015.3, 300, 0.0, 0.0, 0.0,  0, 0.0000,   383, 0.0,25.0, 0.0
M3,13/07/22,11:43:19,     1, 10782,   407, 1015.3, 300, 0.0, 0.0, 0.0,  0, 0.0000,   383, 0.0,25.0, 0.0
M3,13/07/22,11:43:20,     1, 10783,   407, 1015.3, 300, 0.0, 0.0, 0.0,  0, 0.0000,   384, 0.0,25.0, 0.0
M3,13/07/22,11:43:21,     1, 10784,   407, 1015.3, 300, 0.0, 0.0, 0.0,  0, 0.0000,   384, 0.0,25.0, 0.0
M3,13/07/22,11:43:22,     1, 10785,   407, 1015.3, 300, 0.0, 0.0, 0.0,  0, 0.0000,   385, 0.0,25.0, 0.0
M3,13/07/22,11:43:23,     1, 10786,   407, 1015.3, 300, 0.0, 0.0, 0.0,  0, 0.0000,   385, 0.0,25.0, 0.0
M3,13/07/22,11:43:24,     1, 10787,   407, 1015.3, 300, 0.0, 0.0, 0.0,  0, 0.0000,   386, 0.0,24.9, 0.0
M3,13/07/22,11:43:25,     1, 10788,   406, 1015.3, 300, 0.0, 0.0, 0.0,  0, 0.0000,   386, 0.0,24.9, 0.0
M3,13/07/22,11:43:26,     1, 10789,   406, 1015.3, 300, 0.0, 0.0, 0.0,  0, 0.0000,   387, 0.0,24.9, 0.0
M3,13/07/22,11:43:27,     1, 10790,   406, 1015.3, 300, 0.0, 0.0, 0.0,  0, 0.0000,   388, 0.0,24.9, 0.0
M3,13/07/22,11:43:28,     1, 10791,   406, 1015.3, 300, 0.0, 0.0, 0.0,  0, 0.0000,   388, 0.0,24.9, 0.0
M3,13/07/22,11:43:29,     1, 10792,   406, 1015.3, 300, 0.0, 0.0, 0.0,  0, 0.0000,   389, 0.0,24.9, 0.0
M3,13/07/22,11:43:30,     1, 10793,   406, 1015.3, 300, 0.0, 0.0, 0.0,  0, 0.0000,   389, 0.0,24.9, 0.0
M3,13/07/22,11:43:31,     1, 10794,   406, 1015.3, 300, 0.0, 0.0, 0.0,  0, 0.0000,   390, 0.0,24.9, 0.0
M3,13/07/22,11:43:32,     1, 10795,   406, 1015.3, 300, 0.0, 0.0, 0.0,  0, 0.0000,   391, 0.0,24.9, 0.0
M3,13/07/22,11:43:33,     1, 10796,   406, 1015.3, 300, 0.0, 0.0, 0.0,  0, 0.0000,   392, 0.0,24.9, 0.0
M3,13/07/22,11:43:34,     1, 10797,   406, 1015.3, 300, 0.0, 0.0, 0.0,  0, 0.0000,   393, 0.0,24.9, 0.0
M3,13/07/22,11:43:35,     1, 10798,   406, 1015.3, 300, 0.0, 0.0, 0.0,  0, 0.0000,   392, 0.0,24.8, 0.0
M3,13/07/22,11:43:36,     1, 10799,   406, 1015.3, 300, 0.0, 0.0, 0.0,  0, 0.0000,   393, 0.0,24.8, 0.0
M3,13/07/22,11:43:37,     1, 10800,   407, 1015.3, 300, 0.0, 0.0, 0.0,  0, 0.0000,   393, 0.0,24.9, 0.0
M3,13/07/22,11:43:38,     1, 10801,   407, 1015.3, 300, 0.0, 0.0, 0.0,  0, 0.0000,   396, 0.0,24.8, 0.0
M3,13/07/22,11:43:39,     1, 10802,   407, 1015.3, 300, 0.0, 0.0, 0.0,  0, 0.0000,   397, 0.0,24.8, 0.0
M3,13/07/22,11:43:40,     1, 10803,   407, 1015.3, 300, 0.0, 0.0, 0.0,  0, 0.0000,   397, 0.0,24.8, 0.0
M3,13/07/22,11:43:41,     1, 10804,   407, 1015.3, 300, 0.0, 0.0, 0.0,  0, 0.0000,   398, 0.0,24.8, 0.0
M3,13/07/22,11:43:42,     1, 10805,   407, 1015.3, 300, 0.0, 0.0, 0.0,  0, 0.0000,   396, 0.0,24.8, 0.0
M3,13/07/22,11:43:43,     1, 10806,   407, 1015.3, 300, 0.0, 0.0, 0.0,  0, 0.0000,   383, 0.0,24.9, 0.0
M3,13/07/22,11:43:44,     1, 10807,   407, 1015.3, 300, 0.0, 0.0, 0.0,  0, 0.0000,   364, 0.0,24.9, 0.0
M3,13/07/22,11:43:45,     1, 10808,   406, 1015.3, 300, 0.0, 0.0, 0.0,  0, 0.0000,   365, 0.0,24.9, 0.0
M3,13/07/22,11:43:46,     1, 10809,   406, 1015.3, 300, 0.0, 0.0, 0.0,  0, 0.0000,   368, 0.0,24.8, 0.0
M3,13/07/22,11:43:47,     1, 10810,   406, 1015.3, 300, 0.0, 0.0, 0.0,  0, 0.0000,   360, 0.0,24.8, 0.0
