Tag(M3),Date,Time,Plot_No,Rec_No,CO2,Pressure,Flow,H2O,Tsen,O2,Error,Aux_V,PAR,Tsoil,Tair,Msoil
M3,28/07/22,10:17:50,     1,  3472,   407, 1018.6, 300, 0.0, 0.0, 0.0, 61, 0.0000,  1292, 0.0,32.2, 0.0
M3,28/07/22,10:17:51,     1,  3473,   407, 1018.6, 301, 0.0, 0.0, 0.0,  0, 0.0000,  1291, 0.0,32.2, 0.0
M3,28/07/22,10:17:52,     1,  3474,   407, 1018.6, 300, 0.0, 0.0, 0.0,  0, 0.0000,  1301, 0.0,32.2, 0.0
M3,28/07/22,10:17:53,     1,  3475,   406, 1018.6, 300, 0.0, 0.0, 0.0,  0, 0.0000,  1314, 0.0,32.2, 0.0
M3,28/07/22,10:17:54,     1,  3476,   406, 1018.6, 300, 0.0, 0.0, 0.0,  0, 0.0000,  1334, 0.0,32.2, 0.0
M3,28/07/22,10:17:55,     1,  3477,   406, 1018.6, 300, 0.0, 0.0, 0.0,  0, 0.0000,  1346, 0.0,32.3, 0.0
M3,28/07/22,10:17:56,     1,  3478,   406, 1018.6, 300, 0.0, 0.0, 0.0,  0, 0.0000,  1361, 0.0,32.3, 0.0
M3,28/07/22,10:17:57,     1,  3479,   405, 1018.6, 300, 0.0, 0.0, 0.0,  0, 0.0000,  1384, 0.0,32.3, 0.0
M3,28/07/22,10:17:59,     1,  3480,   405, 1018.6, 300, 0.0, 0.0, 0.0,  0, 0.0000,  1402, 0.0,32.3, 0.0
M3,28/07/22,10:18:00,     1,  3481,   404, 1018.6, 300, 0.0, 0.0, 0.0,  0, 0.0000,  1407, 0.0,32.3, 0.0
M3,28/07/22,10:18:01,     1,  3482,   405, 1018.6, 300, 0.0, 0.0, 0.0,  0, 0.0000,  1392, 0.0,32.3, 0.0
M3,28/07/22,10:18:02,     1,  3483,   405, 1018.6, 300, 0.0, 0.0, 0.0,  0, 0.0000,  1354, 0.0,32.4, 0.0
M3,28/07/22,10:18:03,     1,  3484,   405, 1018.6, 300, 0.0, 0.0, 0.0,  0, 0.0000,  1299, 0.0,32.4, 0.0
M3,28/07/22,10:18:04,     1,  3485,   404, 1018.6, 300, 0.0, 0.0, 0.0,  0, 0.0000,  1239, 0.0,32.4, 0.0
M3,28/07/22,10:18:05,     1,  3486,   404, 1018.6, 300, 0.0, 0.0, 0.0,  0, 0.0000,  1182, 0.0,32.4, 0.0
M3,28/07/22,10:18:06,     1,  3487,   403, 1018.6, 300, 0.0, 0.0, 0.0,  0, 0.0000,  1131, 0.0,32.4, 0.0
M3,28/07/22,10:18:07,     1,  3488,   403, 1018.6, 300, 0.0, 0.0, 0.0,  0, 0.0000,  1090, 0.0,32.4, 0.0
M3,28/07/22,10:18:08,     1,  3489,   402, 1018.6, 300, 0.0, 0.0, 0.0,  0, 0.0000,  1051, 0.0,32.4, 0.0
M3,28/07/22,10:18:09,     1,  3490,   402, 1018.6, 300, 0.0, 0.0, 0.0,  0, 0.0000,  1014, 0.0,32.4, 0.0
M3,28/07/22,10:18:10,     1,  3491,   402, 1018.6, 300, 0.0, 0.0, 0.0,  0, 0.0000,   983, 0.0,32.4, 0.0
M3,28/07/22,10:18:11,     1,  3492,   402, 1018.6, 300, 0.0, 0.0, 0.0,  0, 0.0000,   955, 0.0,32.5, 0.0
M3,28/07/22,10:18:12,     1,  3493,   401, 1018.6, 300, 0.0, 0.0, 0.0,  0, 0.0000,   930, 0.0,32.5, 0.0
M3,28/07/22,10:18:13,     1,  3494,   401, 1018.6, 300, 0.0, 0.0, 0.0,  0, 0.0000,   907, 0.0,32.5, 0.0
M3,28/07/22,10:18:14,     1,  3495,   401, 1018.6, 300, 0.0, 0.0, 0.0,  0, 0.0000,   884, 0.0,32.5, 0.0
M3,28/07/22,10:18:15,     1,  3496,   401, 1018.6, 300, 0.0, 0.0, 0.0,  0, 0.0000,   861, 0.0,32.5, 0.0
M3,28/07/22,10:18:16,     1,  3497,   401, 1018.6, 300, 0.0, 0.0, 0.0,  0, 0.0000,   840, 0.0,32.5, 0.0
M3,28/07/22,10:18:17,     1,  3498,   401, 1018.6, 300, 0.0, 0.0, 0.0,  0, 0.0000,   824, 0.0,32.5, 0.0
M3,28/07/22,10:18:18,     1,  3499,   401, 1018.6, 300, 0.0, 0.0, 0.0,  0, 0.0000,   815, 0.0,32.5, 0.0
M3,28/07/22,10:18:19,     1,  3500,   401, 1018.6, 300, 0.0, 0.0, 0.0,  0, 0.0000,   815, 0.0,32.5, 0.0
M3,28/07/22,10:18:20,     1,  3501,   400, 1018.6, 300, 0.0, 0.0, 0.0,  0, 0.0000,   823, 0.0,32.5, 0.0
M3,28/07/22,10:18:21,     1,  3502,   400, 1018.6, 300, 0.0, 0.0, 0.0,  0, 0.0000,   838, 0.0,32.5, 0.0
M3,28/07/22,10:18:22,     1,  3503,   400, 1018.6, 300, 0.0, 0.0, 0.0,  0, 0.0000,   855, 0.0,32.5, 0.0
M3,28/07/22,10:18:23,     1,  3504,   400, 1018.6, 300, 0.0, 0.0, 0.0,  0, 0.0000,   874, 0.0,32.5, 0.0
M3,28/07/22,10:18:24,     1,  3505,   400, 1018.6, 300, 0.0, 0.0, 0.0,  0, 0.0000,   894, 0.0,32.5, 0.0
M3,28/07/22,10:18:25,     1,  3506,   400, 1018.6, 300, 0.0, 0.0, 0.0,  0, 0.0000,   911, 0.0,32.5, 0.0
M3,28/07/22,10:18:26,     1,  3507,   400, 1018.6, 300, 0.0, 0.0, 0.0,  0, 0.0000,   927, 0.0,32.5, 0.0
M3,28/07/22,10:18:27,     1,  3508,   400, 1018.6, 300, 0.0, 0.0, 0.0,  0, 0.0000,   948, 0.0,32.5, 0.0
M3,28/07/22,10:18:28,     1,  3509,   400, 1018.6, 300, 0.0, 0.0, 0.0,  0, 0.0000,   979, 0.0,32.5, 0.0
M3,28/07/22,10:18:29,     1,  3510,   399, 1018.6, 300, 0.0, 0.0, 0.0,  0, 0.0000,  1015, 0.0,32.5, 0.0
M3,28/07/22,10:18:30,     1,  3511,   399, 1018.6, 300, 0.0, 0.0, 0.0,  0, 0.0000,  1040, 0.0,32.5, 0.0
M3,28/07/22,10:18:31,     1,  3512,   398, 1018.6, 300, 0.0, 0.0, 0.0,  0, 0.0000,  1046, 0.0,32.5, 0.0
M3,28/07/22,10:18:32,     1,  3513,   398, 1018.6, 300, 0.0, 0.0, 0.0,  0, 0.0000,  1031, 0.0,32.6, 0.0
M3,28/07/22,10:18:33,     1,  3514,   398, 1018.6, 300, 0.0, 0.0, 0.0,  0, 0.0000,   999, 0.0,32.6, 0.0
M3,28/07/22,10:18:34,     1,  3515,   398, 1018.6, 300, 0.0, 0.0, 0.0,  0, 0.0000,   952, 0.0,32.6, 0.0
M3,28/07/22,10:18:35,     1,  3516,   398, 1018.6, 300, 0.0, 0.0, 0.0,  0, 0.0000,   904, 0.0,32.6, 0.0
M3,28/07/22,10:18:36,     1,  3517,   398, 1018.6, 300, 0.0, 0.0, 0.0,  0, 0.0000,   872, 0.0,32.6, 0.0
M3,28/07/22,10:18:37,     1,  3518,   398, 1018.6, 300, 0.0, 0.0, 0.0,  0, 0.0000,   852, 0.0,32.6, 0.0
M3,28/07/22,10:18:38,     1,  3519,   398, 1018.6, 300, 0.0, 0.0, 0.0,  0, 0.0000,   833, 0.0,32.6, 0.0
M3,28/07/22,10:18:39,     1,  3520,   397, 1018.6, 300, 0.0, 0.0, 0.0,  0, 0.0000,   808, 0.0,32.6, 0.0
M3,28/07/22,10:18:40,     1,  3521,   397, 1018.6, 300, 0.0, 0.0, 0.0,  0, 0.0000,   780, 0.0,32.6, 0.0
M3,28/07/22,10:18:41,     1,  3522,   397, 1018.6, 300, 0.0, 0.0, 0.0,  0, 0.0000,   760, 0.0,32.6, 0.0
M3,28/07/22,10:18:42,     1,  3523,   397, 1018.6, 300, 0.0, 0.0, 0.0,  0, 0.0000,   751, 0.0,32.6, 0.0
M3,28/07/22,10:18:43,     1,  3524,   397, 1018.6, 300, 0.0, 0.0, 0.0,  0, 0.0000,   750, 0.0,32.6, 0.0
M3,28/07/22,10:18:44,     1,  3525,   397, 1018.6, 300, 0.0, 0.0, 0.0,  0, 0.0000,   754, 0.0,32.6, 0.0
M3,28/07/22,10:18:45,     1,  3526,   397, 1018.6, 300, 0.0, 0.0, 0.0,  0, 0.0000,   760, 0.0,32.6, 0.0
M3,28/07/22,10:18:46,     1,  3527,   397, 1018.6, 300, 0.0, 0.0, 0.0,  0, 0.0000,   767, 0.0,32.6, 0.0
M3,28/07/22,10:18:47,     1,  3528,   396, 1018.6, 300, 0.0, 0.0, 0.0,  0, 0.0000,   773, 0.0,32.6, 0.0
M3,28/07/22,10:18:48,     1,  3529,   395, 1018.6, 300, 0.0, 0.0, 0.0,  0, 0.0000,   773, 0.0,32.6, 0.0
M3,28/07/22,10:18:49,     1,  3530,   394, 1018.6, 300, 0.0, 0.0, 0.0,  0, 0.0000,   772, 0.0,32.6, 0.0
M3,28/07/22,10:18:50,     1,  3531,   393, 1018.6, 300, 0.0, 0.0, 0.0,  0, 0.0000,   772, 0.0,32.6, 0.0
M3,28/07/22,10:18:51,     1,  3532,   393, 1018.6, 300, 0.0, 0.0, 0.0,  0, 0.0000,   774, 0.0,32.6, 0.0
M3,28/07/22,10:18:52,     1,  3533,   393, 1018.6, 300, 0.0, 0.0, 0.0,  0, 0.0000,   773, 0.0,32.6, 0.0
M3,28/07/22,10:18:53,     1,  3534,   393, 1018.6, 300, 0.0, 0.0, 0.0,  0, 0.0000,   768, 0.0,32.6, 0.0
M3,28/07/22,10:18:54,     1,  3535,   393, 1018.6, 300, 0.0, 0.0, 0.0,  0, 0.0000,   762, 0.0,32.6, 0.0
M3,28/07/22,10:18:55,     1,  3536,   393, 1018.6, 300, 0.0, 0.0, 0.0,  0, 0.0000,   753, 0.0,32.6, 0.0
M3,28/07/22,10:18:56,     1,  3537,   393, 1018.6, 300, 0.0, 0.0, 0.0,  0, 0.0000,   743, 0.0,32.6, 0.0
M3,28/07/22,10:18:57,     1,  3538,   392, 1018.6, 300, 0.0, 0.0, 0.0,  0, 0.0000,   734, 0.0,32.6, 0.0
M3,28/07/22,10:18:58,     1,  3539,   392, 1018.6, 300, 0.0, 0.0, 0.0,  0, 0.0000,   726, 0.0,32.6, 0.0
M3,28/07/22,10:18:59,     1,  3540,   392, 1018.6, 300, 0.0, 0.0, 0.0,  0, 0.0000,   722, 0.0,32.6, 0.0
M3,28/07/22,10:19:00,     1,  3541,   392, 1018.6, 300, 0.0, 0.0, 0.0,  0, 0.0000,   736, 0.0,32.6, 0.0
M3,28/07/22,10:19:01,     1,  3542,   392, 1018.6, 300, 0.0, 0.0, 0.0,  0, 0.0000,   780, 0.0,32.6, 0.0
M3,28/07/22,10:19:02,     1,  3543,   392, 1018.6, 300, 0.0, 0.0, 0.0,  0, 0.0000,   858, 0.0,32.6, 0.0
M3,28/07/22,10:19:03,     1,  3544,   391, 1018.6, 300, 0.0, 0.0, 0.0,  0, 0.0000,   945, 0.0,32.6, 0.0
M3,28/07/22,10:19:04,     1,  3545,   391, 1018.6, 300, 0.0, 0.0, 0.0,  0, 0.0000,  1027, 0.0,32.6, 0.0
M3,28/07/22,10:19:05,     1,  3546,   391, 1018.6, 300, 0.0, 0.0, 0.0,  0, 0.0000,  1091, 0.0,32.6, 0.0
M3,28/07/22,10:19:06,     1,  3547,   391, 1018.6, 300, 0.0, 0.0, 0.0,  0, 0.0000,  1129, 0.0,32.6, 0.0
M3,28/07/22,10:19:07,     1,  3548,   391, 1018.6, 300, 0.0, 0.0, 0.0,  0, 0.0000,  1141, 0.0,32.7, 0.0
M3,28/07/22,10:19:08,     1,  3549,   391, 1018.6, 300, 0.0, 0.0, 0.0,  0, 0.0000,  1130, 0.0,32.7, 0.0
M3,28/07/22,10:19:09,     1,  3550,   390, 1018.6, 300, 0.0, 0.0, 0.0,  0, 0.0000,  1122, 0.0,32.7, 0.0
M3,28/07/22,10:19:10,     1,  3551,   390, 1018.6, 300, 0.0, 0.0, 0.0,  0, 0.0000,  1120, 0.0,32.7, 0.0
M3,28/07/22,10:19:11,     1,  3552,   390, 1018.6, 300, 0.0, 0.0, 0.0,  0, 0.0000,  1138, 0.0,32.7, 0.0
M3,28/07/22,10:19:12,     1,  3553,   390, 1018.6, 300, 0.0, 0.0, 0.0,  0, 0.0000,  1175, 0.0,32.7, 0.0
M3,28/07/22,10:19:13,     1,  3554,   390, 1018.6, 300, 0.0, 0.0, 0.0,  0, 0.0000,  1230, 0.0,32.7, 0.0
M3,28/07/22,10:19:14,     1,  3555,   389, 1018.6, 300, 0.0, 0.0, 0.0,  0, 0.0000,  1309, 0.0,32.7, 0.0
M3,28/07/22,10:19:15,     1,  3556,   389, 1018.6, 300, 0.0, 0.0, 0.0,  0, 0.0000,  1402, 0.0,32.7, 0.0
M3,28/07/22,10:19:16,     1,  3557,   389, 1018.6, 300, 0.0, 0.0, 0.0,  0, 0.0000,  1490, 0.0,32.7, 0.0
M3,28/07/22,10:19:17,     1,  3558,   389, 1018.6, 300, 0.0, 0.0, 0.0,  0, 0.0000,  1548, 0.0,32.7, 0.0
M3,28/07/22,10:19:18,     1,  3559,   389, 1018.6, 300, 0.0, 0.0, 0.0,  0, 0.0000,  1572, 0.0,32.7, 0.0
M3,28/07/22,10:19:19,     1,  3560,   389, 1018.6, 300, 0.0, 0.0, 0.0,  0, 0.0000,  1579, 0.0,32.8, 0.0
M3,28/07/22,10:19:20,     1,  3561,   389, 1018.6, 300, 0.0, 0.0, 0.0,  0, 0.0000,  1578, 0.0,32.8, 0.0
M3,28/07/22,10:19:21,     1,  3562,   389, 1018.6, 300, 0.0, 0.0, 0.0,  0, 0.0000,  1576, 0.0,32.8, 0.0
M3,28/07/22,10:19:22,     1,  3563,   389, 1018.6, 300, 0.0, 0.0, 0.0,  0, 0.0000,  1576, 0.0,32.8, 0.0
M3,28/07/22,10:19:23,     1,  3564,   389, 1018.6, 300, 0.0, 0.0, 0.0,  0, 0.0000,  1576, 0.0,32.8, 0.0
M3,28/07/22,10:19:24,     1,  3565,   389, 1018.6, 300, 0.0, 0.0, 0.0,  0, 0.0000,  1575, 0.0,32.8, 0.0
M3,28/07/22,10:19:25,     1,  3566,   388, 1018.6, 300, 0.0, 0.0, 0.0,  0, 0.0000,  1573, 0.0,32.8, 0.0
M3,28/07/22,10:19:26,     1,  3567,   388, 1018.6, 300, 0.0, 0.0, 0.0,  0, 0.0000,  1569, 0.0,32.8, 0.0
M3,28/07/22,10:19:27,     1,  3568,   388, 1018.6, 300, 0.0, 0.0, 0.0,  0, 0.0000,  1565, 0.0,32.8, 0.0
M3,28/07/22,10:19:28,     1,  3569,   388, 1018.6, 300, 0.0, 0.0, 0.0,  0, 0.0000,  1560, 0.0,32.8, 0.0
M3,28/07/22,10:19:29,     1,  3570,   388, 1018.6, 300, 0.0, 0.0, 0.0,  0, 0.0000,  1554, 0.0,32.8, 0.0
M3,28/07/22,10:19:30,     1,  3571,   388, 1018.6, 300, 0.0, 0.0, 0.0,  0, 0.0000,  1547, 0.0,32.9, 0.0
M3,28/07/22,10:19:31,     1,  3572,   387, 1018.6, 300, 0.0, 0.0, 0.0,  0, 0.0000,  1539, 0.0,32.9, 0.0
M3,28/07/22,10:19:32,     1,  3573,   387, 1018.6, 300, 0.0, 0.0, 0.0,  0, 0.0000,  1530, 0.0,32.9, 0.0
M3,28/07/22,10:19:33,     1,  3574,   387, 1018.6, 300, 0.0, 0.0, 0.0,  0, 0.0000,  1519, 0.0,32.9, 0.0
M3,28/07/22,10:19:34,     1,  3575,   387, 1018.6, 300, 0.0, 0.0, 0.0,  0, 0.0000,  1510, 0.0,32.9, 0.0
M3,28/07/22,10:19:35,     1,  3576,   386, 1018.6, 300, 0.0, 0.0, 0.0,  0, 0.0000,  1505, 0.0,32.9, 0.0
M3,28/07/22,10:19:36,     1,  3577,   386, 1018.6, 300, 0.0, 0.0, 0.0,  0, 0.0000,  1501, 0.0,32.9, 0.0
M3,28/07/22,10:19:37,     1,  3578,   386, 1018.6, 300, 0.0, 0.0, 0.0,  0, 0.0000,  1493, 0.0,32.9, 0.0
M3,28/07/22,10:19:38,     1,  3579,   386, 1018.6, 300, 0.0, 0.0, 0.0,  0, 0.0000,  1483, 0.0,32.9, 0.0
M3,28/07/22,10:19:39,     1,  3580,   386, 1018.6, 300, 0.0, 0.0, 0.0,  0, 0.0000,  1468, 0.0,32.9, 0.0
M3,28/07/22,10:19:40,     1,  3581,   386, 1018.6, 300, 0.0, 0.0, 0.0,  0, 0.0000,  1452, 0.0,32.9, 0.0
M3,28/07/22,10:19:41,     1,  3582,   386, 1018.6, 300, 0.0, 0.0, 0.0,  0, 0.0000,  1437, 0.0,32.9, 0.0
M3,28/07/22,10:19:42,     1,  3583,   386, 1018.6, 300, 0.0, 0.0, 0.0,  0, 0.0000,  1426, 0.0,32.9, 0.0
M3,28/07/22,10:19:43,     1,  3584,   386, 1018.6, 300, 0.0, 0.0, 0.0,  0, 0.0000,  1415, 0.0,33.0, 0.0
M3,28/07/22,10:19:44,     1,  3585,   386, 1018.6, 300, 0.0, 0.0, 0.0,  0, 0.0000,  1406, 0.0,33.0, 0.0
M3,28/07/22,10:19:45,     1,  3586,   386, 1018.6, 300, 0.0, 0.0, 0.0,  0, 0.0000,  1402, 0.0,33.0, 0.0
M3,28/07/22,10:19:46,     1,  3587,   385, 1018.6, 300, 0.0, 0.0, 0.0,  0, 0.0000,  1402, 0.0,33.0, 0.0
M3,28/07/22,10:19:47,     1,  3588,   385, 1018.6, 300, 0.0, 0.0, 0.0,  0, 0.0000,  1404, 0.0,33.0, 0.0
M3,28/07/22,10:19:48,     1,  3589,   384, 1018.6, 300, 0.0, 0.0, 0.0,  0, 0.0000,  1412, 0.0,33.0, 0.0
M3,28/07/22,10:19:49,     1,  3590,   384, 1018.6, 300, 0.0, 0.0, 0.0,  0, 0.0000,  1426, 0.0,33.0, 0.0
M3,28/07/22,10:19:50,     1,  3591,   384, 1018.6, 300, 0.0, 0.0, 0.0,  0, 0.0000,  1444, 0.0,33.0, 0.0
M3,28/07/22,10:19:51,     1,  3592,   384, 1018.6, 300, 0.0, 0.0, 0.0,  0, 0.0000,  1459, 0.0,33.0, 0.0
M3,28/07/22,10:19:52,     1,  3593,   384, 1018.7, 300, 0.0, 0.0, 0.0,  0, 0.0000,  1469, 0.0,33.0, 0.0
M3,28/07/22,10:19:53,     1,  3594,   384, 1018.7, 300, 0.0, 0.0, 0.0,  0, 0.0000,  1474, 0.0,33.0, 0.0
M3,28/07/22,10:19:54,     1,  3595,   384, 1018.7, 300, 0.0, 0.0, 0.0,  0, 0.0000,  1478, 0.0,33.0, 0.0
M3,28/07/22,10:19:55,     1,  3596,   384, 1018.7, 300, 0.0, 0.0, 0.0,  0, 0.0000,  1474, 0.0,33.0, 0.0
M3,28/07/22,10:19:56,     1,  3597,   384, 1018.7, 300, 0.0, 0.0, 0.0,  0, 0.0000,  1466, 0.0,33.0, 0.0
M3,28/07/22,10:19:57,     1,  3598,   384, 1018.7, 300, 0.0, 0.0, 0.0,  0, 0.0000,  1458, 0.0,33.0, 0.0
M3,28/07/22,10:19:58,     1,  3599,   384, 1018.7, 300, 0.0, 0.0, 0.0,  0, 0.0000,  1445, 0.0,33.0, 0.0
M3,28/07/22,10:19:59,     1,  3600,   383, 1018.7, 300, 0.0, 0.0, 0.0,  0, 0.0000,  1428, 0.0,33.0, 0.0
M3,28/07/22,10:20:00,     1,  3601,   383, 1018.7, 300, 0.0, 0.0, 0.0,  0, 0.0000,  1411, 0.0,33.0, 0.0
M3,28/07/22,10:20:01,     1,  3602,   383, 1018.7, 299, 0.0, 0.0, 0.0,  0, 0.0000,  1399, 0.0,33.0, 0.0
M3,28/07/22,10:20:02,     1,  3603,   383, 1018.7, 300, 0.0, 0.0, 0.0,  0, 0.0000,  1388, 0.0,33.0, 0.0
M3,28/07/22,10:20:03,     1,  3604,   383, 1018.7, 300, 0.0, 0.0, 0.0,  0, 0.0000,  1386, 0.0,33.0, 0.0
M3,28/07/22,10:20:04,     1,  3605,   382, 1018.7, 300, 0.0, 0.0, 0.0,  0, 0.0000,  1382, 0.0,33.1, 0.0
M3,28/07/22,10:20:05,     1,  3606,   382, 1018.7, 300, 0.0, 0.0, 0.0,  0, 0.0000,  1377, 0.0,33.1, 0.0
M3,28/07/22,10:20:07,     1,  3607,   382, 1018.7, 300, 0.0, 0.0, 0.0,  0, 0.0000,  1381, 0.0,33.1, 0.0
M3,28/07/22,10:20:08,     1,  3608,   382, 1018.7, 300, 0.0, 0.0, 0.0,  0, 0.0000,  1388, 0.0,33.1, 0.0
M3,28/07/22,10:20:09,     1,  3609,   382, 1018.7, 300, 0.0, 0.0, 0.0,  0, 0.0000,  1400, 0.0,33.1, 0.0
M3,28/07/22,10:20:10,     1,  3610,   382, 1018.7, 300, 0.0, 0.0, 0.0,  0, 0.0000,  1417, 0.0,33.1, 0.0
M3,28/07/22,10:20:11,     1,  3611,   382, 1018.7, 300, 0.0, 0.0, 0.0,  0, 0.0000,  1437, 0.0,33.1, 0.0
M3,28/07/22,10:20:12,     1,  3612,   382, 1018.7, 300, 0.0, 0.0, 0.0,  0, 0.0000,  1458, 0.0,33.1, 0.0
M3,28/07/22,10:20:13,     1,  3613,   381, 1018.7, 300, 0.0, 0.0, 0.0,  0, 0.0000,  1473, 0.0,33.1, 0.0
M3,28/07/22,10:20:14,     1,  3614,   381, 1018.7, 300, 0.0, 0.0, 0.0,  0, 0.0000,  1487, 0.0,33.1, 0.0
M3,28/07/22,10:20:15,     1,  3615,   381, 1018.7, 300, 0.0, 0.0, 0.0,  0, 0.0000,  1501, 0.0,33.1, 0.0
M3,28/07/22,10:20:16,     1,  3616,   381, 1018.7, 300, 0.0, 0.0, 0.0,  0, 0.0000,  1504, 0.0,33.1, 0.0
M3,28/07/22,10:20:17,     1,  3617,   381, 1018.7, 300, 0.0, 0.0, 0.0,  0, 0.0000,  1509, 0.0,33.1, 0.0
M3,28/07/22,10:20:18,     1,  3618,   381, 1018.7, 300, 0.0, 0.0, 0.0,  0, 0.0000,  1516, 0.0,33.1, 0.0
M3,28/07/22,10:20:19,     1,  3619,   382, 1018.7, 300, 0.0, 0.0, 0.0,  0, 0.0000,  1526, 0.0,33.1, 0.0
M3,28/07/22,10:20:20,     1,  3620,   383, 1018.7, 300, 0.0, 0.0, 0.0,  0, 0.0000,  1533, 0.0,33.2, 0.0
M3,28/07/22,10:20:21,     1,  3621,   383, 1018.7, 300, 0.0, 0.0, 0.0,  0, 0.0000,  1535, 0.0,33.2, 0.0
M3,28/07/22,10:20:22,     1,  3622,   384, 1018.7, 300, 0.0, 0.0, 0.0,  0, 0.0000,  1538, 0.0,33.2, 0.0
M3,28/07/22,10:20:23,     1,  3623,   384, 1018.7, 300, 0.0, 0.0, 0.0,  0, 0.0000,  1539, 0.0,33.2, 0.0
M3,28/07/22,10:20:24,     1,  3624,   384, 1018.7, 300, 0.0, 0.0, 0.0,  0, 0.0000,  1534, 0.0,33.2, 0.0
M3,28/07/22,10:20:25,     1,  3625,   384, 1018.7, 300, 0.0, 0.0, 0.0,  0, 0.0000,  1536, 0.0,33.2, 0.0
M3,28/07/22,10:20:26,     1,  3626,   383, 1018.7, 300, 0.0, 0.0, 0.0,  0, 0.0000,  1537, 0.0,33.2, 0.0
M3,28/07/22,10:20:27,     1,  3627,   383, 1018.7, 300, 0.0, 0.0, 0.0,  0, 0.0000,  1538, 0.0,33.2, 0.0
M3,28/07/22,10:20:28,     1,  3628,   383, 1018.7, 300, 0.0, 0.0, 0.0,  0, 0.0000,  1542, 0.0,33.2, 0.0
M3,28/07/22,10:20:29,     1,  3629,   383, 1018.7, 300, 0.0, 0.0, 0.0,  0, 0.0000,  1542, 0.0,33.2, 0.0
M3,28/07/22,10:20:30,     1,  3630,   382, 1018.7, 300, 0.0, 0.0, 0.0,  0, 0.0000,  1537, 0.0,33.2, 0.0
M3,28/07/22,10:20:31,     1,  3631,   382, 1018.7, 300, 0.0, 0.0, 0.0,  0, 0.0000,  1534, 0.0,33.2, 0.0
