Tag(M3),Date,Time,Plot_No,Rec_No,CO2,Pressure,Flow,H2O,Tsen,O2,Error,Aux_V,PAR,Tsoil,Tair,Msoil
M3,27/07/22,10:28:32,     1,  3293,   401, 1016.6, 300, 0.0, 0.0, 0.0, 61, 0.0000,     0, 0.0,22.6, 0.0
M3,27/07/22,10:28:33,     1,  3294,   401, 1016.6, 300, 0.0, 0.0, 0.0,  0, 0.0000,     0, 0.0,22.6, 0.0
M3,27/07/22,10:28:35,     1,  3295,   401, 1016.6, 300, 0.0, 0.0, 0.0,  0, 0.0000,     0, 0.0,22.6, 0.0
M3,27/07/22,10:28:36,     1,  3296,   401, 1016.6, 300, 0.0, 0.0, 0.0,  0, 0.0000,     0, 0.0,22.6, 0.0
M3,27/07/22,10:28:37,     1,  3297,   401, 1016.6, 300, 0.0, 0.0, 0.0,  0, 0.0000,     0, 0.0,22.5, 0.0
M3,27/07/22,10:28:38,     1,  3298,   401, 1016.6, 300, 0.0, 0.0, 0.0,  0, 0.0000,     0, 0.0,22.5, 0.0
M3,27/07/22,10:28:39,     1,  3299,   401, 1016.6, 300, 0.0, 0.0, 0.0,  0, 0.0000,     0, 0.0,22.5, 0.0
M3,27/07/22,10:28:40,     1,  3300,   402, 1016.6, 300, 0.0, 0.0, 0.0,  0, 0.0000,     0, 0.0,22.5, 0.0
M3,27/07/22,10:28:41,     1,  3301,   402, 1016.6, 300, 0.0, 0.0, 0.0,  0, 0.0000,     0, 0.0,22.5, 0.0
M3,27/07/22,10:28:42,     1,  3302,   402, 1016.6, 300, 0.0, 0.0, 0.0,  0, 0.0000,     0, 0.0,22.5, 0.0
M3,27/07/22,10:28:43,     1,  3303,   402, 1016.6, 300, 0.0, 0.0, 0.0,  0, 0.0000,     0, 0.0,22.5, 0.0
M3,27/07/22,10:28:44,     1,  3304,   402, 1016.6, 300, 0.0, 0.0, 0.0,  0, 0.0000,     0, 0.0,22.5, 0.0
M3,27/07/22,10:28:45,     1,  3305,   403, 1016.6, 300, 0.0, 0.0, 0.0,  0, 0.0000,     0, 0.0,22.5, 0.0
M3,27/07/22,10:28:46,     1,  3306,   403, 1016.6, 300, 0.0, 0.0, 0.0,  0, 0.0000,     0, 0.0,22.5, 0.0
M3,27/07/22,10:28:47,     1,  3307,   403, 1016.6, 300, 0.0, 0.0, 0.0,  0, 0.0000,     0, 0.0,22.5, 0.0
M3,27/07/22,10:28:48,     1,  3308,   403, 1016.6, 300, 0.0, 0.0, 0.0,  0, 0.0000,     0, 0.0,22.5, 0.0
M3,27/07/22,10:28:49,     1,  3309,   403, 1016.6, 300, 0.0, 0.0, 0.0,  0, 0.0000,     0, 0.0,22.5, 0.0
M3,27/07/22,10:28:50,     1,  3310,   403, 1016.7, 300, 0.0, 0.0, 0.0,  0, 0.0000,     0, 0.0,22.5, 0.0
M3,27/07/22,10:28:51,     1,  3311,   404, 1016.7, 300, 0.0, 0.0, 0.0,  0, 0.0000,     0, 0.0,22.5, 0.0
M3,27/07/22,10:28:52,     1,  3312,   404, 1016.7, 300, 0.0, 0.0, 0.0,  0, 0.0000,     0, 0.0,22.5, 0.0
M3,27/07/22,10:28:53,     1,  3313,   404, 1016.7, 300, 0.0, 0.0, 0.0,  0, 0.0000,     0, 0.0,22.5, 0.0
M3,27/07/22,10:28:54,     1,  3314,   404, 1016.7, 300, 0.0, 0.0, 0.0,  0, 0.0000,     0, 0.0,22.5, 0.0
M3,27/07/22,10:28:55,     1,  3315,   404, 1016.7, 300, 0.0, 0.0, 0.0,  0, 0.0000,     0, 0.0,22.5, 0.0
M3,27/07/22,10:28:56,     1,  3316,   404, 1016.7, 300, 0.0, 0.0, 0.0,  0, 0.0000,     0, 0.0,22.5, 0.0
M3,27/07/22,10:28:57,     1,  3317,   404, 1016.7, 300, 0.0, 0.0, 0.0,  0, 0.0000,     0, 0.0,22.5, 0.0
M3,27/07/22,10:28:58,     1,  3318,   404, 1016.6, 300, 0.0, 0.0, 0.0,  0, 0.0000,     0, 0.0,22.4, 0.0
M3,27/07/22,10:28:59,     1,  3319,   404, 1016.6, 300, 0.0, 0.0, 0.0,  0, 0.0000,     0, 0.0,22.4, 0.0
M3,27/07/22,10:29:00,     1,  3320,   404, 1016.7, 300, 0.0, 0.0, 0.0,  0, 0.0000,     0, 0.0,22.4, 0.0
M3,27/07/22,10:29:01,     1,  3321,   405, 1016.7, 300, 0.0, 0.0, 0.0,  0, 0.0000,     0, 0.0,22.4, 0.0
M3,27/07/22,10:29:02,     1,  3322,   405, 1016.6, 300, 0.0, 0.0, 0.0,  0, 0.0000,     0, 0.0,22.4, 0.0
M3,27/07/22,10:29:03,     1,  3323,   405, 1016.6, 300, 0.0, 0.0, 0.0,  0, 0.0000,     0, 0.0,22.4, 0.0
M3,27/07/22,10:29:04,     1,  3324,   406, 1016.6, 300, 0.0, 0.0, 0.0,  0, 0.0000,     0, 0.0,22.4, 0.0
M3,27/07/22,10:29:05,     1,  3325,   406, 1016.6, 300, 0.0, 0.0, 0.0,  0, 0.0000,     0, 0.0,22.4, 0.0
M3,27/07/22,10:29:06,     1,  3326,   406, 1016.6, 299, 0.0, 0.0, 0.0,  0, 0.0000,     0, 0.0,22.4, 0.0
M3,27/07/22,10:29:07,     1,  3327,   406, 1016.6, 300, 0.0, 0.0, 0.0,  0, 0.0000,     0, 0.0,22.4, 0.0
M3,27/07/22,10:29:08,     1,  3328,   406, 1016.6, 300, 0.0, 0.0, 0.0,  0, 0.0000,     0, 0.0,22.4, 0.0
M3,27/07/22,10:29:09,     1,  3329,   406, 1016.6, 300, 0.0, 0.0, 0.0,  0, 0.0000,     0, 0.0,22.4, 0.0
M3,27/07/22,10:29:10,     1,  3330,   406, 1016.6, 300, 0.0, 0.0, 0.0,  0, 0.0000,     0, 0.0,22.4, 0.0
M3,27/07/22,10:29:11,     1,  3331,   407, 1016.6, 300, 0.0, 0.0, 0.0,  0, 0.0000,     0, 0.0,22.4, 0.0
M3,27/07/22,10:29:12,     1,  3332,   407, 1016.6, 300, 0.0, 0.0, 0.0,  0, 0.0000,     0, 0.0,22.4, 0.0
M3,27/07/22,10:29:13,     1,  3333,   407, 1016.6, 300, 0.0, 0.0, 0.0,  0, 0.0000,     0, 0.0,22.4, 0.0
M3,27/07/22,10:29:14,     1,  3334,   407, 1016.6, 300, 0.0, 0.0, 0.0,  0, 0.0000,     0, 0.0,22.4, 0.0
M3,27/07/22,10:29:15,     1,  3335,   407, 1016.6, 301, 0.0, 0.0, 0.0,  0, 0.0000,     0, 0.0,22.4, 0.0
M3,27/07/22,10:29:16,     1,  3336,   407, 1016.6, 300, 0.0, 0.0, 0.0,  0, 0.0000,     0, 0.0,22.4, 0.0
M3,27/07/22,10:29:17,     1,  3337,   407, 1016.6, 300, 0.0, 0.0, 0.0,  0, 0.0000,     0, 0.0,22.4, 0.0
M3,27/07/22,10:29:18,     1,  3338,   407, 1016.6, 300, 0.0, 0.0, 0.0,  0, 0.0000,     0, 0.0,22.4, 0.0
M3,27/07/22,10:29:19,     1,  3339,   407, 1016.6, 300, 0.0, 0.0, 0.0,  0, 0.0000,     0, 0.0,22.4, 0.0
M3,27/07/22,10:29:20,     1,  3340,   407, 1016.7, 300, 0.0, 0.0, 0.0,  0, 0.0000,     0, 0.0,22.4, 0.0
M3,27/07/22,10:29:21,     1,  3341,   408, 1016.7, 300, 0.0, 0.0, 0.0,  0, 0.0000,     0, 0.0,22.4, 0.0
M3,27/07/22,10:29:22,     1,  3342,   408, 1016.7, 300, 0.0, 0.0, 0.0,  0, 0.0000,     0, 0.0,22.4, 0.0
M3,27/07/22,10:29:23,     1,  3343,   408, 1016.7, 300, 0.0, 0.0, 0.0,  0, 0.0000,     0, 0.0,22.3, 0.0
M3,27/07/22,10:29:24,     1,  3344,   408, 1016.7, 300, 0.0, 0.0, 0.0,  0, 0.0000,     0, 0.0,22.3, 0.0
M3,27/07/22,10:29:25,     1,  3345,   408, 1016.7, 300, 0.0, 0.0, 0.0,  0, 0.0000,     0, 0.0,22.3, 0.0
M3,27/07/22,10:29:26,     1,  3346,   408, 1016.7, 300, 0.0, 0.0, 0.0,  0, 0.0000,     0, 0.0,22.3, 0.0
M3,27/07/22,10:29:27,     1,  3347,   408, 1016.7, 300, 0.0, 0.0, 0.0,  0, 0.0000,     0, 0.0,22.3, 0.0
M3,27/07/22,10:29:28,     1,  3348,   408, 1016.7, 300, 0.0, 0.0, 0.0,  0, 0.0000,     0, 0.0,22.3, 0.0
M3,27/07/22,10:29:29,     1,  3349,   409, 1016.7, 300, 0.0, 0.0, 0.0,  0, 0.0000,     0, 0.0,22.3, 0.0
M3,27/07/22,10:29:30,     1,  3350,   409, 1016.7, 300, 0.0, 0.0, 0.0,  0, 0.0000,     0, 0.0,22.3, 0.0
M3,27/07/22,10:29:31,     1,  3351,   409, 1016.7, 300, 0.0, 0.0, 0.0,  0, 0.0000,     0, 0.0,22.3, 0.0
M3,27/07/22,10:29:32,     1,  3352,   409, 1016.7, 300, 0.0, 0.0, 0.0,  0, 0.0000,     0, 0.0,22.3, 0.0
M3,27/07/22,10:29:33,     1,  3353,   409, 1016.7, 300, 0.0, 0.0, 0.0,  0, 0.0000,     0, 0.0,22.3, 0.0
M3,27/07/22,10:29:34,     1,  3354,   409, 1016.7, 300, 0.0, 0.0, 0.0,  0, 0.0000,     0, 0.0,22.3, 0.0
M3,27/07/22,10:29:35,     1,  3355,   409, 1016.7, 300, 0.0, 0.0, 0.0,  0, 0.0000,     0, 0.0,22.3, 0.0
M3,27/07/22,10:29:36,     1,  3356,   409, 1016.7, 300, 0.0, 0.0, 0.0,  0, 0.0000,     0, 0.0,22.3, 0.0
M3,27/07/22,10:29:37,     1,  3357,   409, 1016.7, 300, 0.0, 0.0, 0.0,  0, 0.0000,     0, 0.0,22.3, 0.0
M3,27/07/22,10:29:38,     1,  3358,   409, 1016.7, 300, 0.0, 0.0, 0.0,  0, 0.0000,     0, 0.0,22.3, 0.0
M3,27/07/22,10:29:39,     1,  3359,   409, 1016.7, 300, 0.0, 0.0, 0.0,  0, 0.0000,     0, 0.0,22.3, 0.0
M3,27/07/22,10:29:40,     1,  3360,   409, 1016.6, 300, 0.0, 0.0, 0.0,  0, 0.0000,     0, 0.0,22.3, 0.0
M3,27/07/22,10:29:41,     1,  3361,   409, 1016.6, 300, 0.0, 0.0, 0.0,  0, 0.0000,     0, 0.0,22.3, 0.0
M3,27/07/22,10:29:42,     1,  3362,   410, 1016.6, 300, 0.0, 0.0, 0.0,  0, 0.0000,     0, 0.0,22.3, 0.0
M3,27/07/22,10:29:43,     1,  3363,   410, 1016.6, 300, 0.0, 0.0, 0.0,  0, 0.0000,     0, 0.0,22.3, 0.0
M3,27/07/22,10:29:44,     1,  3364,   410, 1016.6, 300, 0.0, 0.0, 0.0,  0, 0.0000,     0, 0.0,22.3, 0.0
M3,27/07/22,10:29:45,     1,  3365,   410, 1016.6, 300, 0.0, 0.0, 0.0,  0, 0.0000,     0, 0.0,22.3, 0.0
M3,27/07/22,10:29:46,     1,  3366,   410, 1016.6, 300, 0.0, 0.0, 0.0,  0, 0.0000,     0, 0.0,22.3, 0.0
M3,27/07/22,10:29:47,     1,  3367,   410, 1016.6, 300, 0.0, 0.0, 0.0,  0, 0.0000,     0, 0.0,22.3, 0.0
M3,27/07/22,10:29:48,     1,  3368,   410, 1016.6, 300, 0.0, 0.0, 0.0,  0, 0.0000,     0, 0.0,22.3, 0.0
M3,27/07/22,10:29:49,     1,  3369,   410, 1016.6, 300, 0.0, 0.0, 0.0,  0, 0.0000,     0, 0.0,22.2, 0.0
M3,27/07/22,10:29:50,     1,  3370,   411, 1016.6, 300, 0.0, 0.0, 0.0,  0, 0.0000,     0, 0.0,22.2, 0.0
M3,27/07/22,10:29:51,     1,  3371,   411, 1016.6, 300, 0.0, 0.0, 0.0,  0, 0.0000,     0, 0.0,22.2, 0.0
M3,27/07/22,10:29:52,     1,  3372,   411, 1016.6, 300, 0.0, 0.0, 0.0,  0, 0.0000,     0, 0.0,22.2, 0.0
M3,27/07/22,10:29:53,     1,  3373,   411, 1016.6, 300, 0.0, 0.0, 0.0,  0, 0.0000,     0, 0.0,22.2, 0.0
M3,27/07/22,10:29:54,     1,  3374,   411, 1016.6, 300, 0.0, 0.0, 0.0,  0, 0.0000,     0, 0.0,22.2, 0.0
M3,27/07/22,10:29:55,     1,  3375,   411, 1016.6, 300, 0.0, 0.0, 0.0,  0, 0.0000,     0, 0.0,22.2, 0.0
M3,27/07/22,10:29:56,     1,  3376,   411, 1016.6, 300, 0.0, 0.0, 0.0,  0, 0.0000,     0, 0.0,22.2, 0.0
M3,27/07/22,10:29:57,     1,  3377,   411, 1016.6, 300, 0.0, 0.0, 0.0,  0, 0.0000,     0, 0.0,22.2, 0.0
M3,27/07/22,10:29:58,     1,  3378,   411, 1016.6, 300, 0.0, 0.0, 0.0,  0, 0.0000,     0, 0.0,22.2, 0.0
M3,27/07/22,10:29:59,     1,  3379,   412, 1016.6, 300, 0.0, 0.0, 0.0,  0, 0.0000,     0, 0.0,22.2, 0.0
M3,27/07/22,10:30:00,     1,  3380,   412, 1016.6, 300, 0.0, 0.0, 0.0,  0, 0.0000,     0, 0.0,22.2, 0.0
M3,27/07/22,10:30:01,     1,  3381,   412, 1016.6, 300, 0.0, 0.0, 0.0,  0, 0.0000,     0, 0.0,22.2, 0.0
M3,27/07/22,10:30:02,     1,  3382,   412, 1016.7, 300, 0.0, 0.0, 0.0,  0, 0.0000,     0, 0.0,22.2, 0.0
M3,27/07/22,10:30:03,     1,  3383,   412, 1016.7, 300, 0.0, 0.0, 0.0,  0, 0.0000,     0, 0.0,22.2, 0.0
M3,27/07/22,10:30:04,     1,  3384,   412, 1016.7, 300, 0.0, 0.0, 0.0,  0, 0.0000,     0, 0.0,22.2, 0.0
M3,27/07/22,10:30:05,     1,  3385,   412, 1016.7, 300, 0.0, 0.0, 0.0,  0, 0.0000,     0, 0.0,22.2, 0.0
M3,27/07/22,10:30:06,     1,  3386,   412, 1016.7, 300, 0.0, 0.0, 0.0,  0, 0.0000,     0, 0.0,22.2, 0.0
M3,27/07/22,10:30:07,     1,  3387,   412, 1016.7, 300, 0.0, 0.0, 0.0,  0, 0.0000,     0, 0.0,22.2, 0.0
M3,27/07/22,10:30:08,     1,  3388,   413, 1016.7, 300, 0.0, 0.0, 0.0,  0, 0.0000,     0, 0.0,22.2, 0.0
M3,27/07/22,10:30:09,     1,  3389,   413, 1016.6, 300, 0.0, 0.0, 0.0,  0, 0.0000,     0, 0.0,22.2, 0.0
M3,27/07/22,10:30:10,     1,  3390,   413, 1016.6, 300, 0.0, 0.0, 0.0,  0, 0.0000,     0, 0.0,22.2, 0.0
M3,27/07/22,10:30:11,     1,  3391,   413, 1016.6, 300, 0.0, 0.0, 0.0,  0, 0.0000,     0, 0.0,22.2, 0.0
M3,27/07/22,10:30:12,     1,  3392,   414, 1016.7, 300, 0.0, 0.0, 0.0,  0, 0.0000,     0, 0.0,22.2, 0.0
M3,27/07/22,10:30:13,     1,  3393,   414, 1016.7, 300, 0.0, 0.0, 0.0,  0, 0.0000,     0, 0.0,22.2, 0.0
M3,27/07/22,10:30:14,     1,  3394,   414, 1016.7, 300, 0.0, 0.0, 0.0,  0, 0.0000,     0, 0.0,22.2, 0.0
M3,27/07/22,10:30:15,     1,  3395,   414, 1016.7, 300, 0.0, 0.0, 0.0,  0, 0.0000,     0, 0.0,22.2, 0.0
M3,27/07/22,10:30:16,     1,  3396,   415, 1016.7, 300, 0.0, 0.0, 0.0,  0, 0.0000,     0, 0.0,22.2, 0.0
M3,27/07/22,10:30:17,     1,  3397,   415, 1016.7, 300, 0.0, 0.0, 0.0,  0, 0.0000,     0, 0.0,22.2, 0.0
M3,27/07/22,10:30:18,     1,  3398,   415, 1016.7, 300, 0.0, 0.0, 0.0,  0, 0.0000,     0, 0.0,22.1, 0.0
M3,27/07/22,10:30:19,     1,  3399,   415, 1016.7, 300, 0.0, 0.0, 0.0,  0, 0.0000,     0, 0.0,22.1, 0.0
M3,27/07/22,10:30:20,     1,  3400,   415, 1016.7, 300, 0.0, 0.0, 0.0,  0, 0.0000,     0, 0.0,22.1, 0.0
M3,27/07/22,10:30:21,     1,  3401,   415, 1016.7, 300, 0.0, 0.0, 0.0,  0, 0.0000,     0, 0.0,22.1, 0.0
M3,27/07/22,10:30:22,     1,  3402,   415, 1016.7, 300, 0.0, 0.0, 0.0,  0, 0.0000,     0, 0.0,22.1, 0.0
M3,27/07/22,10:30:23,     1,  3403,   415, 1016.7, 300, 0.0, 0.0, 0.0,  0, 0.0000,     0, 0.0,22.1, 0.0
M3,27/07/22,10:30:24,     1,  3404,   415, 1016.7, 300, 0.0, 0.0, 0.0,  0, 0.0000,     0, 0.0,22.1, 0.0
M3,27/07/22,10:30:25,     1,  3405,   415, 1016.7, 300, 0.0, 0.0, 0.0,  0, 0.0000,     0, 0.0,22.1, 0.0
M3,27/07/22,10:30:26,     1,  3406,   416, 1016.7, 300, 0.0, 0.0, 0.0,  0, 0.0000,     0, 0.0,22.1, 0.0
M3,27/07/22,10:30:27,     1,  3407,   416, 1016.7, 300, 0.0, 0.0, 0.0,  0, 0.0000,     0, 0.0,22.1, 0.0
M3,27/07/22,10:30:28,     1,  3408,   416, 1016.7, 300, 0.0, 0.0, 0.0,  0, 0.0000,     0, 0.0,22.1, 0.0
M3,27/07/22,10:30:29,     1,  3409,   416, 1016.7, 300, 0.0, 0.0, 0.0,  0, 0.0000,     0, 0.0,22.1, 0.0
M3,27/07/22,10:30:30,     1,  3410,   416, 1016.7, 300, 0.0, 0.0, 0.0,  0, 0.0000,     0, 0.0,22.1, 0.0
M3,27/07/22,10:30:31,     1,  3411,   416, 1016.7, 300, 0.0, 0.0, 0.0,  0, 0.0000,     0, 0.0,22.1, 0.0
M3,27/07/22,10:30:32,     1,  3412,   416, 1016.7, 300, 0.0, 0.0, 0.0,  0, 0.0000,     0, 0.0,22.1, 0.0
M3,27/07/22,10:30:33,     1,  3413,   416, 1016.7, 300, 0.0, 0.0, 0.0,  0, 0.0000,     0, 0.0,22.1, 0.0
M3,27/07/22,10:30:34,     1,  3414,   416, 1016.7, 300, 0.0, 0.0, 0.0,  0, 0.0000,     0, 0.0,22.1, 0.0
M3,27/07/22,10:30:35,     1,  3415,   417, 1016.7, 300, 0.0, 0.0, 0.0,  0, 0.0000,     0, 0.0,22.1, 0.0
M3,27/07/22,10:30:36,     1,  3416,   417, 1016.7, 300, 0.0, 0.0, 0.0,  0, 0.0000,     0, 0.0,22.1, 0.0
M3,27/07/22,10:30:37,     1,  3417,   417, 1016.7, 300, 0.0, 0.0, 0.0,  0, 0.0000,     0, 0.0,22.1, 0.0
M3,27/07/22,10:30:38,     1,  3418,   417, 1016.7, 300, 0.0, 0.0, 0.0,  0, 0.0000,     0, 0.0,22.1, 0.0
M3,27/07/22,10:30:39,     1,  3419,   417, 1016.7, 300, 0.0, 0.0, 0.0,  0, 0.0000,     0, 0.0,22.1, 0.0
M3,27/07/22,10:30:40,     1,  3420,   417, 1016.7, 300, 0.0, 0.0, 0.0,  0, 0.0000,     0, 0.0,22.1, 0.0
M3,27/07/22,10:30:41,     1,  3421,   417, 1016.7, 300, 0.0, 0.0, 0.0,  0, 0.0000,     0, 0.0,22.1, 0.0
M3,27/07/22,10:30:42,     1,  3422,   418, 1016.7, 300, 0.0, 0.0, 0.0,  0, 0.0000,     0, 0.0,22.1, 0.0
M3,27/07/22,10:30:43,     1,  3423,   418, 1016.7, 300, 0.0, 0.0, 0.0,  0, 0.0000,     0, 0.0,22.1, 0.0
M3,27/07/22,10:30:44,     1,  3424,   417, 1016.7, 300, 0.0, 0.0, 0.0,  0, 0.0000,     0, 0.0,22.1, 0.0
M3,27/07/22,10:30:45,     1,  3425,   417, 1016.7, 300, 0.0, 0.0, 0.0,  0, 0.0000,     0, 0.0,22.1, 0.0
M3,27/07/22,10:30:46,     1,  3426,   417, 1016.7, 300, 0.0, 0.0, 0.0,  0, 0.0000,     0, 0.0,22.1, 0.0
M3,27/07/22,10:30:47,     1,  3427,   418, 1016.7, 300, 0.0, 0.0, 0.0,  0, 0.0000,     0, 0.0,22.1, 0.0
M3,27/07/22,10:30:48,     1,  3428,   418, 1016.7, 300, 0.0, 0.0, 0.0,  0, 0.0000,     0, 0.0,22.0, 0.0
M3,27/07/22,10:30:49,     1,  3429,   418, 1016.7, 300, 0.0, 0.0, 0.0,  0, 0.0000,     0, 0.0,22.0, 0.0
M3,27/07/22,10:30:50,     1,  3430,   418, 1016.7, 300, 0.0, 0.0, 0.0,  0, 0.0000,     0, 0.0,22.0, 0.0
M3,27/07/22,10:30:51,     1,  3431,   418, 1016.7, 300, 0.0, 0.0, 0.0,  0, 0.0000,     0, 0.0,22.0, 0.0
M3,27/07/22,10:30:52,     1,  3432,   419, 1016.7, 300, 0.0, 0.0, 0.0,  0, 0.0000,     0, 0.0,22.0, 0.0
M3,27/07/22,10:30:53,     1,  3433,   419, 1016.7, 300, 0.0, 0.0, 0.0,  0, 0.0000,     0, 0.0,22.0, 0.0
M3,27/07/22,10:30:54,     1,  3434,   419, 1016.7, 300, 0.0, 0.0, 0.0,  0, 0.0000,     0, 0.0,22.0, 0.0
M3,27/07/22,10:30:55,     1,  3435,   419, 1016.7, 300, 0.0, 0.0, 0.0,  0, 0.0000,     0, 0.0,22.0, 0.0
M3,27/07/22,10:30:56,     1,  3436,   419, 1016.7, 300, 0.0, 0.0, 0.0,  0, 0.0000,     0, 0.0,22.0, 0.0
M3,27/07/22,10:30:57,     1,  3437,   419, 1016.6, 300, 0.0, 0.0, 0.0,  0, 0.0000,     0, 0.0,22.0, 0.0
M3,27/07/22,10:30:58,     1,  3438,   420, 1016.6, 300, 0.0, 0.0, 0.0,  0, 0.0000,     0, 0.0,22.0, 0.0
M3,27/07/22,10:30:59,     1,  3439,   419, 1016.6, 300, 0.0, 0.0, 0.0,  0, 0.0000,     0, 0.0,22.0, 0.0
M3,27/07/22,10:31:00,     1,  3440,   419, 1016.6, 300, 0.0, 0.0, 0.0,  0, 0.0000,     0, 0.0,22.0, 0.0
M3,27/07/22,10:31:01,     1,  3441,   419, 1016.7, 300, 0.0, 0.0, 0.0,  0, 0.0000,     0, 0.0,22.0, 0.0
M3,27/07/22,10:31:02,     1,  3442,   420, 1016.7, 300, 0.0, 0.0, 0.0,  0, 0.0000,     0, 0.0,22.0, 0.0
M3,27/07/22,10:31:03,     1,  3443,   420, 1016.7, 300, 0.0, 0.0, 0.0,  0, 0.0000,     0, 0.0,22.0, 0.0
M3,27/07/22,10:31:04,     1,  3444,   420, 1016.7, 300, 0.0, 0.0, 0.0,  0, 0.0000,     0, 0.0,22.0, 0.0
M3,27/07/22,10:31:06,     1,  3445,   420, 1016.7, 300, 0.0, 0.0, 0.0,  0, 0.0000,     0, 0.0,22.0, 0.0
M3,27/07/22,10:31:07,     1,  3446,   420, 1016.7, 300, 0.0, 0.0, 0.0,  0, 0.0000,     0, 0.0,22.0, 0.0
M3,27/07/22,10:31:08,     1,  3447,   420, 1016.7, 300, 0.0, 0.0, 0.0,  0, 0.0000,     0, 0.0,22.0, 0.0
M3,27/07/22,10:31:09,     1,  3448,   420, 1016.6, 300, 0.0, 0.0, 0.0,  0, 0.0000,     0, 0.0,22.0, 0.0
M3,27/07/22,10:31:10,     1,  3449,   420, 1016.6, 300, 0.0, 0.0, 0.0,  0, 0.0000,     0, 0.0,22.0, 0.0
M3,27/07/22,10:31:11,     1,  3450,   420, 1016.7, 300, 0.0, 0.0, 0.0,  0, 0.0000,     0, 0.0,22.0, 0.0
M3,27/07/22,10:31:12,     1,  3451,   420, 1016.7, 300, 0.0, 0.0, 0.0,  0, 0.0000,     0, 0.0,22.0, 0.0
M3,27/07/22,10:31:13,     1,  3452,   420, 1016.7, 300, 0.0, 0.0, 0.0,  0, 0.0000,     3, 0.0,22.0, 0.0
M3,27/07/22,10:31:14,     1,  3453,   420, 1016.7, 300, 0.0, 0.0, 0.0,  0, 0.0000,   181, 0.0,21.9, 0.0
M3,27/07/22,10:31:15,     1,  3454,   420, 1016.7, 300, 0.0, 0.0, 0.0,  0, 0.0000,   510, 0.0,22.0, 0.0
M3,27/07/22,10:31:16,     1,  3455,   420, 1016.7, 300, 0.0, 0.0, 0.0,  0, 0.0000,   556, 0.0,22.0, 0.0
M3,27/07/22,10:31:17,     1,  3456,   421, 1016.7, 300, 0.0, 0.0, 0.0,  0, 0.0000,   579, 0.0,22.0, 0.0
M3,27/07/22,10:31:18,     1,  3457,   421, 1016.7, 300, 0.0, 0.0, 0.0,  0, 0.0000,   581, 0.0,22.0, 0.0
M3,27/07/22,10:31:19,     1,  3458,   421, 1016.7, 300, 0.0, 0.0, 0.0,  0, 0.0000,   583, 0.0,22.0, 0.0
M3,27/07/22,10:31:20,     1,  3459,   421, 1016.7, 300, 0.0, 0.0, 0.0,  0, 0.0000,   584, 0.0,22.0, 0.0
M3,27/07/22,10:31:21,     1,  3460,   422, 1016.7, 300, 0.0, 0.0, 0.0,  0, 0.0000,   585, 0.0,22.0, 0.0
M3,27/07/22,10:31:22,     1,  3461,   422, 1016.7, 300, 0.0, 0.0, 0.0,  0, 0.0000,   586, 0.0,22.0, 0.0
M3,27/07/22,10:31:23,     1,  3462,   422, 1016.7, 300, 0.0, 0.0, 0.0,  0, 0.0000,   587, 0.0,22.0, 0.0
M3,27/07/22,10:31:24,     1,  3463,   422, 1016.7, 300, 0.0, 0.0, 0.0,  0, 0.0000,   587, 0.0,22.0, 0.0
M3,27/07/22,10:31:25,     1,  3464,   422, 1016.6, 300, 0.0, 0.0, 0.0,  0, 0.0000,   588, 0.0,22.0, 0.0
M3,27/07/22,10:31:26,     1,  3465,   422, 1016.6, 300, 0.0, 0.0, 0.0,  0, 0.0000,   588, 0.0,22.0, 0.0
M3,27/07/22,10:31:27,     1,  3466,   423, 1016.6, 300, 0.0, 0.0, 0.0,  0, 0.0000,   589, 0.0,22.0, 0.0
M3,27/07/22,10:31:28,     1,  3467,   423, 1016.6, 300, 0.0, 0.0, 0.0,  0, 0.0000,   590, 0.0,22.0, 0.0
M3,27/07/22,10:31:29,     1,  3468,   423, 1016.6, 300, 0.0, 0.0, 0.0,  0, 0.0000,   590, 0.0,22.0, 0.0
M3,27/07/22,10:31:30,     1,  3469,   423, 1016.6, 300, 0.0, 0.0, 0.0,  0, 0.0000,   591, 0.0,22.0, 0.0
M3,27/07/22,10:31:31,     1,  3470,   423, 1016.6, 300, 0.0, 0.0, 0.0,  0, 0.0000,   591, 0.0,22.0, 0.0
M3,27/07/22,10:31:32,     1,  3471,   422, 1016.6, 300, 0.0, 0.0, 0.0,  0, 0.0000,   592, 0.0,22.0, 0.0
M3,27/07/22,10:31:33,     1,  3472,   422, 1016.7, 300, 0.0, 0.0, 0.0,  0, 0.0000,   592, 0.0,22.0, 0.0
M3,27/07/22,10:31:34,     1,  3473,   422, 1016.7, 300, 0.0, 0.0, 0.0,  0, 0.0000,   593, 0.0,22.0, 0.0
M3,27/07/22,10:31:35,     1,  3474,   422, 1016.7, 300, 0.0, 0.0, 0.0,  0, 0.0000,   593, 0.0,22.0, 0.0
M3,27/07/22,10:31:36,     1,  3475,   421, 1016.7, 300, 0.0, 0.0, 0.0,  0, 0.0000,   594, 0.0,22.0, 0.0
M3,27/07/22,10:31:37,     1,  3476,   421, 1016.7, 300, 0.0, 0.0, 0.0,  0, 0.0000,   594, 0.0,22.0, 0.0
M3,27/07/22,10:31:38,     1,  3477,   421, 1016.7, 300, 0.0, 0.0, 0.0,  0, 0.0000,   595, 0.0,22.0, 0.0
M3,27/07/22,10:31:39,     1,  3478,   421, 1016.7, 300, 0.0, 0.0, 0.0,  0, 0.0000,   595, 0.0,22.0, 0.0
M3,27/07/22,10:31:40,     1,  3479,   421, 1016.7, 300, 0.0, 0.0, 0.0,  0, 0.0000,   596, 0.0,22.1, 0.0
M3,27/07/22,10:31:41,     1,  3480,   420, 1016.7, 300, 0.0, 0.0, 0.0,  0, 0.0000,   596, 0.0,22.1, 0.0
M3,27/07/22,10:31:42,     1,  3481,   420, 1016.7, 300, 0.0, 0.0, 0.0,  0, 0.0000,   596, 0.0,22.1, 0.0
M3,27/07/22,10:31:43,     1,  3482,   420, 1016.7, 300, 0.0, 0.0, 0.0,  0, 0.0000,   597, 0.0,22.1, 0.0
M3,27/07/22,10:31:44,     1,  3483,   420, 1016.7, 300, 0.0, 0.0, 0.0,  0, 0.0000,   597, 0.0,22.1, 0.0
M3,27/07/22,10:31:45,     1,  3484,   419, 1016.7, 300, 0.0, 0.0, 0.0,  0, 0.0000,   598, 0.0,22.1, 0.0
M3,27/07/22,10:31:46,     1,  3485,   419, 1016.6, 300, 0.0, 0.0, 0.0,  0, 0.0000,   598, 0.0,22.1, 0.0
M3,27/07/22,10:31:47,     1,  3486,   419, 1016.6, 300, 0.0, 0.0, 0.0,  0, 0.0000,   598, 0.0,22.1, 0.0
M3,27/07/22,10:31:48,     1,  3487,   418, 1016.6, 300, 0.0, 0.0, 0.0,  0, 0.0000,   598, 0.0,22.1, 0.0
M3,27/07/22,10:31:49,     1,  3488,   418, 1016.6, 300, 0.0, 0.0, 0.0,  0, 0.0000,   598, 0.0,22.1, 0.0
M3,27/07/22,10:31:50,     1,  3489,   418, 1016.6, 300, 0.0, 0.0, 0.0,  0, 0.0000,   595, 0.0,22.1, 0.0
M3,27/07/22,10:31:51,     1,  3490,   418, 1016.6, 300, 0.0, 0.0, 0.0,  0, 0.0000,   592, 0.0,22.1, 0.0
M3,27/07/22,10:31:52,     1,  3491,   417, 1016.6, 299, 0.0, 0.0, 0.0,  0, 0.0000,   585, 0.0,22.1, 0.0
M3,27/07/22,10:31:53,     1,  3492,   416, 1016.6, 300, 0.0, 0.0, 0.0,  0, 0.0000,   585, 0.0,22.1, 0.0
M3,27/07/22,10:31:54,     1,  3493,   416, 1016.6, 300, 0.0, 0.0, 0.0,  0, 0.0000,   590, 0.0,22.1, 0.0
M3,27/07/22,10:31:55,     1,  3494,   416, 1016.6, 300, 0.0, 0.0, 0.0,  0, 0.0000,   591, 0.0,22.1, 0.0
M3,27/07/22,10:31:56,     1,  3495,   416, 1016.6, 300, 0.0, 0.0, 0.0,  0, 0.0000,   591, 0.0,22.1, 0.0
M3,27/07/22,10:31:57,     1,  3496,   415, 1016.6, 301, 0.0, 0.0, 0.0,  0, 0.0000,   591, 0.0,22.1, 0.0
M3,27/07/22,10:31:58,     1,  3497,   415, 1016.6, 300, 0.0, 0.0, 0.0,  0, 0.0000,   591, 0.0,22.1, 0.0
M3,27/07/22,10:31:59,     1,  3498,   415, 1016.6, 300, 0.0, 0.0, 0.0,  0, 0.0000,   591, 0.0,22.1, 0.0
M3,27/07/22,10:32:00,     1,  3499,   415, 1016.6, 300, 0.0, 0.0, 0.0,  0, 0.0000,   591, 0.0,22.1, 0.0
M3,27/07/22,10:32:01,     1,  3500,   414, 1016.6, 300, 0.0, 0.0, 0.0,  0, 0.0000,   591, 0.0,22.1, 0.0
M3,27/07/22,10:32:02,     1,  3501,   414, 1016.6, 300, 0.0, 0.0, 0.0,  0, 0.0000,   591, 0.0,22.1, 0.0
M3,27/07/22,10:32:03,     1,  3502,   414, 1016.7, 300, 0.0, 0.0, 0.0,  0, 0.0000,   592, 0.0,22.1, 0.0
M3,27/07/22,10:32:04,     1,  3503,   414, 1016.7, 300, 0.0, 0.0, 0.0,  0, 0.0000,   590, 0.0,22.1, 0.0
M3,27/07/22,10:32:05,     1,  3504,   414, 1016.7, 300, 0.0, 0.0, 0.0,  0, 0.0000,   590, 0.0,22.1, 0.0
M3,27/07/22,10:32:06,     1,  3505,   413, 1016.7, 300, 0.0, 0.0, 0.0,  0, 0.0000,   590, 0.0,22.1, 0.0
M3,27/07/22,10:32:07,     1,  3506,   413, 1016.7, 300, 0.0, 0.0, 0.0,  0, 0.0000,   592, 0.0,22.1, 0.0
M3,27/07/22,10:32:08,     1,  3507,   413, 1016.6, 300, 0.0, 0.0, 0.0,  0, 0.0000,   592, 0.0,22.1, 0.0
M3,27/07/22,10:32:09,     1,  3508,   412, 1016.6, 300, 0.0, 0.0, 0.0,  0, 0.0000,   593, 0.0,22.1, 0.0
M3,27/07/22,10:32:10,     1,  3509,   411, 1016.6, 300, 0.0, 0.0, 0.0,  0, 0.0000,   594, 0.0,22.1, 0.0
M3,27/07/22,10:32:11,     1,  3510,   411, 1016.6, 300, 0.0, 0.0, 0.0,  0, 0.0000,   587, 0.0,22.1, 0.0
M3,27/07/22,10:32:12,     1,  3511,   411, 1016.6, 300, 0.0, 0.0, 0.0,  0, 0.0000,   585, 0.0,22.1, 0.0
M3,27/07/22,10:32:13,     1,  3512,   411, 1016.6, 300, 0.0, 0.0, 0.0,  0, 0.0000,   587, 0.0,22.1, 0.0
M3,27/07/22,10:32:14,     1,  3513,   410, 1016.6, 300, 0.0, 0.0, 0.0,  0, 0.0000,   588, 0.0,22.1, 0.0
M3,27/07/22,10:32:15,     1,  3514,   410, 1016.6, 300, 0.0, 0.0, 0.0,  0, 0.0000,   589, 0.0,22.1, 0.0
M3,27/07/22,10:32:16,     1,  3515,   410, 1016.6, 300, 0.0, 0.0, 0.0,  0, 0.0000,   589, 0.0,22.1, 0.0
M3,27/07/22,10:32:17,     1,  3516,   410, 1016.6, 300, 0.0, 0.0, 0.0,  0, 0.0000,   588, 0.0,22.1, 0.0
M3,27/07/22,10:32:18,     1,  3517,   410, 1016.7, 300, 0.0, 0.0, 0.0,  0, 0.0000,   588, 0.0,22.1, 0.0
M3,27/07/22,10:32:19,     1,  3518,   410, 1016.7, 300, 0.0, 0.0, 0.0,  0, 0.0000,   587, 0.0,22.1, 0.0
M3,27/07/22,10:32:20,     1,  3519,   409, 1016.7, 300, 0.0, 0.0, 0.0,  0, 0.0000,   587, 0.0,22.1, 0.0
M3,27/07/22,10:32:21,     1,  3520,   409, 1016.7, 300, 0.0, 0.0, 0.0,  0, 0.0000,   587, 0.0,22.1, 0.0
M3,27/07/22,10:32:22,     1,  3521,   408, 1016.7, 300, 0.0, 0.0, 0.0,  0, 0.0000,   587, 0.0,22.1, 0.0
M3,27/07/22,10:32:23,     1,  3522,   408, 1016.7, 300, 0.0, 0.0, 0.0,  0, 0.0000,   587, 0.0,22.1, 0.0
M3,27/07/22,10:32:24,     1,  3523,   408, 1016.7, 300, 0.0, 0.0, 0.0,  0, 0.0000,   587, 0.0,22.1, 0.0
M3,27/07/22,10:32:25,     1,  3524,   408, 1016.7, 300, 0.0, 0.0, 0.0,  0, 0.0000,   587, 0.0,22.1, 0.0
M3,27/07/22,10:32:26,     1,  3525,   408, 1016.7, 300, 0.0, 0.0, 0.0,  0, 0.0000,   588, 0.0,22.1, 0.0
M3,27/07/22,10:32:27,     1,  3526,   408, 1016.7, 300, 0.0, 0.0, 0.0,  0, 0.0000,   587, 0.0,22.1, 0.0
M3,27/07/22,10:32:28,     1,  3527,   407, 1016.7, 300, 0.0, 0.0, 0.0,  0, 0.0000,   587, 0.0,22.1, 0.0
M3,27/07/22,10:32:29,     1,  3528,   407, 1016.7, 300, 0.0, 0.0, 0.0,  0, 0.0000,   587, 0.0,22.1, 0.0
M3,27/07/22,10:32:30,     1,  3529,   406, 1016.7, 300, 0.0, 0.0, 0.0,  0, 0.0000,   587, 0.0,22.1, 0.0
M3,27/07/22,10:32:31,     1,  3530,   406, 1016.7, 300, 0.0, 0.0, 0.0,  0, 0.0000,   586, 0.0,22.1, 0.0
M3,27/07/22,10:32:32,     1,  3531,   406, 1016.7, 300, 0.0, 0.0, 0.0,  0, 0.0000,   586, 0.0,22.1, 0.0
M3,27/07/22,10:32:33,     1,  3532,   405, 1016.7, 300, 0.0, 0.0, 0.0,  0, 0.0000,   586, 0.0,22.1, 0.0
M3,27/07/22,10:32:34,     1,  3533,   405, 1016.7, 300, 0.0, 0.0, 0.0,  0, 0.0000,   586, 0.0,22.1, 0.0
M3,27/07/22,10:32:35,     1,  3534,   404, 1016.7, 300, 0.0, 0.0, 0.0,  0, 0.0000,   586, 0.0,22.1, 0.0
M3,27/07/22,10:32:36,     1,  3535,   404, 1016.7, 300, 0.0, 0.0, 0.0,  0, 0.0000,   585, 0.0,22.1, 0.0
M3,27/07/22,10:32:37,     1,  3536,   404, 1016.7, 300, 0.0, 0.0, 0.0,  0, 0.0000,   586, 0.0,22.1, 0.0
M3,27/07/22,10:32:38,     1,  3537,   403, 1016.7, 300, 0.0, 0.0, 0.0,  0, 0.0000,   586, 0.0,22.1, 0.0
M3,27/07/22,10:32:39,     1,  3538,   403, 1016.7, 300, 0.0, 0.0, 0.0,  0, 0.0000,   584, 0.0,22.1, 0.0
M3,27/07/22,10:32:40,     1,  3539,   403, 1016.7, 300, 0.0, 0.0, 0.0,  0, 0.0000,   585, 0.0,22.1, 0.0
M3,27/07/22,10:32:41,     1,  3540,   403, 1016.7, 300, 0.0, 0.0, 0.0,  0, 0.0000,   584, 0.0,22.1, 0.0
M3,27/07/22,10:32:42,     1,  3541,   403, 1016.7, 300, 0.0, 0.0, 0.0,  0, 0.0000,   584, 0.0,22.1, 0.0
M3,27/07/22,10:32:43,     1,  3542,   403, 1016.7, 300, 0.0, 0.0, 0.0,  0, 0.0000,   584, 0.0,22.1, 0.0
M3,27/07/22,10:32:44,     1,  3543,   402, 1016.7, 300, 0.0, 0.0, 0.0,  0, 0.0000,   584, 0.0,22.1, 0.0
M3,27/07/22,10:32:45,     1,  3544,   402, 1016.7, 300, 0.0, 0.0, 0.0,  0, 0.0000,   585, 0.0,22.1, 0.0
M3,27/07/22,10:32:46,     1,  3545,   402, 1016.7, 300, 0.0, 0.0, 0.0,  0, 0.0000,   584, 0.0,22.1, 0.0
M3,27/07/22,10:32:47,     1,  3546,   402, 1016.7, 300, 0.0, 0.0, 0.0,  0, 0.0000,   584, 0.0,22.1, 0.0
M3,27/07/22,10:32:48,     1,  3547,   401, 1016.7, 300, 0.0, 0.0, 0.0,  0, 0.0000,   584, 0.0,22.1, 0.0
M3,27/07/22,10:32:49,     1,  3548,   401, 1016.7, 300, 0.0, 0.0, 0.0,  0, 0.0000,   584, 0.0,22.2, 0.0
M3,27/07/22,10:32:50,     1,  3549,   400, 1016.7, 300, 0.0, 0.0, 0.0,  0, 0.0000,   583, 0.0,22.2, 0.0
M3,27/07/22,10:32:51,     1,  3550,   400, 1016.7, 300, 0.0, 0.0, 0.0,  0, 0.0000,   583, 0.0,22.2, 0.0
M3,27/07/22,10:32:52,     1,  3551,   400, 1016.7, 300, 0.0, 0.0, 0.0,  0, 0.0000,   583, 0.0,22.2, 0.0
M3,27/07/22,10:32:53,     1,  3552,   399, 1016.7, 300, 0.0, 0.0, 0.0,  0, 0.0000,   582, 0.0,22.2, 0.0
M3,27/07/22,10:32:54,     1,  3553,   399, 1016.7, 300, 0.0, 0.0, 0.0,  0, 0.0000,   582, 0.0,22.2, 0.0
M3,27/07/22,10:32:55,     1,  3554,   399, 1016.7, 300, 0.0, 0.0, 0.0,  0, 0.0000,   581, 0.0,22.2, 0.0
M3,27/07/22,10:32:56,     1,  3555,   398, 1016.7, 300, 0.0, 0.0, 0.0,  0, 0.0000,   581, 0.0,22.2, 0.0
M3,27/07/22,10:32:57,     1,  3556,   398, 1016.7, 300, 0.0, 0.0, 0.0,  0, 0.0000,   584, 0.0,22.2, 0.0
M3,27/07/22,10:32:58,     1,  3557,   398, 1016.7, 300, 0.0, 0.0, 0.0,  0, 0.0000,   585, 0.0,22.2, 0.0
M3,27/07/22,10:32:59,     1,  3558,   398, 1016.7, 300, 0.0, 0.0, 0.0,  0, 0.0000,   584, 0.0,22.2, 0.0
M3,27/07/22,10:33:00,     1,  3559,   398, 1016.7, 300, 0.0, 0.0, 0.0,  0, 0.0000,   584, 0.0,22.2, 0.0
M3,27/07/22,10:33:01,     1,  3560,   398, 1016.7, 300, 0.0, 0.0, 0.0,  0, 0.0000,   583, 0.0,22.2, 0.0
M3,27/07/22,10:33:02,     1,  3561,   398, 1016.7, 300, 0.0, 0.0, 0.0,  0, 0.0000,   583, 0.0,22.2, 0.0
M3,27/07/22,10:33:03,     1,  3562,   398, 1016.7, 300, 0.0, 0.0, 0.0,  0, 0.0000,   582, 0.0,22.2, 0.0
M3,27/07/22,10:33:04,     1,  3563,   397, 1016.7, 300, 0.0, 0.0, 0.0,  0, 0.0000,   582, 0.0,22.2, 0.0
M3,27/07/22,10:33:05,     1,  3564,   397, 1016.7, 300, 0.0, 0.0, 0.0,  0, 0.0000,   581, 0.0,22.2, 0.0
M3,27/07/22,10:33:06,     1,  3565,   397, 1016.7, 300, 0.0, 0.0, 0.0,  0, 0.0000,   580, 0.0,22.2, 0.0
M3,27/07/22,10:33:07,     1,  3566,   396, 1016.7, 300, 0.0, 0.0, 0.0,  0, 0.0000,   580, 0.0,22.2, 0.0
M3,27/07/22,10:33:08,     1,  3567,   396, 1016.7, 300, 0.0, 0.0, 0.0,  0, 0.0000,   579, 0.0,22.2, 0.0
M3,27/07/22,10:33:09,     1,  3568,   396, 1016.7, 300, 0.0, 0.0, 0.0,  0, 0.0000,   579, 0.0,22.2, 0.0
M3,27/07/22,10:33:10,     1,  3569,   396, 1016.7, 300, 0.0, 0.0, 0.0,  0, 0.0000,   578, 0.0,22.2, 0.0
M3,27/07/22,10:33:11,     1,  3570,   395, 1016.7, 300, 0.0, 0.0, 0.0,  0, 0.0000,   578, 0.0,22.2, 0.0
M3,27/07/22,10:33:12,     1,  3571,   395, 1016.7, 300, 0.0, 0.0, 0.0,  0, 0.0000,   577, 0.0,22.2, 0.0
M3,27/07/22,10:33:13,     1,  3572,   395, 1016.7, 300, 0.0, 0.0, 0.0,  0, 0.0000,   577, 0.0,22.2, 0.0
M3,27/07/22,10:33:14,     1,  3573,   395, 1016.7, 300, 0.0, 0.0, 0.0,  0, 0.0000,   576, 0.0,22.2, 0.0
M3,27/07/22,10:33:15,     1,  3574,   395, 1016.7, 300, 0.0, 0.0, 0.0,  0, 0.0000,   576, 0.0,22.2, 0.0
M3,27/07/22,10:33:16,     1,  3575,   395, 1016.7, 300, 0.0, 0.0, 0.0,  0, 0.0000,   575, 0.0,22.2, 0.0
M3,27/07/22,10:33:17,     1,  3576,   394, 1016.7, 300, 0.0, 0.0, 0.0,  0, 0.0000,   575, 0.0,22.2, 0.0
M3,27/07/22,10:33:18,     1,  3577,   394, 1016.7, 300, 0.0, 0.0, 0.0,  0, 0.0000,   574, 0.0,22.2, 0.0
M3,27/07/22,10:33:19,     1,  3578,   394, 1016.7, 300, 0.0, 0.0, 0.0,  0, 0.0000,   573, 0.0,22.2, 0.0
M3,27/07/22,10:33:20,     1,  3579,   393, 1016.7, 300, 0.0, 0.0, 0.0,  0, 0.0000,   572, 0.0,22.2, 0.0
M3,27/07/22,10:33:21,     1,  3580,   393, 1016.7, 300, 0.0, 0.0, 0.0,  0, 0.0000,   572, 0.0,22.2, 0.0
M3,27/07/22,10:33:22,     1,  3581,   393, 1016.7, 300, 0.0, 0.0, 0.0,  0, 0.0000,   571, 0.0,22.2, 0.0
M3,27/07/22,10:33:23,     1,  3582,   393, 1016.7, 300, 0.0, 0.0, 0.0,  0, 0.0000,   570, 0.0,22.2, 0.0
M3,27/07/22,10:33:24,     1,  3583,   392, 1016.7, 300, 0.0, 0.0, 0.0,  0, 0.0000,   570, 0.0,22.2, 0.0
M3,27/07/22,10:33:25,     1,  3584,   392, 1016.7, 300, 0.0, 0.0, 0.0,  0, 0.0000,   569, 0.0,22.2, 0.0
M3,27/07/22,10:33:26,     1,  3585,   392, 1016.7, 300, 0.0, 0.0, 0.0,  0, 0.0000,   569, 0.0,22.2, 0.0
M3,27/07/22,10:33:27,     1,  3586,   392, 1016.7, 300, 0.0, 0.0, 0.0,  0, 0.0000,   569, 0.0,22.2, 0.0
M3,27/07/22,10:33:28,     1,  3587,   391, 1016.7, 299, 0.0, 0.0, 0.0,  0, 0.0000,   561, 0.0,22.2, 0.0
M3,27/07/22,10:33:29,     1,  3588,   391, 1016.7, 300, 0.0, 0.0, 0.0,  0, 0.0000,   541, 0.0,22.2, 0.0
M3,27/07/22,10:33:30,     1,  3589,   391, 1016.7, 300, 0.0, 0.0, 0.0,  0, 0.0000,   494, 0.0,22.2, 0.0
M3,27/07/22,10:33:31,     1,  3590,   391, 1016.7, 300, 0.0, 0.0, 0.0,  0, 0.0000,   496, 0.0,22.2, 0.0
M3,27/07/22,10:33:32,     1,  3591,   391, 1016.7, 300, 0.0, 0.0, 0.0,  0, 0.0000,   498, 0.0,22.2, 0.0
M3,27/07/22,10:33:33,     1,  3592,   390, 1016.7, 299, 0.0, 0.0, 0.0,  0, 0.0000,   484, 0.0,22.2, 0.0
M3,27/07/22,10:33:34,     1,  3593,   390, 1016.7, 299, 0.0, 0.0, 0.0,  0, 0.0000,   488, 0.0,22.2, 0.0
M3,27/07/22,10:33:36,     1,  3594,   389, 1016.7, 300, 0.0, 0.0, 0.0,  0, 0.0000,   423, 0.0,22.2, 0.0
M3,27/07/22,10:33:37,     1,  3595,   389, 1016.6, 300, 0.0, 0.0, 0.0,  0, 0.0000,   342, 0.0,22.2, 0.0
M3,27/07/22,10:33:38,     1,  3596,   389, 1016.6, 300, 0.0, 0.0, 0.0,  0, 0.0000,   266, 0.0,22.2, 0.0
M3,27/07/22,10:33:39,     1,  3597,   388, 1016.6, 299, 0.0, 0.0, 0.0,  0, 0.0000,   238, 0.0,22.2, 0.0
M3,27/07/22,10:33:40,     1,  3598,   389, 1016.6, 299, 0.0, 0.0, 0.0,  0, 0.0000,   258, 0.0,22.1, 0.0
M3,27/07/22,10:33:41,     1,  3599,   389, 1016.6, 299, 0.0, 0.0, 0.0,  0, 0.0000,   258, 0.0,22.0, 0.0
M3,27/07/22,10:33:42,     1,  3600,   391, 1016.6, 299, 0.0, 0.0, 0.0,  0, 0.0000,   185, 0.0,22.0, 0.0
M3,27/07/22,10:33:43,     1,  3601,   394, 1016.6, 301, 0.0, 0.0, 0.0,  0, 0.0000,   130, 0.0,21.9, 0.0
M3,27/07/22,10:33:44,     1,  3602,   397, 1016.6, 301, 0.0, 0.0, 0.0,  0, 0.0000,   109, 0.0,21.9, 0.0
M3,27/07/22,10:33:45,     1,  3603,   399, 1016.6, 299, 0.0, 0.0, 0.0,  0, 0.0000,    90, 0.0,21.9, 0.0
M3,27/07/22,10:33:46,     1,  3604,   401, 1016.6, 299, 0.0, 0.0, 0.0,  0, 0.0000,    91, 0.0,21.8, 0.0
M3,27/07/22,10:33:47,     1,  3605,   402, 1016.6, 301, 0.0, 0.0, 0.0,  0, 0.0000,   122, 0.0,21.8, 0.0
M3,27/07/22,10:33:48,     1,  3606,   403, 1016.6, 302, 0.0, 0.0, 0.0,  0, 0.0000,   201, 0.0,21.7, 0.0
M3,27/07/22,10:33:49,     1,  3607,   404, 1016.6, 301, 0.0, 0.0, 0.0,  0, 0.0000,   250, 0.0,21.7, 0.0
M3,27/07/22,10:33:50,     1,  3608,   405, 1016.6, 301, 0.0, 0.0, 0.0,  0, 0.0000,   295, 0.0,21.7, 0.0
M3,27/07/22,10:33:51,     1,  3609,   405, 1016.6, 300, 0.0, 0.0, 0.0,  0, 0.0000,   404, 0.0,21.7, 0.0
M3,27/07/22,10:33:52,     1,  3610,   404, 1016.6, 299, 0.0, 0.0, 0.0,  0, 0.0000,   479, 0.0,21.7, 0.0
M3,27/07/22,10:33:53,     1,  3611,   404, 1016.6, 300, 0.0, 0.0, 0.0,  0, 0.0000,   480, 0.0,21.7, 0.0
