Tag(M3),Date,Time,Plot_No,Rec_No,CO2,Pressure,Flow,H2O,Tsen,O2,Error,Aux_V,PAR,Tsoil,Tair,Msoil
M3,14/07/22,09:47:37,     1,  2831,   424, 1024.5, 300, 0.0, 0.0, 0.0, 61, 0.0000,  1035, 0.0,28.4, 0.0
M3,14/07/22,09:47:38,     1,  2832,   424, 1024.5, 300, 0.0, 0.0, 0.0,  0, 0.0000,  1102, 0.0,28.4, 0.0
M3,14/07/22,09:47:39,     1,  2833,   424, 1024.5, 300, 0.0, 0.0, 0.0,  0, 0.0000,  1129, 0.0,28.4, 0.0
M3,14/07/22,09:47:40,     1,  2834,   424, 1024.5, 300, 0.0, 0.0, 0.0,  0, 0.0000,  1030, 0.0,28.4, 0.0
M3,14/07/22,09:47:41,     1,  2835,   424, 1024.5, 300, 0.0, 0.0, 0.0,  0, 0.0000,   976, 0.0,28.4, 0.0
M3,14/07/22,09:47:42,     1,  2836,   424, 1024.5, 300, 0.0, 0.0, 0.0,  0, 0.0000,  1027, 0.0,28.4, 0.0
M3,14/07/22,09:47:43,     1,  2837,   424, 1024.5, 300, 0.0, 0.0, 0.0,  0, 0.0000,  1070, 0.0,28.4, 0.0
M3,14/07/22,09:47:44,     1,  2838,   424, 1024.5, 300, 0.0, 0.0, 0.0,  0, 0.0000,   879, 0.0,28.4, 0.0
M3,14/07/22,09:47:45,     1,  2839,   424, 1024.5, 300, 0.0, 0.0, 0.0,  0, 0.0000,   828, 0.0,28.5, 0.0
M3,14/07/22,09:47:46,     1,  2840,   424, 1024.5, 300, 0.0, 0.0, 0.0,  0, 0.0000,   837, 0.0,28.5, 0.0
M3,14/07/22,09:47:47,     1,  2841,   423, 1024.5, 300, 0.0, 0.0, 0.0,  0, 0.0000,   846, 0.0,28.5, 0.0
M3,14/07/22,09:47:48,     1,  2842,   423, 1024.5, 300, 0.0, 0.0, 0.0,  0, 0.0000,   847, 0.0,28.5, 0.0
M3,14/07/22,09:47:49,     1,  2843,   423, 1024.5, 300, 0.0, 0.0, 0.0,  0, 0.0000,   870, 0.0,28.5, 0.0
M3,14/07/22,09:47:50,     1,  2844,   423, 1024.5, 300, 0.0, 0.0, 0.0,  0, 0.0000,   888, 0.0,28.5, 0.0
M3,14/07/22,09:47:51,     1,  2845,   423, 1024.5, 300, 0.0, 0.0, 0.0,  0, 0.0000,   902, 0.0,28.5, 0.0
M3,14/07/22,09:47:52,     1,  2846,   423, 1024.5, 300, 0.0, 0.0, 0.0,  0, 0.0000,   938, 0.0,28.5, 0.0
M3,14/07/22,09:47:53,     1,  2847,   423, 1024.5, 300, 0.0, 0.0, 0.0,  0, 0.0000,  1093, 0.0,28.5, 0.0
M3,14/07/22,09:47:54,     1,  2848,   423, 1024.5, 300, 0.0, 0.0, 0.0,  0, 0.0000,  1125, 0.0,28.5, 0.0
M3,14/07/22,09:47:55,     1,  2849,   423, 1024.5, 300, 0.0, 0.0, 0.0,  0, 0.0000,  1152, 0.0,28.5, 0.0
M3,14/07/22,09:47:56,     1,  2850,   423, 1024.5, 300, 0.0, 0.0, 0.0,  0, 0.0000,  1182, 0.0,28.5, 0.0
M3,14/07/22,09:47:57,     1,  2851,   422, 1024.5, 300, 0.0, 0.0, 0.0,  0, 0.0000,  1200, 0.0,28.5, 0.0
M3,14/07/22,09:47:58,     1,  2852,   422, 1024.6, 300, 0.0, 0.0, 0.0,  0, 0.0000,  1198, 0.0,28.6, 0.0
M3,14/07/22,09:47:59,     1,  2853,   422, 1024.6, 300, 0.0, 0.0, 0.0,  0, 0.0000,  1203, 0.0,28.6, 0.0
M3,14/07/22,09:48:00,     1,  2854,   422, 1024.6, 300, 0.0, 0.0, 0.0,  0, 0.0000,  1204, 0.0,28.6, 0.0
M3,14/07/22,09:48:01,     1,  2855,   422, 1024.6, 300, 0.0, 0.0, 0.0,  0, 0.0000,  1198, 0.0,28.6, 0.0
M3,14/07/22,09:48:02,     1,  2856,   422, 1024.6, 300, 0.0, 0.0, 0.0,  0, 0.0000,  1201, 0.0,28.6, 0.0
M3,14/07/22,09:48:03,     1,  2857,   422, 1024.6, 300, 0.0, 0.0, 0.0,  0, 0.0000,  1216, 0.0,28.6, 0.0
M3,14/07/22,09:48:04,     1,  2858,   422, 1024.6, 300, 0.0, 0.0, 0.0,  0, 0.0000,  1234, 0.0,28.6, 0.0
M3,14/07/22,09:48:05,     1,  2859,   422, 1024.6, 300, 0.0, 0.0, 0.0,  0, 0.0000,  1233, 0.0,28.6, 0.0
M3,14/07/22,09:48:06,     1,  2860,   422, 1024.6, 300, 0.0, 0.0, 0.0,  0, 0.0000,  1229, 0.0,28.6, 0.0
M3,14/07/22,09:48:07,     1,  2861,   422, 1024.5, 300, 0.0, 0.0, 0.0,  0, 0.0000,  1228, 0.0,28.6, 0.0
M3,14/07/22,09:48:08,     1,  2862,   422, 1024.5, 300, 0.0, 0.0, 0.0,  0, 0.0000,  1229, 0.0,28.6, 0.0
M3,14/07/22,09:48:09,     1,  2863,   422, 1024.5, 300, 0.0, 0.0, 0.0,  0, 0.0000,  1226, 0.0,28.6, 0.0
M3,14/07/22,09:48:10,     1,  2864,   422, 1024.5, 300, 0.0, 0.0, 0.0,  0, 0.0000,  1229, 0.0,28.6, 0.0
M3,14/07/22,09:48:11,     1,  2865,   422, 1024.5, 300, 0.0, 0.0, 0.0,  0, 0.0000,  1234, 0.0,28.6, 0.0
M3,14/07/22,09:48:12,     1,  2866,   422, 1024.5, 300, 0.0, 0.0, 0.0,  0, 0.0000,  1254, 0.0,28.7, 0.0
M3,14/07/22,09:48:13,     1,  2867,   422, 1024.5, 300, 0.0, 0.0, 0.0,  0, 0.0000,  1293, 0.0,28.7, 0.0
M3,14/07/22,09:48:15,     1,  2868,   422, 1024.5, 300, 0.0, 0.0, 0.0,  0, 0.0000,  1236, 0.0,28.7, 0.0
M3,14/07/22,09:48:16,     1,  2869,   422, 1024.5, 300, 0.0, 0.0, 0.0,  0, 0.0000,  1217, 0.0,28.7, 0.0
M3,14/07/22,09:48:17,     1,  2870,   422, 1024.5, 300, 0.0, 0.0, 0.0,  0, 0.0000,  1255, 0.0,28.7, 0.0
M3,14/07/22,09:48:18,     1,  2871,   422, 1024.5, 300, 0.0, 0.0, 0.0,  0, 0.0000,  1286, 0.0,28.7, 0.0
M3,14/07/22,09:48:19,     1,  2872,   422, 1024.6, 300, 0.0, 0.0, 0.0,  0, 0.0000,  1270, 0.0,28.7, 0.0
M3,14/07/22,09:48:20,     1,  2873,   423, 1024.6, 300, 0.0, 0.0, 0.0,  0, 0.0000,  1313, 0.0,28.7, 0.0
M3,14/07/22,09:48:21,     1,  2874,   423, 1024.6, 300, 0.0, 0.0, 0.0,  0, 0.0000,  1317, 0.0,28.7, 0.0
M3,14/07/22,09:48:22,     1,  2875,   423, 1024.6, 300, 0.0, 0.0, 0.0,  0, 0.0000,  1318, 0.0,28.7, 0.0
M3,14/07/22,09:48:23,     1,  2876,   423, 1024.6, 300, 0.0, 0.0, 0.0,  0, 0.0000,  1316, 0.0,28.7, 0.0
M3,14/07/22,09:48:24,     1,  2877,   422, 1024.6, 300, 0.0, 0.0, 0.0,  0, 0.0000,  1314, 0.0,28.7, 0.0
M3,14/07/22,09:48:25,     1,  2878,   422, 1024.6, 300, 0.0, 0.0, 0.0,  0, 0.0000,  1301, 0.0,28.7, 0.0
M3,14/07/22,09:48:26,     1,  2879,   422, 1024.6, 300, 0.0, 0.0, 0.0,  0, 0.0000,  1314, 0.0,28.7, 0.0
M3,14/07/22,09:48:27,     1,  2880,   421, 1024.6, 300, 0.0, 0.0, 0.0,  0, 0.0000,  1312, 0.0,28.7, 0.0
M3,14/07/22,09:48:28,     1,  2881,   422, 1024.6, 300, 0.0, 0.0, 0.0,  0, 0.0000,  1303, 0.0,28.7, 0.0
M3,14/07/22,09:48:29,     1,  2882,   422, 1024.6, 300, 0.0, 0.0, 0.0,  0, 0.0000,  1312, 0.0,28.7, 0.0
M3,14/07/22,09:48:30,     1,  2883,   422, 1024.6, 300, 0.0, 0.0, 0.0,  0, 0.0000,  1315, 0.0,28.7, 0.0
M3,14/07/22,09:48:31,     1,  2884,   422, 1024.6, 300, 0.0, 0.0, 0.0,  0, 0.0000,  1314, 0.0,28.7, 0.0
M3,14/07/22,09:48:32,     1,  2885,   422, 1024.6, 300, 0.0, 0.0, 0.0,  0, 0.0000,  1310, 0.0,28.8, 0.0
M3,14/07/22,09:48:33,     1,  2886,   422, 1024.6, 300, 0.0, 0.0, 0.0,  0, 0.0000,  1273, 0.0,28.8, 0.0
M3,14/07/22,09:48:34,     1,  2887,   422, 1024.6, 300, 0.0, 0.0, 0.0,  0, 0.0000,  1306, 0.0,28.8, 0.0
M3,14/07/22,09:48:35,     1,  2888,   422, 1024.6, 300, 0.0, 0.0, 0.0,  0, 0.0000,  1264, 0.0,28.8, 0.0
M3,14/07/22,09:48:36,     1,  2889,   422, 1024.5, 300, 0.0, 0.0, 0.0,  0, 0.0000,  1228, 0.0,28.8, 0.0
M3,14/07/22,09:48:37,     1,  2890,   422, 1024.5, 300, 0.0, 0.0, 0.0,  0, 0.0000,  1204, 0.0,28.8, 0.0
M3,14/07/22,09:48:38,     1,  2891,   422, 1024.5, 300, 0.0, 0.0, 0.0,  0, 0.0000,  1148, 0.0,28.8, 0.0
M3,14/07/22,09:48:39,     1,  2892,   422, 1024.5, 300, 0.0, 0.0, 0.0,  0, 0.0000,  1210, 0.0,28.8, 0.0
M3,14/07/22,09:48:40,     1,  2893,   422, 1024.5, 300, 0.0, 0.0, 0.0,  0, 0.0000,  1228, 0.0,28.8, 0.0
M3,14/07/22,09:48:41,     1,  2894,   422, 1024.5, 300, 0.0, 0.0, 0.0,  0, 0.0000,  1217, 0.0,28.8, 0.0
M3,14/07/22,09:48:42,     1,  2895,   422, 1024.5, 300, 0.0, 0.0, 0.0,  0, 0.0000,  1216, 0.0,28.8, 0.0
M3,14/07/22,09:48:43,     1,  2896,   422, 1024.5, 300, 0.0, 0.0, 0.0,  0, 0.0000,  1218, 0.0,28.8, 0.0
M3,14/07/22,09:48:44,     1,  2897,   422, 1024.5, 300, 0.0, 0.0, 0.0,  0, 0.0000,  1222, 0.0,28.8, 0.0
M3,14/07/22,09:48:45,     1,  2898,   422, 1024.5, 300, 0.0, 0.0, 0.0,  0, 0.0000,  1230, 0.0,28.8, 0.0
M3,14/07/22,09:48:46,     1,  2899,   422, 1024.5, 300, 0.0, 0.0, 0.0,  0, 0.0000,  1166, 0.0,28.8, 0.0
M3,14/07/22,09:48:47,     1,  2900,   422, 1024.5, 300, 0.0, 0.0, 0.0,  0, 0.0000,  1153, 0.0,28.8, 0.0
M3,14/07/22,09:48:48,     1,  2901,   422, 1024.5, 300, 0.0, 0.0, 0.0,  0, 0.0000,  1107, 0.0,28.8, 0.0
M3,14/07/22,09:48:49,     1,  2902,   422, 1024.5, 300, 0.0, 0.0, 0.0,  0, 0.0000,  1037, 0.0,28.9, 0.0
M3,14/07/22,09:48:50,     1,  2903,   422, 1024.5, 300, 0.0, 0.0, 0.0,  0, 0.0000,   924, 0.0,28.9, 0.0
M3,14/07/22,09:48:51,     1,  2904,   422, 1024.5, 300, 0.0, 0.0, 0.0,  0, 0.0000,   978, 0.0,28.9, 0.0
M3,14/07/22,09:48:52,     1,  2905,   422, 1024.5, 300, 0.0, 0.0, 0.0,  0, 0.0000,  1114, 0.0,28.9, 0.0
M3,14/07/22,09:48:53,     1,  2906,   423, 1024.5, 300, 0.0, 0.0, 0.0,  0, 0.0000,  1192, 0.0,28.9, 0.0
M3,14/07/22,09:48:54,     1,  2907,   423, 1024.5, 300, 0.0, 0.0, 0.0,  0, 0.0000,  1201, 0.0,28.9, 0.0
M3,14/07/22,09:48:55,     1,  2908,   422, 1024.5, 300, 0.0, 0.0, 0.0,  0, 0.0000,  1183, 0.0,28.9, 0.0
M3,14/07/22,09:48:56,     1,  2909,   422, 1024.5, 300, 0.0, 0.0, 0.0,  0, 0.0000,  1194, 0.0,28.9, 0.0
M3,14/07/22,09:48:57,     1,  2910,   422, 1024.5, 300, 0.0, 0.0, 0.0,  0, 0.0000,  1213, 0.0,28.9, 0.0
M3,14/07/22,09:48:58,     1,  2911,   422, 1024.5, 300, 0.0, 0.0, 0.0,  0, 0.0000,  1213, 0.0,28.9, 0.0
M3,14/07/22,09:48:59,     1,  2912,   422, 1024.5, 300, 0.0, 0.0, 0.0,  0, 0.0000,  1209, 0.0,28.9, 0.0
M3,14/07/22,09:49:00,     1,  2913,   422, 1024.5, 300, 0.0, 0.0, 0.0,  0, 0.0000,  1244, 0.0,28.9, 0.0
M3,14/07/22,09:49:01,     1,  2914,   422, 1024.5, 300, 0.0, 0.0, 0.0,  0, 0.0000,  1266, 0.0,28.9, 0.0
M3,14/07/22,09:49:02,     1,  2915,   422, 1024.5, 300, 0.0, 0.0, 0.0,  0, 0.0000,  1249, 0.0,28.9, 0.0
M3,14/07/22,09:49:03,     1,  2916,   422, 1024.5, 300, 0.0, 0.0, 0.0,  0, 0.0000,  1231, 0.0,28.9, 0.0
M3,14/07/22,09:49:04,     1,  2917,   422, 1024.5, 300, 0.0, 0.0, 0.0,  0, 0.0000,  1187, 0.0,28.9, 0.0
M3,14/07/22,09:49:05,     1,  2918,   422, 1024.5, 300, 0.0, 0.0, 0.0,  0, 0.0000,  1295, 0.0,29.0, 0.0
M3,14/07/22,09:49:06,     1,  2919,   422, 1024.5, 300, 0.0, 0.0, 0.0,  0, 0.0000,  1258, 0.0,29.0, 0.0
M3,14/07/22,09:49:07,     1,  2920,   421, 1024.5, 300, 0.0, 0.0, 0.0,  0, 0.0000,  1237, 0.0,29.0, 0.0
M3,14/07/22,09:49:08,     1,  2921,   421, 1024.5, 300, 0.0, 0.0, 0.0,  0, 0.0000,  1230, 0.0,29.0, 0.0
M3,14/07/22,09:49:09,     1,  2922,   422, 1024.5, 300, 0.0, 0.0, 0.0,  0, 0.0000,  1232, 0.0,29.0, 0.0
M3,14/07/22,09:49:10,     1,  2923,   422, 1024.5, 300, 0.0, 0.0, 0.0,  0, 0.0000,  1225, 0.0,29.0, 0.0
M3,14/07/22,09:49:11,     1,  2924,   421, 1024.5, 300, 0.0, 0.0, 0.0,  0, 0.0000,  1230, 0.0,29.0, 0.0
M3,14/07/22,09:49:12,     1,  2925,   421, 1024.5, 300, 0.0, 0.0, 0.0,  0, 0.0000,  1225, 0.0,29.0, 0.0
M3,14/07/22,09:49:13,     1,  2926,   421, 1024.5, 300, 0.0, 0.0, 0.0,  0, 0.0000,  1225, 0.0,29.0, 0.0
M3,14/07/22,09:49:14,     1,  2927,   421, 1024.5, 300, 0.0, 0.0, 0.0,  0, 0.0000,  1230, 0.0,29.0, 0.0
M3,14/07/22,09:49:15,     1,  2928,   421, 1024.5, 300, 0.0, 0.0, 0.0,  0, 0.0000,  1224, 0.0,29.0, 0.0
M3,14/07/22,09:49:16,     1,  2929,   421, 1024.5, 300, 0.0, 0.0, 0.0,  0, 0.0000,  1222, 0.0,29.0, 0.0
M3,14/07/22,09:49:17,     1,  2930,   421, 1024.5, 300, 0.0, 0.0, 0.0,  0, 0.0000,  1224, 0.0,29.0, 0.0
M3,14/07/22,09:49:18,     1,  2931,   421, 1024.5, 300, 0.0, 0.0, 0.0,  0, 0.0000,  1266, 0.0,29.0, 0.0
M3,14/07/22,09:49:19,     1,  2932,   421, 1024.5, 300, 0.0, 0.0, 0.0,  0, 0.0000,  1238, 0.0,29.0, 0.0
M3,14/07/22,09:49:20,     1,  2933,   421, 1024.5, 300, 0.0, 0.0, 0.0,  0, 0.0000,  1231, 0.0,29.0, 0.0
M3,14/07/22,09:49:21,     1,  2934,   421, 1024.5, 300, 0.0, 0.0, 0.0,  0, 0.0000,  1204, 0.0,29.0, 0.0
M3,14/07/22,09:49:22,     1,  2935,   421, 1024.5, 300, 0.0, 0.0, 0.0,  0, 0.0000,  1204, 0.0,29.1, 0.0
M3,14/07/22,09:49:23,     1,  2936,   421, 1024.5, 300, 0.0, 0.0, 0.0,  0, 0.0000,  1224, 0.0,29.1, 0.0
M3,14/07/22,09:49:24,     1,  2937,   421, 1024.5, 300, 0.0, 0.0, 0.0,  0, 0.0000,  1223, 0.0,29.1, 0.0
M3,14/07/22,09:49:25,     1,  2938,   420, 1024.5, 300, 0.0, 0.0, 0.0,  0, 0.0000,  1222, 0.0,29.1, 0.0
M3,14/07/22,09:49:26,     1,  2939,   420, 1024.5, 300, 0.0, 0.0, 0.0,  0, 0.0000,  1234, 0.0,29.1, 0.0
M3,14/07/22,09:49:27,     1,  2940,   420, 1024.6, 300, 0.0, 0.0, 0.0,  0, 0.0000,  1239, 0.0,29.1, 0.0
M3,14/07/22,09:49:28,     1,  2941,   420, 1024.6, 300, 0.0, 0.0, 0.0,  0, 0.0000,  1227, 0.0,29.1, 0.0
M3,14/07/22,09:49:29,     1,  2942,   420, 1024.6, 300, 0.0, 0.0, 0.0,  0, 0.0000,  1216, 0.0,29.1, 0.0
M3,14/07/22,09:49:30,     1,  2943,   420, 1024.6, 300, 0.0, 0.0, 0.0,  0, 0.0000,  1201, 0.0,29.1, 0.0
M3,14/07/22,09:49:31,     1,  2944,   420, 1024.6, 300, 0.0, 0.0, 0.0,  0, 0.0000,  1220, 0.0,29.1, 0.0
M3,14/07/22,09:49:32,     1,  2945,   420, 1024.6, 300, 0.0, 0.0, 0.0,  0, 0.0000,  1230, 0.0,29.1, 0.0
M3,14/07/22,09:49:33,     1,  2946,   420, 1024.5, 300, 0.0, 0.0, 0.0,  0, 0.0000,  1224, 0.0,29.1, 0.0
M3,14/07/22,09:49:34,     1,  2947,   420, 1024.5, 300, 0.0, 0.0, 0.0,  0, 0.0000,  1227, 0.0,29.1, 0.0
M3,14/07/22,09:49:35,     1,  2948,   420, 1024.5, 300, 0.0, 0.0, 0.0,  0, 0.0000,  1232, 0.0,29.1, 0.0
M3,14/07/22,09:49:36,     1,  2949,   420, 1024.5, 300, 0.0, 0.0, 0.0,  0, 0.0000,  1226, 0.0,29.1, 0.0
M3,14/07/22,09:49:37,     1,  2950,   420, 1024.5, 300, 0.0, 0.0, 0.0,  0, 0.0000,  1246, 0.0,29.1, 0.0
M3,14/07/22,09:49:38,     1,  2951,   421, 1024.5, 300, 0.0, 0.0, 0.0,  0, 0.0000,  1201, 0.0,29.1, 0.0
M3,14/07/22,09:49:39,     1,  2952,   421, 1024.5, 300, 0.0, 0.0, 0.0,  0, 0.0000,  1202, 0.0,29.1, 0.0
M3,14/07/22,09:49:40,     1,  2953,   421, 1024.5, 300, 0.0, 0.0, 0.0,  0, 0.0000,  1208, 0.0,29.2, 0.0
M3,14/07/22,09:49:41,     1,  2954,   421, 1024.6, 300, 0.0, 0.0, 0.0,  0, 0.0000,  1205, 0.0,29.2, 0.0
M3,14/07/22,09:49:42,     1,  2955,   421, 1024.6, 300, 0.0, 0.0, 0.0,  0, 0.0000,  1209, 0.0,29.2, 0.0
M3,14/07/22,09:49:43,     1,  2956,   421, 1024.6, 300, 0.0, 0.0, 0.0,  0, 0.0000,  1223, 0.0,29.2, 0.0
M3,14/07/22,09:49:44,     1,  2957,   421, 1024.6, 300, 0.0, 0.0, 0.0,  0, 0.0000,  1230, 0.0,29.2, 0.0
M3,14/07/22,09:49:45,     1,  2958,   421, 1024.6, 300, 0.0, 0.0, 0.0,  0, 0.0000,  1232, 0.0,29.2, 0.0
M3,14/07/22,09:49:46,     1,  2959,   421, 1024.6, 300, 0.0, 0.0, 0.0,  0, 0.0000,  1233, 0.0,29.2, 0.0
M3,14/07/22,09:49:47,     1,  2960,   421, 1024.6, 300, 0.0, 0.0, 0.0,  0, 0.0000,  1203, 0.0,29.2, 0.0
M3,14/07/22,09:49:48,     1,  2961,   421, 1024.6, 300, 0.0, 0.0, 0.0,  0, 0.0000,  1214, 0.0,29.2, 0.0
M3,14/07/22,09:49:49,     1,  2962,   421, 1024.6, 300, 0.0, 0.0, 0.0,  0, 0.0000,  1202, 0.0,29.2, 0.0
M3,14/07/22,09:49:50,     1,  2963,   421, 1024.6, 300, 0.0, 0.0, 0.0,  0, 0.0000,  1215, 0.0,29.2, 0.0
M3,14/07/22,09:49:51,     1,  2964,   421, 1024.6, 300, 0.0, 0.0, 0.0,  0, 0.0000,  1223, 0.0,29.2, 0.0
M3,14/07/22,09:49:52,     1,  2965,   421, 1024.6, 300, 0.0, 0.0, 0.0,  0, 0.0000,  1220, 0.0,29.2, 0.0
M3,14/07/22,09:49:53,     1,  2966,   421, 1024.6, 300, 0.0, 0.0, 0.0,  0, 0.0000,  1202, 0.0,29.2, 0.0
