Tag(M3),Date,Time,Plot_No,Rec_No,CO2,Pressure,Flow,H2O,Tsen,O2,Error,Aux_V,PAR,Tsoil,Tair,Msoil
M3,15/07/22,11:24:56,     1,  9164,   413, 1022.7, 300, 0.0, 0.0, 0.0, 61, 0.0000,     7, 0.0,24.6, 0.0
M3,15/07/22,11:24:57,     1,  9165,   413, 1022.7, 300, 0.0, 0.0, 0.0,  0, 0.0000,     7, 0.0,24.6, 0.0
M3,15/07/22,11:24:58,     1,  9166,   414, 1022.7, 300, 0.0, 0.0, 0.0,  0, 0.0000,     7, 0.0,24.6, 0.0
M3,15/07/22,11:24:59,     1,  9167,   414, 1022.7, 300, 0.0, 0.0, 0.0,  0, 0.0000,     7, 0.0,24.6, 0.0
M3,15/07/22,11:25:00,     1,  9168,   414, 1022.7, 300, 0.0, 0.0, 0.0,  0, 0.0000,     7, 0.0,24.6, 0.0
M3,15/07/22,11:25:01,     1,  9169,   414, 1022.7, 300, 0.0, 0.0, 0.0,  0, 0.0000,     7, 0.0,24.6, 0.0
M3,15/07/22,11:25:02,     1,  9170,   414, 1022.7, 300, 0.0, 0.0, 0.0,  0, 0.0000,     7, 0.0,24.6, 0.0
M3,15/07/22,11:25:03,     1,  9171,   414, 1022.7, 300, 0.0, 0.0, 0.0,  0, 0.0000,     7, 0.0,24.6, 0.0
M3,15/07/22,11:25:04,     1,  9172,   414, 1022.7, 300, 0.0, 0.0, 0.0,  0, 0.0000,     7, 0.0,24.6, 0.0
M3,15/07/22,11:25:05,     1,  9173,   414, 1022.7, 300, 0.0, 0.0, 0.0,  0, 0.0000,     4, 0.0,24.6, 0.0
M3,15/07/22,11:25:06,     1,  9174,   414, 1022.7, 300, 0.0, 0.0, 0.0,  0, 0.0000,     2, 0.0,24.6, 0.0
M3,15/07/22,11:25:07,     1,  9175,   415, 1022.7, 300, 0.0, 0.0, 0.0,  0, 0.0000,     2, 0.0,24.5, 0.0
M3,15/07/22,11:25:08,     1,  9176,   415, 1022.7, 300, 0.0, 0.0, 0.0,  0, 0.0000,     3, 0.0,24.5, 0.0
M3,15/07/22,11:25:09,     1,  9177,   415, 1022.7, 300, 0.0, 0.0, 0.0,  0, 0.0000,     3, 0.0,24.5, 0.0
M3,15/07/22,11:25:10,     1,  9178,   415, 1022.7, 300, 0.0, 0.0, 0.0,  0, 0.0000,     3, 0.0,24.5, 0.0
M3,15/07/22,11:25:11,     1,  9179,   415, 1022.7, 300, 0.0, 0.0, 0.0, 25, 0.0000,     4, 0.0,24.5, 0.0
M3,15/07/22,11:25:12,     1,  9180,   415, 1022.7, 300, 0.0, 0.0, 0.0, 25, 0.0000,     7, 0.0,24.5, 0.0
M3,15/07/22,11:25:13,     1,  9181,   415, 1022.7, 301, 0.0, 0.0, 0.0, 25, 0.0000,     7, 0.0,24.5, 0.0
M3,15/07/22,11:25:14,     1,  9182,   415, 1022.7, 300, 0.0, 0.0, 0.0, 25, 0.0000,     8, 0.0,24.5, 0.0
M3,15/07/22,11:25:15,     1,  9183,   415, 1022.7, 300, 0.0, 0.0, 0.0, 25, 0.0000,     8, 0.0,24.5, 0.0
M3,15/07/22,11:25:16,     1,  9184,   415, 1022.7, 300, 0.0, 0.0, 0.0,  0, 0.0000,     8, 0.0,24.5, 0.0
M3,15/07/22,11:25:17,     1,  9185,   415, 1022.7, 300, 0.0, 0.0, 0.0,  0, 0.0000,     8, 0.0,24.5, 0.0
M3,15/07/22,11:25:18,     1,  9186,   415, 1022.7, 300, 0.0, 0.0, 0.0,  0, 0.0000,     8, 0.0,24.5, 0.0
M3,15/07/22,11:25:19,     1,  9187,   415, 1022.7, 300, 0.0, 0.0, 0.0,  0, 0.0000,     8, 0.0,24.5, 0.0
M3,15/07/22,11:25:20,     1,  9188,   415, 1022.7, 300, 0.0, 0.0, 0.0,  0, 0.0000,     5, 0.0,24.5, 0.0
M3,15/07/22,11:25:21,     1,  9189,   415, 1022.7, 300, 0.0, 0.0, 0.0,  0, 0.0000,     4, 0.0,24.5, 0.0
M3,15/07/22,11:25:22,     1,  9190,   416, 1022.7, 300, 0.0, 0.0, 0.0,  0, 0.0000,     4, 0.0,24.5, 0.0
M3,15/07/22,11:25:23,     1,  9191,   416, 1022.7, 300, 0.0, 0.0, 0.0,  0, 0.0000,     6, 0.0,24.5, 0.0
M3,15/07/22,11:25:24,     1,  9192,   416, 1022.7, 300, 0.0, 0.0, 0.0,  0, 0.0000,     5, 0.0,24.5, 0.0
M3,15/07/22,11:25:25,     1,  9193,   416, 1022.7, 300, 0.0, 0.0, 0.0,  0, 0.0000,     5, 0.0,24.5, 0.0
M3,15/07/22,11:25:26,     1,  9194,   416, 1022.7, 300, 0.0, 0.0, 0.0,  0, 0.0000,     5, 0.0,24.4, 0.0
M3,15/07/22,11:25:27,     1,  9195,   416, 1022.7, 300, 0.0, 0.0, 0.0,  0, 0.0000,     5, 0.0,24.4, 0.0
M3,15/07/22,11:25:28,     1,  9196,   417, 1022.7, 300, 0.0, 0.0, 0.0,  0, 0.0000,     5, 0.0,24.4, 0.0
M3,15/07/22,11:25:29,     1,  9197,   417, 1022.7, 300, 0.0, 0.0, 0.0,  0, 0.0000,     5, 0.0,24.4, 0.0
M3,15/07/22,11:25:30,     1,  9198,   417, 1022.7, 300, 0.0, 0.0, 0.0,  0, 0.0000,     5, 0.0,24.4, 0.0
M3,15/07/22,11:25:31,     1,  9199,   417, 1022.7, 300, 0.0, 0.0, 0.0,  0, 0.0000,     5, 0.0,24.4, 0.0
M3,15/07/22,11:25:32,     1,  9200,   417, 1022.7, 300, 0.0, 0.0, 0.0,  0, 0.0000,     6, 0.0,24.4, 0.0
M3,15/07/22,11:25:33,     1,  9201,   417, 1022.7, 300, 0.0, 0.0, 0.0,  0, 0.0000,     5, 0.0,24.4, 0.0
M3,15/07/22,11:25:34,     1,  9202,   417, 1022.7, 300, 0.0, 0.0, 0.0,  0, 0.0000,     5, 0.0,24.4, 0.0
M3,15/07/22,11:25:35,     1,  9203,   417, 1022.7, 300, 0.0, 0.0, 0.0,  0, 0.0000,     5, 0.0,24.4, 0.0
M3,15/07/22,11:25:37,     1,  9204,   417, 1022.7, 300, 0.0, 0.0, 0.0,  0, 0.0000,     6, 0.0,24.4, 0.0
M3,15/07/22,11:25:38,     1,  9205,   417, 1022.7, 300, 0.0, 0.0, 0.0,  0, 0.0000,     6, 0.0,24.4, 0.0
M3,15/07/22,11:25:39,     1,  9206,   417, 1022.7, 300, 0.0, 0.0, 0.0,  0, 0.0000,     6, 0.0,24.4, 0.0
M3,15/07/22,11:25:40,     1,  9207,   417, 1022.7, 300, 0.0, 0.0, 0.0,  0, 0.0000,     5, 0.0,24.4, 0.0
M3,15/07/22,11:25:41,     1,  9208,   418, 1022.7, 300, 0.0, 0.0, 0.0,  0, 0.0000,     6, 0.0,24.4, 0.0
M3,15/07/22,11:25:42,     1,  9209,   418, 1022.7, 300, 0.0, 0.0, 0.0,  0, 0.0000,     6, 0.0,24.4, 0.0
M3,15/07/22,11:25:43,     1,  9210,   418, 1022.7, 300, 0.0, 0.0, 0.0,  0, 0.0000,     6, 0.0,24.4, 0.0
M3,15/07/22,11:25:44,     1,  9211,   418, 1022.7, 300, 0.0, 0.0, 0.0,  0, 0.0000,     5, 0.0,24.4, 0.0
M3,15/07/22,11:25:45,     1,  9212,   418, 1022.7, 300, 0.0, 0.0, 0.0,  0, 0.0000,     5, 0.0,24.3, 0.0
M3,15/07/22,11:25:46,     1,  9213,   418, 1022.7, 300, 0.0, 0.0, 0.0,  0, 0.0000,     4, 0.0,24.3, 0.0
M3,15/07/22,11:25:47,     1,  9214,   418, 1022.7, 300, 0.0, 0.0, 0.0,  0, 0.0000,     4, 0.0,24.3, 0.0
M3,15/07/22,11:25:48,     1,  9215,   418, 1022.7, 300, 0.0, 0.0, 0.0,  0, 0.0000,     3, 0.0,24.3, 0.0
M3,15/07/22,11:25:49,     1,  9216,   418, 1022.7, 300, 0.0, 0.0, 0.0,  0, 0.0000,     3, 0.0,24.3, 0.0
M3,15/07/22,11:25:50,     1,  9217,   418, 1022.7, 300, 0.0, 0.0, 0.0,  0, 0.0000,     4, 0.0,24.3, 0.0
M3,15/07/22,11:25:51,     1,  9218,   418, 1022.7, 300, 0.0, 0.0, 0.0,  0, 0.0000,     4, 0.0,24.3, 0.0
M3,15/07/22,11:25:52,     1,  9219,   419, 1022.7, 300, 0.0, 0.0, 0.0,  0, 0.0000,     4, 0.0,24.3, 0.0
M3,15/07/22,11:25:53,     1,  9220,   419, 1022.7, 300, 0.0, 0.0, 0.0,  0, 0.0000,     4, 0.0,24.3, 0.0
M3,15/07/22,11:25:54,     1,  9221,   419, 1022.7, 300, 0.0, 0.0, 0.0,  0, 0.0000,     5, 0.0,24.3, 0.0
M3,15/07/22,11:25:55,     1,  9222,   419, 1022.7, 300, 0.0, 0.0, 0.0,  0, 0.0000,     5, 0.0,24.3, 0.0
M3,15/07/22,11:25:56,     1,  9223,   419, 1022.7, 300, 0.0, 0.0, 0.0,  0, 0.0000,     5, 0.0,24.3, 0.0
M3,15/07/22,11:25:57,     1,  9224,   419, 1022.7, 300, 0.0, 0.0, 0.0,  0, 0.0000,     5, 0.0,24.3, 0.0
M3,15/07/22,11:25:58,     1,  9225,   419, 1022.7, 300, 0.0, 0.0, 0.0,  0, 0.0000,     5, 0.0,24.3, 0.0
M3,15/07/22,11:25:59,     1,  9226,   419, 1022.7, 300, 0.0, 0.0, 0.0,  0, 0.0000,     4, 0.0,24.3, 0.0
M3,15/07/22,11:26:00,     1,  9227,   420, 1022.7, 300, 0.0, 0.0, 0.0,  0, 0.0000,     4, 0.0,24.3, 0.0
M3,15/07/22,11:26:01,     1,  9228,   420, 1022.7, 300, 0.0, 0.0, 0.0,  0, 0.0000,     3, 0.0,24.3, 0.0
M3,15/07/22,11:26:02,     1,  9229,   419, 1022.7, 300, 0.0, 0.0, 0.0,  0, 0.0000,     3, 0.0,24.3, 0.0
M3,15/07/22,11:26:03,     1,  9230,   419, 1022.7, 300, 0.0, 0.0, 0.0,  0, 0.0000,     3, 0.0,24.3, 0.0
M3,15/07/22,11:26:04,     1,  9231,   419, 1022.7, 300, 0.0, 0.0, 0.0,  0, 0.0000,     3, 0.0,24.3, 0.0
M3,15/07/22,11:26:05,     1,  9232,   419, 1022.7, 300, 0.0, 0.0, 0.0,  0, 0.0000,     3, 0.0,24.2, 0.0
M3,15/07/22,11:26:06,     1,  9233,   419, 1022.7, 300, 0.0, 0.0, 0.0,  0, 0.0000,     3, 0.0,24.2, 0.0
M3,15/07/22,11:26:07,     1,  9234,   420, 1022.7, 300, 0.0, 0.0, 0.0,  0, 0.0000,     3, 0.0,24.2, 0.0
M3,15/07/22,11:26:08,     1,  9235,   420, 1022.7, 300, 0.0, 0.0, 0.0,  0, 0.0000,     4, 0.0,24.2, 0.0
M3,15/07/22,11:26:09,     1,  9236,   420, 1022.7, 300, 0.0, 0.0, 0.0,  0, 0.0000,     5, 0.0,24.2, 0.0
M3,15/07/22,11:26:10,     1,  9237,   420, 1022.7, 300, 0.0, 0.0, 0.0,  0, 0.0000,     5, 0.0,24.2, 0.0
M3,15/07/22,11:26:11,     1,  9238,   420, 1022.7, 300, 0.0, 0.0, 0.0,  0, 0.0000,     6, 0.0,24.2, 0.0
M3,15/07/22,11:26:12,     1,  9239,   420, 1022.7, 300, 0.0, 0.0, 0.0,  0, 0.0000,     5, 0.0,24.2, 0.0
Zero
M3,15/07/22,11:26:39,     1,  9266,   418, 1022.7, 300, 0.0, 0.0, 0.0,  0, 0.0000,     6, 0.0,24.1, 0.0
M3,15/07/22,11:26:40,     1,  9267,   420, 1022.7, 300, 0.0, 0.0, 0.0,  0, 0.0000,     5, 0.0,24.1, 0.0
M3,15/07/22,11:26:41,     1,  9268,   421, 1022.7, 300, 0.0, 0.0, 0.0,  0, 0.0000,     6, 0.0,24.1, 0.0
M3,15/07/22,11:26:42,     1,  9269,   422, 1022.7, 300, 0.0, 0.0, 0.0,  0, 0.0000,     6, 0.0,24.1, 0.0
M3,15/07/22,11:26:43,     1,  9270,   423, 1022.7, 300, 0.0, 0.0, 0.0,  0, 0.0000,     5, 0.0,24.1, 0.0
M3,15/07/22,11:26:44,     1,  9271,   423, 1022.7, 300, 0.0, 0.0, 0.0,  0, 0.0000,     6, 0.0,24.1, 0.0
M3,15/07/22,11:26:45,     1,  9272,   423, 1022.7, 300, 0.0, 0.0, 0.0,  0, 0.0000,     6, 0.0,24.1, 0.0
M3,15/07/22,11:26:46,     1,  9273,   423, 1022.7, 300, 0.0, 0.0, 0.0,  0, 0.0000,     6, 0.0,24.1, 0.0
M3,15/07/22,11:26:47,     1,  9274,   423, 1022.7, 300, 0.0, 0.0, 0.0,  0, 0.0000,     6, 0.0,24.1, 0.0
M3,15/07/22,11:26:48,     1,  9275,   423, 1022.7, 300, 0.0, 0.0, 0.0,  0, 0.0000,     6, 0.0,24.1, 0.0
M3,15/07/22,11:26:49,     1,  9276,   423, 1022.7, 300, 0.0, 0.0, 0.0,  0, 0.0000,     6, 0.0,24.1, 0.0
M3,15/07/22,11:26:50,     1,  9277,   423, 1022.7, 300, 0.0, 0.0, 0.0,  0, 0.0000,     6, 0.0,24.1, 0.0
M3,15/07/22,11:26:51,     1,  9278,   423, 1022.7, 300, 0.0, 0.0, 0.0,  0, 0.0000,     6, 0.0,24.1, 0.0
M3,15/07/22,11:26:52,     1,  9279,   424, 1022.7, 300, 0.0, 0.0, 0.0,  0, 0.0000,     6, 0.0,24.0, 0.0
M3,15/07/22,11:26:53,     1,  9280,   424, 1022.7, 300, 0.0, 0.0, 0.0,  0, 0.0000,     6, 0.0,24.0, 0.0
M3,15/07/22,11:26:54,     1,  9281,   424, 1022.7, 300, 0.0, 0.0, 0.0,  0, 0.0000,     6, 0.0,24.0, 0.0
M3,15/07/22,11:26:55,     1,  9282,   423, 1022.7, 300, 0.0, 0.0, 0.0,  0, 0.0000,     6, 0.0,24.0, 0.0
M3,15/07/22,11:26:56,     1,  9283,   423, 1022.7, 300, 0.0, 0.0, 0.0,  0, 0.0000,     5, 0.0,24.0, 0.0
M3,15/07/22,11:26:57,     1,  9284,   424, 1022.7, 300, 0.0, 0.0, 0.0,  0, 0.0000,     5, 0.0,24.0, 0.0
M3,15/07/22,11:26:58,     1,  9285,   424, 1022.7, 300, 0.0, 0.0, 0.0,  0, 0.0000,     6, 0.0,24.0, 0.0
M3,15/07/22,11:26:59,     1,  9286,   424, 1022.7, 300, 0.0, 0.0, 0.0,  0, 0.0000,     5, 0.0,24.0, 0.0
M3,15/07/22,11:27:00,     1,  9287,   424, 1022.7, 300, 0.0, 0.0, 0.0,  0, 0.0000,     5, 0.0,24.0, 0.0
M3,15/07/22,11:27:01,     1,  9288,   424, 1022.7, 300, 0.0, 0.0, 0.0,  0, 0.0000,     4, 0.0,24.0, 0.0
M3,15/07/22,11:27:02,     1,  9289,   424, 1022.7, 300, 0.0, 0.0, 0.0,  0, 0.0000,     3, 0.0,24.0, 0.0
M3,15/07/22,11:27:03,     1,  9290,   424, 1022.7, 300, 0.0, 0.0, 0.0,  0, 0.0000,     3, 0.0,24.0, 0.0
M3,15/07/22,11:27:04,     1,  9291,   424, 1022.7, 300, 0.0, 0.0, 0.0,  0, 0.0000,     3, 0.0,24.0, 0.0
M3,15/07/22,11:27:05,     1,  9292,   424, 1022.7, 300, 0.0, 0.0, 0.0,  0, 0.0000,     2, 0.0,24.0, 0.0
M3,15/07/22,11:27:06,     1,  9293,   424, 1022.7, 300, 0.0, 0.0, 0.0,  0, 0.0000,     2, 0.0,24.0, 0.0
M3,15/07/22,11:27:07,     1,  9294,   425, 1022.7, 300, 0.0, 0.0, 0.0,  0, 0.0000,     2, 0.0,24.0, 0.0
M3,15/07/22,11:27:08,     1,  9295,   425, 1022.7, 300, 0.0, 0.0, 0.0,  0, 0.0000,     3, 0.0,24.0, 0.0
M3,15/07/22,11:27:09,     1,  9296,   425, 1022.7, 300, 0.0, 0.0, 0.0,  0, 0.0000,     3, 0.0,24.0, 0.0
M3,15/07/22,11:27:10,     1,  9297,   425, 1022.7, 300, 0.0, 0.0, 0.0,  0, 0.0000,     4, 0.0,24.0, 0.0
M3,15/07/22,11:27:11,     1,  9298,   425, 1022.7, 300, 0.0, 0.0, 0.0,  0, 0.0000,     4, 0.0,24.0, 0.0
M3,15/07/22,11:27:12,     1,  9299,   425, 1022.7, 300, 0.0, 0.0, 0.0,  0, 0.0000,     3, 0.0,24.0, 0.0
M3,15/07/22,11:27:13,     1,  9300,   425, 1022.7, 300, 0.0, 0.0, 0.0,  0, 0.0000,     3, 0.0,24.0, 0.0
M3,15/07/22,11:27:14,     1,  9301,   425, 1022.7, 300, 0.0, 0.0, 0.0,  0, 0.0000,     2, 0.0,24.0, 0.0
M3,15/07/22,11:27:15,     1,  9302,   425, 1022.7, 300, 0.0, 0.0, 0.0,  0, 0.0000,     2, 0.0,24.0, 0.0
M3,15/07/22,11:27:16,     1,  9303,   425, 1022.7, 300, 0.0, 0.0, 0.0,  0, 0.0000,     2, 0.0,24.0, 0.0
M3,15/07/22,11:27:17,     1,  9304,   425, 1022.7, 300, 0.0, 0.0, 0.0,  0, 0.0000,     2, 0.0,23.9, 0.0
M3,15/07/22,11:27:18,     1,  9305,   425, 1022.7, 300, 0.0, 0.0, 0.0,  0, 0.0000,     2, 0.0,23.9, 0.0
M3,15/07/22,11:27:19,     1,  9306,   425, 1022.7, 300, 0.0, 0.0, 0.0,  0, 0.0000,     2, 0.0,23.9, 0.0
M3,15/07/22,11:27:20,     1,  9307,   425, 1022.7, 300, 0.0, 0.0, 0.0,  0, 0.0000,     2, 0.0,23.9, 0.0
M3,15/07/22,11:27:21,     1,  9308,   425, 1022.7, 300, 0.0, 0.0, 0.0,  0, 0.0000,     2, 0.0,23.9, 0.0
M3,15/07/22,11:27:22,     1,  9309,   425, 1022.7, 300, 0.0, 0.0, 0.0,  0, 0.0000,     2, 0.0,23.9, 0.0
M3,15/07/22,11:27:23,     1,  9310,   425, 1022.7, 300, 0.0, 0.0, 0.0,  0, 0.0000,     2, 0.0,23.9, 0.0
M3,15/07/22,11:27:24,     1,  9311,   425, 1022.7, 300, 0.0, 0.0, 0.0,  0, 0.0000,     2, 0.0,23.9, 0.0
M3,15/07/22,11:27:25,     1,  9312,   425, 1022.7, 300, 0.0, 0.0, 0.0,  0, 0.0000,     2, 0.0,23.9, 0.0
M3,15/07/22,11:27:26,     1,  9313,   426, 1022.7, 300, 0.0, 0.0, 0.0,  0, 0.0000,     2, 0.0,23.9, 0.0
M3,15/07/22,11:27:27,     1,  9314,   426, 1022.7, 300, 0.0, 0.0, 0.0,  0, 0.0000,     2, 0.0,23.9, 0.0
M3,15/07/22,11:27:28,     1,  9315,   426, 1022.7, 300, 0.0, 0.0, 0.0,  0, 0.0000,     2, 0.0,23.9, 0.0
M3,15/07/22,11:27:29,     1,  9316,   426, 1022.7, 300, 0.0, 0.0, 0.0,  0, 0.0000,     2, 0.0,23.9, 0.0
M3,15/07/22,11:27:30,     1,  9317,   426, 1022.7, 300, 0.0, 0.0, 0.0,  0, 0.0000,     2, 0.0,23.9, 0.0
M3,15/07/22,11:27:31,     1,  9318,   426, 1022.7, 300, 0.0, 0.0, 0.0,  0, 0.0000,     2, 0.0,23.9, 0.0
M3,15/07/22,11:27:32,     1,  9319,   426, 1022.7, 300, 0.0, 0.0, 0.0,  0, 0.0000,     2, 0.0,23.9, 0.0
M3,15/07/22,11:27:33,     1,  9320,   426, 1022.7, 300, 0.0, 0.0, 0.0,  0, 0.0000,     2, 0.0,23.9, 0.0
M3,15/07/22,11:27:34,     1,  9321,   426, 1022.7, 300, 0.0, 0.0, 0.0,  0, 0.0000,     2, 0.0,23.9, 0.0
M3,15/07/22,11:27:35,     1,  9322,   426, 1022.7, 300, 0.0, 0.0, 0.0,  0, 0.0000,     2, 0.0,23.9, 0.0
M3,15/07/22,11:27:36,     1,  9323,   427, 1022.7, 300, 0.0, 0.0, 0.0,  0, 0.0000,     2, 0.0,23.9, 0.0
M3,15/07/22,11:27:37,     1,  9324,   427, 1022.7, 300, 0.0, 0.0, 0.0,  0, 0.0000,     2, 0.0,23.9, 0.0
M3,15/07/22,11:27:38,     1,  9325,   427, 1022.7, 300, 0.0, 0.0, 0.0,  0, 0.0000,     2, 0.0,23.9, 0.0
M3,15/07/22,11:27:39,     1,  9326,   427, 1022.7, 300, 0.0, 0.0, 0.0,  0, 0.0000,     2, 0.0,23.9, 0.0
M3,15/07/22,11:27:40,     1,  9327,   427, 1022.7, 300, 0.0, 0.0, 0.0,  0, 0.0000,     2, 0.0,23.9, 0.0
M3,15/07/22,11:27:41,     1,  9328,   427, 1022.7, 300, 0.0, 0.0, 0.0,  0, 0.0000,     2, 0.0,23.9, 0.0
M3,15/07/22,11:27:42,     1,  9329,   427, 1022.7, 300, 0.0, 0.0, 0.0,  0, 0.0000,     2, 0.0,23.9, 0.0
M3,15/07/22,11:27:43,     1,  9330,   427, 1022.7, 300, 0.0, 0.0, 0.0,  0, 0.0000,     2, 0.0,23.9, 0.0
M3,15/07/22,11:27:44,     1,  9331,   427, 1022.7, 300, 0.0, 0.0, 0.0,  0, 0.0000,     2, 0.0,23.9, 0.0
M3,15/07/22,11:27:45,     1,  9332,   427, 1022.7, 300, 0.0, 0.0, 0.0,  0, 0.0000,     2, 0.0,23.9, 0.0
M3,15/07/22,11:27:46,     1,  9333,   427, 1022.7, 300, 0.0, 0.0, 0.0,  0, 0.0000,     2, 0.0,23.8, 0.0
M3,15/07/22,11:27:47,     1,  9334,   428, 1022.7, 300, 0.0, 0.0, 0.0,  0, 0.0000,     2, 0.0,23.8, 0.0
M3,15/07/22,11:27:48,     1,  9335,   428, 1022.7, 300, 0.0, 0.0, 0.0,  0, 0.0000,     2, 0.0,23.8, 0.0
M3,15/07/22,11:27:49,     1,  9336,   428, 1022.7, 300, 0.0, 0.0, 0.0,  0, 0.0000,     2, 0.0,23.8, 0.0
M3,15/07/22,11:27:50,     1,  9337,   428, 1022.7, 300, 0.0, 0.0, 0.0,  0, 0.0000,     2, 0.0,23.8, 0.0
M3,15/07/22,11:27:51,     1,  9338,   428, 1022.7, 300, 0.0, 0.0, 0.0,  0, 0.0000,     2, 0.0,23.8, 0.0
M3,15/07/22,11:27:52,     1,  9339,   428, 1022.7, 300, 0.0, 0.0, 0.0,  0, 0.0000,     2, 0.0,23.8, 0.0
M3,15/07/22,11:27:53,     1,  9340,   428, 1022.7, 300, 0.0, 0.0, 0.0,  0, 0.0000,     2, 0.0,23.8, 0.0
M3,15/07/22,11:27:54,     1,  9341,   428, 1022.7, 300, 0.0, 0.0, 0.0,  0, 0.0000,     2, 0.0,23.8, 0.0
M3,15/07/22,11:27:55,     1,  9342,   428, 1022.7, 300, 0.0, 0.0, 0.0,  0, 0.0000,     2, 0.0,23.8, 0.0
M3,15/07/22,11:27:56,     1,  9343,   428, 1022.7, 300, 0.0, 0.0, 0.0,  0, 0.0000,     2, 0.0,23.8, 0.0
M3,15/07/22,11:27:57,     1,  9344,   428, 1022.7, 300, 0.0, 0.0, 0.0,  0, 0.0000,     2, 0.0,23.8, 0.0
M3,15/07/22,11:27:58,     1,  9345,   428, 1022.7, 300, 0.0, 0.0, 0.0,  0, 0.0000,     2, 0.0,23.8, 0.0
M3,15/07/22,11:27:59,     1,  9346,   428, 1022.7, 300, 0.0, 0.0, 0.0,  0, 0.0000,     2, 0.0,23.8, 0.0
M3,15/07/22,11:28:00,     1,  9347,   428, 1022.7, 300, 0.0, 0.0, 0.0,  0, 0.0000,     2, 0.0,23.8, 0.0
M3,15/07/22,11:28:01,     1,  9348,   428, 1022.7, 300, 0.0, 0.0, 0.0,  0, 0.0000,    46, 0.0,23.8, 0.0
M3,15/07/22,11:28:03,     1,  9349,   428, 1022.7, 299, 0.0, 0.0, 0.0,  0, 0.0000,   182, 0.0,23.8, 0.0
M3,15/07/22,11:28:04,     1,  9350,   428, 1022.7, 300, 0.0, 0.0, 0.0,  0, 0.0000,   444, 0.0,23.8, 0.0
M3,15/07/22,11:28:05,     1,  9351,   428, 1022.7, 300, 0.0, 0.0, 0.0,  0, 0.0000,   466, 0.0,23.8, 0.0
M3,15/07/22,11:28:06,     1,  9352,   428, 1022.7, 300, 0.0, 0.0, 0.0,  0, 0.0000,   457, 0.0,23.8, 0.0
M3,15/07/22,11:28:07,     1,  9353,   428, 1022.7, 300, 0.0, 0.0, 0.0,  0, 0.0000,   440, 0.0,23.8, 0.0
M3,15/07/22,11:28:08,     1,  9354,   428, 1022.7, 301, 0.0, 0.0, 0.0,  0, 0.0000,   422, 0.0,23.8, 0.0
M3,15/07/22,11:28:09,     1,  9355,   429, 1022.7, 300, 0.0, 0.0, 0.0,  0, 0.0000,   416, 0.0,23.8, 0.0
M3,15/07/22,11:28:10,     1,  9356,   429, 1022.7, 300, 0.0, 0.0, 0.0,  0, 0.0000,   416, 0.0,23.8, 0.0
M3,15/07/22,11:28:11,     1,  9357,   430, 1022.7, 301, 0.0, 0.0, 0.0,  0, 0.0000,   410, 0.0,23.8, 0.0
M3,15/07/22,11:28:12,     1,  9358,   430, 1022.6, 300, 0.0, 0.0, 0.0,  0, 0.0000,   397, 0.0,23.8, 0.0
M3,15/07/22,11:28:13,     1,  9359,   430, 1022.6, 301, 0.0, 0.0, 0.0,  0, 0.0000,   315, 0.0,23.3, 0.0
M3,15/07/22,11:28:14,     1,  9360,   430, 1022.6, 302, 0.0, 0.0, 0.0,  0, 0.0000,   377, 0.0,22.8, 0.0
M3,15/07/22,11:28:15,     1,  9361,   430, 1022.6, 299, 0.0, 0.0, 0.0,  0, 0.0000,   253, 0.0,22.2, 0.0
M3,15/07/22,11:28:16,     1,  9362,   428, 1022.6, 297, 0.0, 0.0, 0.0,  0, 0.0000,   253, 0.0,22.1, 0.0
M3,15/07/22,11:28:17,     1,  9363,   424, 1022.6, 300, 0.0, 0.0, 0.0,  0, 0.0000,   183, 0.0,22.2, 0.0
M3,15/07/22,11:28:18,     1,  9364,   421, 1022.6, 300, 0.0, 0.0, 0.0,  0, 0.0000,    55, 0.0,22.2, 0.0
M3,15/07/22,11:28:19,     1,  9365,   419, 1022.6, 300, 0.0, 0.0, 0.0,  0, 0.0000,    72, 0.0,22.2, 0.0
M3,15/07/22,11:28:20,     1,  9366,   418, 1022.6, 300, 0.0, 0.0, 0.0,  0, 0.0000,    33, 0.0,22.3, 0.0
M3,15/07/22,11:28:21,     1,  9367,   418, 1022.5, 300, 0.0, 0.0, 0.0,  0, 0.0000,    69, 0.0,22.3, 0.0
M3,15/07/22,11:28:22,     1,  9368,   418, 1022.5, 300, 0.0, 0.0, 0.0,  0, 0.0000,   109, 0.0,22.3, 0.0
M3,15/07/22,11:28:23,     1,  9369,   418, 1022.5, 300, 0.0, 0.0, 0.0,  0, 0.0000,   160, 0.0,22.2, 0.0
M3,15/07/22,11:28:24,     1,  9370,   423, 1022.5, 301, 0.0, 0.0, 0.0,  0, 0.0000,   233, 0.0,22.2, 0.0
M3,15/07/22,11:28:25,     1,  9371,   431, 1022.5, 299, 0.0, 0.0, 0.0,  0, 0.0000,   243, 0.0,22.0, 0.0
M3,15/07/22,11:28:26,     1,  9372,   430, 1022.5, 300, 0.0, 0.0, 0.0,  0, 0.0000,   193, 0.0,22.1, 0.0
M3,15/07/22,11:28:27,     1,  9373,   425, 1022.5, 300, 0.0, 0.0, 0.0,  0, 0.0000,   196, 0.0,22.2, 0.0
M3,15/07/22,11:28:28,     1,  9374,   421, 1022.5, 299, 0.0, 0.0, 0.0,  0, 0.0000,   258, 0.0,22.2, 0.0
M3,15/07/22,11:28:29,     1,  9375,   419, 1022.4, 298, 0.0, 0.0, 0.0,  0, 0.0000,   277, 0.0,22.2, 0.0
M3,15/07/22,11:28:30,     1,  9376,   418, 1022.4, 299, 0.0, 0.0, 0.0,  0, 0.0000,   322, 0.0,22.1, 0.0
M3,15/07/22,11:28:31,     1,  9377,   418, 1022.4, 301, 0.0, 0.0, 0.0,  0, 0.0000,   297, 0.0,22.0, 0.0
M3,15/07/22,11:28:32,     1,  9378,   417, 1022.4, 303, 0.0, 0.0, 0.0,  0, 0.0000,   307, 0.0,22.0, 0.0
M3,15/07/22,11:28:33,     1,  9379,   417, 1022.4, 302, 0.0, 0.0, 0.0,  0, 0.0000,   296, 0.0,21.9, 0.0
M3,15/07/22,11:28:34,     1,  9380,   418, 1022.4, 300, 0.0, 0.0, 0.0,  0, 0.0000,   312, 0.0,21.9, 0.0
M3,15/07/22,11:28:35,     1,  9381,   418, 1022.4, 301, 0.0, 0.0, 0.0,  0, 0.0000,   298, 0.0,21.8, 0.0
M3,15/07/22,11:28:36,     1,  9382,   418, 1022.4, 300, 0.0, 0.0, 0.0,  0, 0.0000,   306, 0.0,21.6, 0.0
M3,15/07/22,11:28:37,     1,  9383,   418, 1022.5, 299, 0.0, 0.0, 0.0,  0, 0.0000,   327, 0.0,21.6, 0.0
M3,15/07/22,11:28:38,     1,  9384,   418, 1022.5, 299, 0.0, 0.0, 0.0,  0, 0.0000,   303, 0.0,21.5, 0.0
M3,15/07/22,11:28:39,     1,  9385,   418, 1022.5, 300, 0.0, 0.0, 0.0,  0, 0.0000,   313, 0.0,21.1, 0.0
M3,15/07/22,11:28:40,     1,  9386,   418, 1022.5, 300, 0.0, 0.0, 0.0,  0, 0.0000,   214, 0.0,20.9, 0.0
M3,15/07/22,11:28:41,     1,  9387,   418, 1022.6, 299, 0.0, 0.0, 0.0,  0, 0.0000,   174, 0.0,20.7, 0.0
M3,15/07/22,11:28:42,     1,  9388,   417, 1022.6, 300, 0.0, 0.0, 0.0,  0, 0.0000,   105, 0.0,20.5, 0.0
M3,15/07/22,11:28:43,     1,  9389,   417, 1022.6, 301, 0.0, 0.0, 0.0,  0, 0.0000,   415, 0.0,20.5, 0.0
M3,15/07/22,11:28:44,     1,  9390,   418, 1022.6, 299, 0.0, 0.0, 0.0,  0, 0.0000,   385, 0.0,20.6, 0.0
M3,15/07/22,11:28:45,     1,  9391,   418, 1022.6, 298, 0.0, 0.0, 0.0,  0, 0.0000,   296, 0.0,20.7, 0.0
M3,15/07/22,11:28:46,     1,  9392,   417, 1022.6, 299, 0.0, 0.0, 0.0,  0, 0.0000,   343, 0.0,20.9, 0.0
M3,15/07/22,11:28:47,     1,  9393,   417, 1022.6, 300, 0.0, 0.0, 0.0,  0, 0.0000,   354, 0.0,21.0, 0.0
M3,15/07/22,11:28:48,     1,  9394,   417, 1022.6, 300, 0.0, 0.0, 0.0,  0, 0.0000,   347, 0.0,21.1, 0.0
M3,15/07/22,11:28:49,     1,  9395,   417, 1022.6, 300, 0.0, 0.0, 0.0,  0, 0.0000,   147, 0.0,21.1, 0.0
M3,15/07/22,11:28:50,     1,  9396,   416, 1022.6, 299, 0.0, 0.0, 0.0,  0, 0.0000,   314, 0.0,21.2, 0.0
M3,15/07/22,11:28:51,     1,  9397,   416, 1022.6, 301, 0.0, 0.0, 0.0,  0, 0.0000,   301, 0.0,21.3, 0.0
M3,15/07/22,11:28:52,     1,  9398,   416, 1022.6, 304, 0.0, 0.0, 0.0,  0, 0.0000,   106, 0.0,21.3, 0.0
M3,15/07/22,11:28:53,     1,  9399,   417, 1022.6, 301, 0.0, 0.0, 0.0,  0, 0.0000,   270, 0.0,21.4, 0.0
M3,15/07/22,11:28:54,     1,  9400,   417, 1022.7, 300, 0.0, 0.0, 0.0,  0, 0.0000,   348, 0.0,21.4, 0.0
M3,15/07/22,11:28:55,     1,  9401,   417, 1022.7, 300, 0.0, 0.0, 0.0,  0, 0.0000,   340, 0.0,21.5, 0.0
M3,15/07/22,11:28:56,     1,  9402,   417, 1022.7, 300, 0.0, 0.0, 0.0,  0, 0.0000,   462, 0.0,21.5, 0.0
M3,15/07/22,11:28:57,     1,  9403,   417, 1022.7, 300, 0.0, 0.0, 0.0,  0, 0.0000,   503, 0.0,21.6, 0.0
M3,15/07/22,11:28:58,     1,  9404,   418, 1022.7, 300, 0.0, 0.0, 0.0,  0, 0.0000,   497, 0.0,21.6, 0.0
M3,15/07/22,11:28:59,     1,  9405,   418, 1022.7, 300, 0.0, 0.0, 0.0,  0, 0.0000,   495, 0.0,21.7, 0.0
M3,15/07/22,11:29:00,     1,  9406,   417, 1022.7, 300, 0.0, 0.0, 0.0,  0, 0.0000,   496, 0.0,21.7, 0.0
M3,15/07/22,11:29:01,     1,  9407,   417, 1022.7, 300, 0.0, 0.0, 0.0,  0, 0.0000,   496, 0.0,21.8, 0.0
M3,15/07/22,11:29:02,     1,  9408,   417, 1022.7, 300, 0.0, 0.0, 0.0,  0, 0.0000,   490, 0.0,21.8, 0.0
M3,15/07/22,11:29:03,     1,  9409,   417, 1022.7, 300, 0.0, 0.0, 0.0,  0, 0.0000,   478, 0.0,21.9, 0.0
M3,15/07/22,11:29:04,     1,  9410,   417, 1022.7, 300, 0.0, 0.0, 0.0,  0, 0.0000,   454, 0.0,21.9, 0.0
M3,15/07/22,11:29:05,     1,  9411,   417, 1022.7, 300, 0.0, 0.0, 0.0,  0, 0.0000,   453, 0.0,21.9, 0.0
M3,15/07/22,11:29:06,     1,  9412,   417, 1022.7, 300, 0.0, 0.0, 0.0,  0, 0.0000,   455, 0.0,21.9, 0.0
M3,15/07/22,11:29:07,     1,  9413,   417, 1022.7, 300, 0.0, 0.0, 0.0,  0, 0.0000,   448, 0.0,21.9, 0.0
M3,15/07/22,11:29:08,     1,  9414,   417, 1022.7, 300, 0.0, 0.0, 0.0,  0, 0.0000,   445, 0.0,21.9, 0.0
M3,15/07/22,11:29:09,     1,  9415,   417, 1022.7, 300, 0.0, 0.0, 0.0,  0, 0.0000,   444, 0.0,21.9, 0.0
M3,15/07/22,11:29:10,     1,  9416,   417, 1022.7, 300, 0.0, 0.0, 0.0,  0, 0.0000,   445, 0.0,21.9, 0.0
M3,15/07/22,11:29:11,     1,  9417,   417, 1022.7, 300, 0.0, 0.0, 0.0,  0, 0.0000,   444, 0.0,21.9, 0.0
M3,15/07/22,11:29:12,     1,  9418,   417, 1022.7, 300, 0.0, 0.0, 0.0,  0, 0.0000,   444, 0.0,21.8, 0.0
M3,15/07/22,11:29:13,     1,  9419,   417, 1022.7, 300, 0.0, 0.0, 0.0,  0, 0.0000,   450, 0.0,21.8, 0.0
M3,15/07/22,11:29:14,     1,  9420,   417, 1022.7, 300, 0.0, 0.0, 0.0,  0, 0.0000,   458, 0.0,21.8, 0.0
M3,15/07/22,11:29:15,     1,  9421,   417, 1022.7, 300, 0.0, 0.0, 0.0,  0, 0.0000,   457, 0.0,21.8, 0.0
M3,15/07/22,11:29:16,     1,  9422,   417, 1022.7, 300, 0.0, 0.0, 0.0,  0, 0.0000,   458, 0.0,21.8, 0.0
M3,15/07/22,11:29:17,     1,  9423,   417, 1022.7, 300, 0.0, 0.0, 0.0,  0, 0.0000,   458, 0.0,21.8, 0.0
M3,15/07/22,11:29:18,     1,  9424,   417, 1022.7, 300, 0.0, 0.0, 0.0,  0, 0.0000,   458, 0.0,21.9, 0.0
M3,15/07/22,11:29:19,     1,  9425,   417, 1022.7, 300, 0.0, 0.0, 0.0,  0, 0.0000,   459, 0.0,21.9, 0.0
M3,15/07/22,11:29:20,     1,  9426,   417, 1022.7, 300, 0.0, 0.0, 0.0,  0, 0.0000,   459, 0.0,21.9, 0.0
M3,15/07/22,11:29:21,     1,  9427,   417, 1022.7, 300, 0.0, 0.0, 0.0,  0, 0.0000,   459, 0.0,21.9, 0.0
M3,15/07/22,11:29:22,     1,  9428,   417, 1022.7, 300, 0.0, 0.0, 0.0,  0, 0.0000,   459, 0.0,21.9, 0.0
M3,15/07/22,11:29:23,     1,  9429,   417, 1022.7, 300, 0.0, 0.0, 0.0,  0, 0.0000,   459, 0.0,21.8, 0.0
M3,15/07/22,11:29:24,     1,  9430,   417, 1022.7, 300, 0.0, 0.0, 0.0,  0, 0.0000,   460, 0.0,21.8, 0.0
M3,15/07/22,11:29:25,     1,  9431,   417, 1022.7, 300, 0.0, 0.0, 0.0,  0, 0.0000,   460, 0.0,21.8, 0.0
M3,15/07/22,11:29:26,     1,  9432,   417, 1022.7, 301, 0.0, 0.0, 0.0,  0, 0.0000,   461, 0.0,21.9, 0.0
M3,15/07/22,11:29:27,     1,  9433,   417, 1022.7, 300, 0.0, 0.0, 0.0,  0, 0.0000,   461, 0.0,21.9, 0.0
M3,15/07/22,11:29:28,     1,  9434,   418, 1022.7, 300, 0.0, 0.0, 0.0,  0, 0.0000,   460, 0.0,21.9, 0.0
M3,15/07/22,11:29:29,     1,  9435,   418, 1022.7, 300, 0.0, 0.0, 0.0,  0, 0.0000,   461, 0.0,21.9, 0.0
M3,15/07/22,11:29:30,     1,  9436,   417, 1022.7, 300, 0.0, 0.0, 0.0,  0, 0.0000,   461, 0.0,21.9, 0.0
M3,15/07/22,11:29:31,     1,  9437,   417, 1022.7, 300, 0.0, 0.0, 0.0,  0, 0.0000,   462, 0.0,21.9, 0.0
M3,15/07/22,11:29:32,     1,  9438,   417, 1022.7, 300, 0.0, 0.0, 0.0,  0, 0.0000,   462, 0.0,21.9, 0.0
M3,15/07/22,11:29:33,     1,  9439,   417, 1022.7, 300, 0.0, 0.0, 0.0,  0, 0.0000,   461, 0.0,21.8, 0.0
M3,15/07/22,11:29:34,     1,  9440,   417, 1022.7, 300, 0.0, 0.0, 0.0,  0, 0.0000,   453, 0.0,21.8, 0.0
M3,15/07/22,11:29:35,     1,  9441,   417, 1022.7, 300, 0.0, 0.0, 0.0,  0, 0.0000,   448, 0.0,21.8, 0.0
M3,15/07/22,11:29:36,     1,  9442,   417, 1022.7, 300, 0.0, 0.0, 0.0,  0, 0.0000,   447, 0.0,21.8, 0.0
M3,15/07/22,11:29:37,     1,  9443,   417, 1022.7, 300, 0.0, 0.0, 0.0,  0, 0.0000,   448, 0.0,21.8, 0.0
M3,15/07/22,11:29:38,     1,  9444,   417, 1022.7, 300, 0.0, 0.0, 0.0,  0, 0.0000,   446, 0.0,21.8, 0.0
M3,15/07/22,11:29:39,     1,  9445,   417, 1022.7, 300, 0.0, 0.0, 0.0,  0, 0.0000,   446, 0.0,21.7, 0.0
M3,15/07/22,11:29:40,     1,  9446,   417, 1022.7, 300, 0.0, 0.0, 0.0,  0, 0.0000,   446, 0.0,21.7, 0.0
M3,15/07/22,11:29:41,     1,  9447,   417, 1022.7, 300, 0.0, 0.0, 0.0,  0, 0.0000,   446, 0.0,21.7, 0.0
M3,15/07/22,11:29:42,     1,  9448,   417, 1022.7, 300, 0.0, 0.0, 0.0,  0, 0.0000,   446, 0.0,21.7, 0.0
M3,15/07/22,11:29:43,     1,  9449,   417, 1022.7, 300, 0.0, 0.0, 0.0,  0, 0.0000,   446, 0.0,21.7, 0.0
M3,15/07/22,11:29:44,     1,  9450,   417, 1022.7, 300, 0.0, 0.0, 0.0,  0, 0.0000,   446, 0.0,21.8, 0.0
M3,15/07/22,11:29:45,     1,  9451,   417, 1022.7, 300, 0.0, 0.0, 0.0,  0, 0.0000,   446, 0.0,21.7, 0.0
M3,15/07/22,11:29:46,     1,  9452,   418, 1022.7, 300, 0.0, 0.0, 0.0,  0, 0.0000,   446, 0.0,21.7, 0.0
M3,15/07/22,11:29:47,     1,  9453,   418, 1022.7, 300, 0.0, 0.0, 0.0,  0, 0.0000,   447, 0.0,21.7, 0.0
M3,15/07/22,11:29:48,     1,  9454,   418, 1022.7, 300, 0.0, 0.0, 0.0,  0, 0.0000,   446, 0.0,21.7, 0.0
M3,15/07/22,11:29:49,     1,  9455,   418, 1022.7, 300, 0.0, 0.0, 0.0,  0, 0.0000,   446, 0.0,21.6, 0.0
M3,15/07/22,11:29:50,     1,  9456,   418, 1022.7, 300, 0.0, 0.0, 0.0,  0, 0.0000,   444, 0.0,21.6, 0.0
M3,15/07/22,11:29:51,     1,  9457,   418, 1022.7, 300, 0.0, 0.0, 0.0,  0, 0.0000,   437, 0.0,21.6, 0.0
M3,15/07/22,11:29:52,     1,  9458,   418, 1022.7, 300, 0.0, 0.0, 0.0,  0, 0.0000,   441, 0.0,21.6, 0.0
M3,15/07/22,11:29:53,     1,  9459,   418, 1022.7, 300, 0.0, 0.0, 0.0,  0, 0.0000,   424, 0.0,21.6, 0.0
M3,15/07/22,11:29:54,     1,  9460,   418, 1022.7, 300, 0.0, 0.0, 0.0,  0, 0.0000,   409, 0.0,21.6, 0.0
M3,15/07/22,11:29:55,     1,  9461,   418, 1022.7, 300, 0.0, 0.0, 0.0,  0, 0.0000,   401, 0.0,21.6, 0.0
M3,15/07/22,11:29:56,     1,  9462,   418, 1022.7, 300, 0.0, 0.0, 0.0,  0, 0.0000,   369, 0.0,21.6, 0.0
M3,15/07/22,11:29:57,     1,  9463,   419, 1022.7, 300, 0.0, 0.0, 0.0,  0, 0.0000,   401, 0.0,21.6, 0.0
M3,15/07/22,11:29:58,     1,  9464,   419, 1022.7, 299, 0.0, 0.0, 0.0,  0, 0.0000,   468, 0.0,21.5, 0.0
M3,15/07/22,11:29:59,     1,  9465,   419, 1022.7, 300, 0.0, 0.0, 0.0,  0, 0.0000,   471, 0.0,21.5, 0.0
M3,15/07/22,11:30:00,     1,  9466,   419, 1022.8, 300, 0.0, 0.0, 0.0,  0, 0.0000,   472, 0.0,21.6, 0.0
M3,15/07/22,11:30:01,     1,  9467,   419, 1022.8, 300, 0.0, 0.0, 0.0,  0, 0.0000,   473, 0.0,21.6, 0.0
M3,15/07/22,11:30:02,     1,  9468,   419, 1022.8, 300, 0.0, 0.0, 0.0,  0, 0.0000,   473, 0.0,21.6, 0.0
M3,15/07/22,11:30:03,     1,  9469,   419, 1022.8, 300, 0.0, 0.0, 0.0,  0, 0.0000,   474, 0.0,21.6, 0.0
M3,15/07/22,11:30:04,     1,  9470,   419, 1022.8, 300, 0.0, 0.0, 0.0,  0, 0.0000,   475, 0.0,21.6, 0.0
M3,15/07/22,11:30:05,     1,  9471,   419, 1022.8, 300, 0.0, 0.0, 0.0,  0, 0.0000,   476, 0.0,21.6, 0.0
M3,15/07/22,11:30:06,     1,  9472,   419, 1022.8, 300, 0.0, 0.0, 0.0,  0, 0.0000,   476, 0.0,21.6, 0.0
M3,15/07/22,11:30:07,     1,  9473,   419, 1022.8, 300, 0.0, 0.0, 0.0,  0, 0.0000,   477, 0.0,21.6, 0.0
M3,15/07/22,11:30:08,     1,  9474,   419, 1022.8, 300, 0.0, 0.0, 0.0,  0, 0.0000,   478, 0.0,21.6, 0.0
M3,15/07/22,11:30:09,     1,  9475,   419, 1022.8, 300, 0.0, 0.0, 0.0,  0, 0.0000,   480, 0.0,21.6, 0.0
M3,15/07/22,11:30:10,     1,  9476,   419, 1022.8, 300, 0.0, 0.0, 0.0,  0, 0.0000,   481, 0.0,21.7, 0.0
M3,15/07/22,11:30:11,     1,  9477,   419, 1022.8, 300, 0.0, 0.0, 0.0,  0, 0.0000,   484, 0.0,21.7, 0.0
M3,15/07/22,11:30:12,     1,  9478,   419, 1022.8, 300, 0.0, 0.0, 0.0,  0, 0.0000,   487, 0.0,21.6, 0.0
M3,15/07/22,11:30:13,     1,  9479,   419, 1022.8, 300, 0.0, 0.0, 0.0,  0, 0.0000,   492, 0.0,21.7, 0.0
M3,15/07/22,11:30:14,     1,  9480,   419, 1022.8, 300, 0.0, 0.0, 0.0,  0, 0.0000,   497, 0.0,21.7, 0.0
M3,15/07/22,11:30:15,     1,  9481,   418, 1022.8, 300, 0.0, 0.0, 0.0,  0, 0.0000,   505, 0.0,21.7, 0.0
M3,15/07/22,11:30:16,     1,  9482,   418, 1022.8, 300, 0.0, 0.0, 0.0,  0, 0.0000,   529, 0.0,21.7, 0.0
M3,15/07/22,11:30:17,     1,  9483,   419, 1022.8, 300, 0.0, 0.0, 0.0,  0, 0.0000,   594, 0.0,21.7, 0.0
M3,15/07/22,11:30:18,     1,  9484,   419, 1022.8, 300, 0.0, 0.0, 0.0,  0, 0.0000,   642, 0.0,21.7, 0.0
M3,15/07/22,11:30:19,     1,  9485,   419, 1022.8, 300, 0.0, 0.0, 0.0,  0, 0.0000,   606, 0.0,21.7, 0.0
M3,15/07/22,11:30:20,     1,  9486,   419, 1022.8, 300, 0.0, 0.0, 0.0,  0, 0.0000,   566, 0.0,21.7, 0.0
M3,15/07/22,11:30:21,     1,  9487,   419, 1022.8, 300, 0.0, 0.0, 0.0,  0, 0.0000,   545, 0.0,21.7, 0.0
M3,15/07/22,11:30:22,     1,  9488,   419, 1022.8, 300, 0.0, 0.0, 0.0,  0, 0.0000,   525, 0.0,21.7, 0.0
M3,15/07/22,11:30:23,     1,  9489,   419, 1022.7, 300, 0.0, 0.0, 0.0,  0, 0.0000,   508, 0.0,21.7, 0.0
M3,15/07/22,11:30:24,     1,  9490,   419, 1022.7, 300, 0.0, 0.0, 0.0,  0, 0.0000,   506, 0.0,21.7, 0.0
M3,15/07/22,11:30:25,     1,  9491,   419, 1022.7, 300, 0.0, 0.0, 0.0,  0, 0.0000,   498, 0.0,21.7, 0.0
M3,15/07/22,11:30:26,     1,  9492,   419, 1022.7, 300, 0.0, 0.0, 0.0,  0, 0.0000,   490, 0.0,21.7, 0.0
M3,15/07/22,11:30:27,     1,  9493,   419, 1022.7, 300, 0.0, 0.0, 0.0,  0, 0.0000,   485, 0.0,21.7, 0.0
M3,15/07/22,11:30:28,     1,  9494,   419, 1022.7, 300, 0.0, 0.0, 0.0,  0, 0.0000,   482, 0.0,21.8, 0.0
M3,15/07/22,11:30:29,     1,  9495,   418, 1022.7, 300, 0.0, 0.0, 0.0,  0, 0.0000,   478, 0.0,21.8, 0.0
M3,15/07/22,11:30:31,     1,  9496,   418, 1022.8, 300, 0.0, 0.0, 0.0,  0, 0.0000,   473, 0.0,21.7, 0.0
M3,15/07/22,11:30:32,     1,  9497,   419, 1022.8, 300, 0.0, 0.0, 0.0,  0, 0.0000,   461, 0.0,21.7, 0.0
M3,15/07/22,11:30:33,     1,  9498,   419, 1022.8, 300, 0.0, 0.0, 0.0,  0, 0.0000,   448, 0.0,21.7, 0.0
M3,15/07/22,11:30:34,     1,  9499,   419, 1022.8, 300, 0.0, 0.0, 0.0,  0, 0.0000,   429, 0.0,21.6, 0.0
M3,15/07/22,11:30:35,     1,  9500,   419, 1022.8, 300, 0.0, 0.0, 0.0,  0, 0.0000,   362, 0.0,21.6, 0.0
M3,15/07/22,11:30:36,     1,  9501,   419, 1022.8, 300, 0.0, 0.0, 0.0,  0, 0.0000,   370, 0.0,21.6, 0.0
M3,15/07/22,11:30:37,     1,  9502,   419, 1022.8, 300, 0.0, 0.0, 0.0,  0, 0.0000,   429, 0.0,21.5, 0.0
M3,15/07/22,11:30:38,     1,  9503,   419, 1022.8, 300, 0.0, 0.0, 0.0,  0, 0.0000,   450, 0.0,21.5, 0.0
M3,15/07/22,11:30:39,     1,  9504,   419, 1022.8, 300, 0.0, 0.0, 0.0,  0, 0.0000,   453, 0.0,21.5, 0.0
M3,15/07/22,11:30:40,     1,  9505,   419, 1022.8, 300, 0.0, 0.0, 0.0,  0, 0.0000,   453, 0.0,21.5, 0.0
M3,15/07/22,11:30:41,     1,  9506,   419, 1022.8, 300, 0.0, 0.0, 0.0,  0, 0.0000,   453, 0.0,21.6, 0.0
M3,15/07/22,11:30:42,     1,  9507,   419, 1022.7, 300, 0.0, 0.0, 0.0,  0, 0.0000,   457, 0.0,21.6, 0.0
M3,15/07/22,11:30:43,     1,  9508,   418, 1022.7, 300, 0.0, 0.0, 0.0,  0, 0.0000,   458, 0.0,21.5, 0.0
M3,15/07/22,11:30:44,     1,  9509,   419, 1022.7, 300, 0.0, 0.0, 0.0,  0, 0.0000,   459, 0.0,21.5, 0.0
M3,15/07/22,11:30:45,     1,  9510,   419, 1022.7, 300, 0.0, 0.0, 0.0,  0, 0.0000,   460, 0.0,21.6, 0.0
M3,15/07/22,11:30:46,     1,  9511,   419, 1022.7, 300, 0.0, 0.0, 0.0,  0, 0.0000,   438, 0.0,21.6, 0.0
M3,15/07/22,11:30:47,     1,  9512,   419, 1022.7, 300, 0.0, 0.0, 0.0,  0, 0.0000,   441, 0.0,21.6, 0.0
M3,15/07/22,11:30:48,     1,  9513,   419, 1022.7, 300, 0.0, 0.0, 0.0,  0, 0.0000,   445, 0.0,21.6, 0.0
M3,15/07/22,11:30:49,     1,  9514,   419, 1022.7, 300, 0.0, 0.0, 0.0,  0, 0.0000,   438, 0.0,21.6, 0.0
M3,15/07/22,11:30:50,     1,  9515,   419, 1022.7, 300, 0.0, 0.0, 0.0,  0, 0.0000,   425, 0.0,21.6, 0.0
M3,15/07/22,11:30:51,     1,  9516,   419, 1022.8, 300, 0.0, 0.0, 0.0,  0, 0.0000,   430, 0.0,21.5, 0.0
M3,15/07/22,11:30:52,     1,  9517,   419, 1022.8, 300, 0.0, 0.0, 0.0,  0, 0.0000,   430, 0.0,21.5, 0.0
M3,15/07/22,11:30:53,     1,  9518,   419, 1022.8, 300, 0.0, 0.0, 0.0,  0, 0.0000,   415, 0.0,21.5, 0.0
M3,15/07/22,11:30:54,     1,  9519,   419, 1022.8, 300, 0.0, 0.0, 0.0,  0, 0.0000,   353, 0.0,21.6, 0.0
M3,15/07/22,11:30:55,     1,  9520,   419, 1022.8, 300, 0.0, 0.0, 0.0,  0, 0.0000,   284, 0.0,21.6, 0.0
M3,15/07/22,11:30:56,     1,  9521,   419, 1022.8, 300, 0.0, 0.0, 0.0,  0, 0.0000,   311, 0.0,21.6, 0.0
M3,15/07/22,11:30:57,     1,  9522,   418, 1022.8, 300, 0.0, 0.0, 0.0,  0, 0.0000,   315, 0.0,21.6, 0.0
M3,15/07/22,11:30:58,     1,  9523,   418, 1022.8, 300, 0.0, 0.0, 0.0,  0, 0.0000,   349, 0.0,21.6, 0.0
M3,15/07/22,11:30:59,     1,  9524,   418, 1022.8, 300, 0.0, 0.0, 0.0,  0, 0.0000,   376, 0.0,21.6, 0.0
M3,15/07/22,11:31:00,     1,  9525,   418, 1022.8, 300, 0.0, 0.0, 0.0,  0, 0.0000,   427, 0.0,21.6, 0.0
M3,15/07/22,11:31:01,     1,  9526,   418, 1022.8, 300, 0.0, 0.0, 0.0,  0, 0.0000,   432, 0.0,21.6, 0.0
M3,15/07/22,11:31:02,     1,  9527,   418, 1022.8, 300, 0.0, 0.0, 0.0,  0, 0.0000,   438, 0.0,21.5, 0.0
M3,15/07/22,11:31:03,     1,  9528,   418, 1022.8, 300, 0.0, 0.0, 0.0,  0, 0.0000,   440, 0.0,21.5, 0.0
M3,15/07/22,11:31:04,     1,  9529,   418, 1022.8, 299, 0.0, 0.0, 0.0,  0, 0.0000,   441, 0.0,21.5, 0.0
M3,15/07/22,11:31:05,     1,  9530,   419, 1022.8, 300, 0.0, 0.0, 0.0,  0, 0.0000,   441, 0.0,21.5, 0.0
M3,15/07/22,11:31:06,     1,  9531,   419, 1022.8, 300, 0.0, 0.0, 0.0,  0, 0.0000,   440, 0.0,21.5, 0.0
M3,15/07/22,11:31:07,     1,  9532,   418, 1022.8, 300, 0.0, 0.0, 0.0,  0, 0.0000,   440, 0.0,21.5, 0.0
M3,15/07/22,11:31:08,     1,  9533,   418, 1022.8, 300, 0.0, 0.0, 0.0,  0, 0.0000,   440, 0.0,21.5, 0.0
M3,15/07/22,11:31:09,     1,  9534,   418, 1022.8, 300, 0.0, 0.0, 0.0,  0, 0.0000,   440, 0.0,21.6, 0.0
M3,15/07/22,11:31:10,     1,  9535,   418, 1022.8, 300, 0.0, 0.0, 0.0,  0, 0.0000,   439, 0.0,21.6, 0.0
M3,15/07/22,11:31:11,     1,  9536,   418, 1022.8, 300, 0.0, 0.0, 0.0,  0, 0.0000,   439, 0.0,21.6, 0.0
M3,15/07/22,11:31:12,     1,  9537,   418, 1022.8, 300, 0.0, 0.0, 0.0,  0, 0.0000,   439, 0.0,21.6, 0.0
M3,15/07/22,11:31:13,     1,  9538,   418, 1022.8, 300, 0.0, 0.0, 0.0,  0, 0.0000,   439, 0.0,21.5, 0.0
M3,15/07/22,11:31:14,     1,  9539,   419, 1022.8, 300, 0.0, 0.0, 0.0,  0, 0.0000,   438, 0.0,21.5, 0.0
M3,15/07/22,11:31:15,     1,  9540,   419, 1022.8, 300, 0.0, 0.0, 0.0,  0, 0.0000,   438, 0.0,21.5, 0.0
M3,15/07/22,11:31:16,     1,  9541,   419, 1022.8, 300, 0.0, 0.0, 0.0,  0, 0.0000,   438, 0.0,21.5, 0.0
M3,15/07/22,11:31:17,     1,  9542,   419, 1022.8, 300, 0.0, 0.0, 0.0,  0, 0.0000,   437, 0.0,21.5, 0.0
M3,15/07/22,11:31:18,     1,  9543,   419, 1022.8, 300, 0.0, 0.0, 0.0,  0, 0.0000,   437, 0.0,21.4, 0.0
M3,15/07/22,11:31:19,     1,  9544,   418, 1022.8, 300, 0.0, 0.0, 0.0,  0, 0.0000,   437, 0.0,21.4, 0.0
M3,15/07/22,11:31:20,     1,  9545,   419, 1022.8, 300, 0.0, 0.0, 0.0,  0, 0.0000,   436, 0.0,21.4, 0.0
M3,15/07/22,11:31:21,     1,  9546,   419, 1022.8, 300, 0.0, 0.0, 0.0,  0, 0.0000,   436, 0.0,21.4, 0.0
M3,15/07/22,11:31:22,     1,  9547,   419, 1022.8, 300, 0.0, 0.0, 0.0,  0, 0.0000,   436, 0.0,21.4, 0.0
M3,15/07/22,11:31:23,     1,  9548,   419, 1022.8, 300, 0.0, 0.0, 0.0,  0, 0.0000,   435, 0.0,21.4, 0.0
M3,15/07/22,11:31:24,     1,  9549,   419, 1022.8, 300, 0.0, 0.0, 0.0,  0, 0.0000,   435, 0.0,21.4, 0.0
M3,15/07/22,11:31:25,     1,  9550,   419, 1022.8, 300, 0.0, 0.0, 0.0,  0, 0.0000,   435, 0.0,21.4, 0.0
M3,15/07/22,11:31:26,     1,  9551,   419, 1022.8, 300, 0.0, 0.0, 0.0,  0, 0.0000,   434, 0.0,21.4, 0.0
M3,15/07/22,11:31:27,     1,  9552,   419, 1022.8, 300, 0.0, 0.0, 0.0,  0, 0.0000,   434, 0.0,21.5, 0.0
M3,15/07/22,11:31:28,     1,  9553,   418, 1022.8, 300, 0.0, 0.0, 0.0,  0, 0.0000,   433, 0.0,21.4, 0.0
M3,15/07/22,11:31:29,     1,  9554,   419, 1022.8, 300, 0.0, 0.0, 0.0,  0, 0.0000,   433, 0.0,21.4, 0.0
M3,15/07/22,11:31:30,     1,  9555,   419, 1022.8, 300, 0.0, 0.0, 0.0,  0, 0.0000,   433, 0.0,21.4, 0.0
M3,15/07/22,11:31:31,     1,  9556,   419, 1022.8, 300, 0.0, 0.0, 0.0,  0, 0.0000,   432, 0.0,21.4, 0.0
M3,15/07/22,11:31:32,     1,  9557,   419, 1022.8, 300, 0.0, 0.0, 0.0,  0, 0.0000,   432, 0.0,21.4, 0.0
M3,15/07/22,11:31:33,     1,  9558,   419, 1022.8, 300, 0.0, 0.0, 0.0,  0, 0.0000,   432, 0.0,21.4, 0.0
M3,15/07/22,11:31:34,     1,  9559,   418, 1022.8, 300, 0.0, 0.0, 0.0,  0, 0.0000,   431, 0.0,21.4, 0.0
M3,15/07/22,11:31:35,     1,  9560,   418, 1022.8, 300, 0.0, 0.0, 0.0,  0, 0.0000,   431, 0.0,21.4, 0.0
M3,15/07/22,11:31:36,     1,  9561,   418, 1022.8, 300, 0.0, 0.0, 0.0,  0, 0.0000,   430, 0.0,21.4, 0.0
M3,15/07/22,11:31:37,     1,  9562,   417, 1022.8, 300, 0.0, 0.0, 0.0,  0, 0.0000,   430, 0.0,21.4, 0.0
M3,15/07/22,11:31:38,     1,  9563,   417, 1022.8, 300, 0.0, 0.0, 0.0,  0, 0.0000,   430, 0.0,21.4, 0.0
M3,15/07/22,11:31:39,     1,  9564,   417, 1022.8, 300, 0.0, 0.0, 0.0,  0, 0.0000,   429, 0.0,21.4, 0.0
M3,15/07/22,11:31:40,     1,  9565,   417, 1022.8, 300, 0.0, 0.0, 0.0,  0, 0.0000,   429, 0.0,21.4, 0.0
M3,15/07/22,11:31:41,     1,  9566,   417, 1022.8, 300, 0.0, 0.0, 0.0,  0, 0.0000,   429, 0.0,21.4, 0.0
M3,15/07/22,11:31:42,     1,  9567,   418, 1022.8, 300, 0.0, 0.0, 0.0,  0, 0.0000,   428, 0.0,21.4, 0.0
M3,15/07/22,11:31:43,     1,  9568,   418, 1022.8, 300, 0.0, 0.0, 0.0,  0, 0.0000,   428, 0.0,21.4, 0.0
M3,15/07/22,11:31:44,     1,  9569,   418, 1022.8, 300, 0.0, 0.0, 0.0,  0, 0.0000,   428, 0.0,21.4, 0.0
M3,15/07/22,11:31:45,     1,  9570,   417, 1022.8, 300, 0.0, 0.0, 0.0,  0, 0.0000,   427, 0.0,21.4, 0.0
M3,15/07/22,11:31:46,     1,  9571,   417, 1022.8, 300, 0.0, 0.0, 0.0,  0, 0.0000,   427, 0.0,21.5, 0.0
M3,15/07/22,11:31:47,     1,  9572,   417, 1022.8, 300, 0.0, 0.0, 0.0,  0, 0.0000,   427, 0.0,21.5, 0.0
M3,15/07/22,11:31:48,     1,  9573,   417, 1022.8, 300, 0.0, 0.0, 0.0,  0, 0.0000,   426, 0.0,21.4, 0.0
M3,15/07/22,11:31:49,     1,  9574,   418, 1022.8, 300, 0.0, 0.0, 0.0,  0, 0.0000,   426, 0.0,21.4, 0.0
M3,15/07/22,11:31:50,     1,  9575,   418, 1022.8, 300, 0.0, 0.0, 0.0,  0, 0.0000,   426, 0.0,21.4, 0.0
M3,15/07/22,11:31:51,     1,  9576,   418, 1022.8, 300, 0.0, 0.0, 0.0,  0, 0.0000,   425, 0.0,21.4, 0.0
M3,15/07/22,11:31:52,     1,  9577,   418, 1022.8, 300, 0.0, 0.0, 0.0,  0, 0.0000,   423, 0.0,21.4, 0.0
M3,15/07/22,11:31:53,     1,  9578,   417, 1022.8, 300, 0.0, 0.0, 0.0,  0, 0.0000,   418, 0.0,21.3, 0.0
M3,15/07/22,11:31:54,     1,  9579,   417, 1022.8, 300, 0.0, 0.0, 0.0,  0, 0.0000,   396, 0.0,21.3, 0.0
M3,15/07/22,11:31:55,     1,  9580,   417, 1022.8, 300, 0.0, 0.0, 0.0,  0, 0.0000,   382, 0.0,21.3, 0.0
M3,15/07/22,11:31:56,     1,  9581,   417, 1022.8, 300, 0.0, 0.0, 0.0,  0, 0.0000,   397, 0.0,21.3, 0.0
M3,15/07/22,11:31:57,     1,  9582,   417, 1022.8, 300, 0.0, 0.0, 0.0,  0, 0.0000,   393, 0.0,21.2, 0.0
M3,15/07/22,11:31:58,     1,  9583,   417, 1022.8, 300, 0.0, 0.0, 0.0,  0, 0.0000,   344, 0.0,21.2, 0.0
M3,15/07/22,11:31:59,     1,  9584,   417, 1022.8, 300, 0.0, 0.0, 0.0,  0, 0.0000,   325, 0.0,21.2, 0.0
M3,15/07/22,11:32:00,     1,  9585,   417, 1022.8, 300, 0.0, 0.0, 0.0,  0, 0.0000,   379, 0.0,21.2, 0.0
M3,15/07/22,11:32:01,     1,  9586,   418, 1022.8, 300, 0.0, 0.0, 0.0,  0, 0.0000,   395, 0.0,21.2, 0.0
M3,15/07/22,11:32:02,     1,  9587,   418, 1022.8, 300, 0.0, 0.0, 0.0,  0, 0.0000,   398, 0.0,21.2, 0.0
M3,15/07/22,11:32:03,     1,  9588,   418, 1022.8, 301, 0.0, 0.0, 0.0,  0, 0.0000,   362, 0.0,21.2, 0.0
M3,15/07/22,11:32:04,     1,  9589,   418, 1022.8, 298, 0.0, 0.0, 0.0,  0, 0.0000,   285, 0.0,21.2, 0.0
M3,15/07/22,11:32:05,     1,  9590,   418, 1022.8, 302, 0.0, 0.0, 0.0,  0, 0.0000,   187, 0.0,21.1, 0.0
M3,15/07/22,11:32:06,     1,  9591,   417, 1022.8, 306, 0.0, 0.0, 0.0,  0, 0.0000,    16, 0.0,21.1, 0.0
M3,15/07/22,11:32:07,     1,  9592,   418, 1022.8, 301, 0.0, 0.0, 0.0,  0, 0.0000,     9, 0.0,21.1, 0.0
M3,15/07/22,11:32:08,     1,  9593,   418, 1022.8, 300, 0.0, 0.0, 0.0,  0, 0.0000,     9, 0.0,21.1, 0.0
M3,15/07/22,11:32:09,     1,  9594,   418, 1022.8, 300, 0.0, 0.0, 0.0,  0, 0.0000,     8, 0.0,21.1, 0.0
M3,15/07/22,11:32:10,     1,  9595,   418, 1022.8, 300, 0.0, 0.0, 0.0,  0, 0.0000,     8, 0.0,21.1, 0.0
M3,15/07/22,11:32:11,     1,  9596,   418, 1022.8, 300, 0.0, 0.0, 0.0,  0, 0.0000,     8, 0.0,21.2, 0.0
M3,15/07/22,11:32:12,     1,  9597,   418, 1022.8, 300, 0.0, 0.0, 0.0,  0, 0.0000,     8, 0.0,21.2, 0.0
M3,15/07/22,11:32:13,     1,  9598,   418, 1022.8, 300, 0.0, 0.0, 0.0,  0, 0.0000,     8, 0.0,21.2, 0.0
M3,15/07/22,11:32:14,     1,  9599,   418, 1022.7, 300, 0.0, 0.0, 0.0,  0, 0.0000,     8, 0.0,21.2, 0.0
M3,15/07/22,11:32:15,     1,  9600,   418, 1022.7, 300, 0.0, 0.0, 0.0,  0, 0.0000,     7, 0.0,21.2, 0.0
M3,15/07/22,11:32:16,     1,  9601,   418, 1022.7, 300, 0.0, 0.0, 0.0,  0, 0.0000,     7, 0.0,21.2, 0.0
M3,15/07/22,11:32:17,     1,  9602,   418, 1022.7, 300, 0.0, 0.0, 0.0,  0, 0.0000,     7, 0.0,21.2, 0.0
M3,15/07/22,11:32:18,     1,  9603,   418, 1022.7, 300, 0.0, 0.0, 0.0,  0, 0.0000,     7, 0.0,21.1, 0.0
M3,15/07/22,11:32:19,     1,  9604,   418, 1022.7, 300, 0.0, 0.0, 0.0,  0, 0.0000,     6, 0.0,21.2, 0.0
M3,15/07/22,11:32:20,     1,  9605,   418, 1022.7, 300, 0.0, 0.0, 0.0,  0, 0.0000,     6, 0.0,21.2, 0.0
M3,15/07/22,11:32:21,     1,  9606,   418, 1022.7, 300, 0.0, 0.0, 0.0,  0, 0.0000,     7, 0.0,21.2, 0.0
M3,15/07/22,11:32:22,     1,  9607,   418, 1022.7, 300, 0.0, 0.0, 0.0,  0, 0.0000,     6, 0.0,21.1, 0.0
M3,15/07/22,11:32:23,     1,  9608,   418, 1022.7, 300, 0.0, 0.0, 0.0,  0, 0.0000,     6, 0.0,21.1, 0.0
M3,15/07/22,11:32:24,     1,  9609,   418, 1022.7, 300, 0.0, 0.0, 0.0,  0, 0.0000,     5, 0.0,21.1, 0.0
M3,15/07/22,11:32:25,     1,  9610,   418, 1022.7, 300, 0.0, 0.0, 0.0,  0, 0.0000,     5, 0.0,21.1, 0.0
M3,15/07/22,11:32:26,     1,  9611,   418, 1022.7, 300, 0.0, 0.0, 0.0,  0, 0.0000,     5, 0.0,21.1, 0.0
M3,15/07/22,11:32:27,     1,  9612,   418, 1022.7, 300, 0.0, 0.0, 0.0,  0, 0.0000,     5, 0.0,21.1, 0.0
M3,15/07/22,11:32:28,     1,  9613,   418, 1022.7, 300, 0.0, 0.0, 0.0,  0, 0.0000,     5, 0.0,21.1, 0.0
M3,15/07/22,11:32:29,     1,  9614,   418, 1022.7, 300, 0.0, 0.0, 0.0,  0, 0.0000,     5, 0.0,21.1, 0.0
M3,15/07/22,11:32:30,     1,  9615,   418, 1022.7, 300, 0.0, 0.0, 0.0,  0, 0.0000,     5, 0.0,21.0, 0.0
M3,15/07/22,11:32:31,     1,  9616,   418, 1022.7, 300, 0.0, 0.0, 0.0,  0, 0.0000,     5, 0.0,21.0, 0.0
M3,15/07/22,11:32:32,     1,  9617,   418, 1022.7, 300, 0.0, 0.0, 0.0,  0, 0.0000,     5, 0.0,21.0, 0.0
M3,15/07/22,11:32:33,     1,  9618,   418, 1022.7, 300, 0.0, 0.0, 0.0,  0, 0.0000,     5, 0.0,21.0, 0.0
M3,15/07/22,11:32:34,     1,  9619,   418, 1022.7, 300, 0.0, 0.0, 0.0,  0, 0.0000,     5, 0.0,21.0, 0.0
M3,15/07/22,11:32:35,     1,  9620,   418, 1022.7, 300, 0.0, 0.0, 0.0,  0, 0.0000,     5, 0.0,21.0, 0.0
M3,15/07/22,11:32:36,     1,  9621,   418, 1022.7, 300, 0.0, 0.0, 0.0,  0, 0.0000,     5, 0.0,20.9, 0.0
M3,15/07/22,11:32:37,     1,  9622,   418, 1022.7, 300, 0.0, 0.0, 0.0,  0, 0.0000,     5, 0.0,20.9, 0.0
M3,15/07/22,11:32:38,     1,  9623,   418, 1022.7, 300, 0.0, 0.0, 0.0,  0, 0.0000,     5, 0.0,20.9, 0.0
M3,15/07/22,11:32:39,     1,  9624,   418, 1022.7, 300, 0.0, 0.0, 0.0,  0, 0.0000,     5, 0.0,20.9, 0.0
M3,15/07/22,11:32:40,     1,  9625,   418, 1022.7, 300, 0.0, 0.0, 0.0,  0, 0.0000,     5, 0.0,20.9, 0.0
M3,15/07/22,11:32:41,     1,  9626,   418, 1022.7, 300, 0.0, 0.0, 0.0,  0, 0.0000,     5, 0.0,20.9, 0.0
M3,15/07/22,11:32:42,     1,  9627,   418, 1022.7, 299, 0.0, 0.0, 0.0,  0, 0.0000,     5, 0.0,20.9, 0.0
M3,15/07/22,11:32:43,     1,  9628,   418, 1022.7, 300, 0.0, 0.0, 0.0,  0, 0.0000,     9, 0.0,20.9, 0.0
M3,15/07/22,11:32:44,     1,  9629,   418, 1022.7, 300, 0.0, 0.0, 0.0,  0, 0.0000,     9, 0.0,20.9, 0.0
M3,15/07/22,11:32:45,     1,  9630,   418, 1022.7, 300, 0.0, 0.0, 0.0,  0, 0.0000,     8, 0.0,20.9, 0.0
M3,15/07/22,11:32:46,     1,  9631,   419, 1022.7, 300, 0.0, 0.0, 0.0,  0, 0.0000,     6, 0.0,20.9, 0.0
M3,15/07/22,11:32:47,     1,  9632,   419, 1022.7, 300, 0.0, 0.0, 0.0,  0, 0.0000,     5, 0.0,20.9, 0.0
M3,15/07/22,11:32:48,     1,  9633,   418, 1022.7, 300, 0.0, 0.0, 0.0,  0, 0.0000,     6, 0.0,20.9, 0.0
M3,15/07/22,11:32:49,     1,  9634,   418, 1022.7, 300, 0.0, 0.0, 0.0,  0, 0.0000,     8, 0.0,20.9, 0.0
M3,15/07/22,11:32:50,     1,  9635,   418, 1022.7, 300, 0.0, 0.0, 0.0,  0, 0.0000,     9, 0.0,20.9, 0.0
M3,15/07/22,11:32:51,     1,  9636,   418, 1022.7, 300, 0.0, 0.0, 0.0,  0, 0.0000,     9, 0.0,20.9, 0.0
M3,15/07/22,11:32:52,     1,  9637,   418, 1022.7, 300, 0.0, 0.0, 0.0,  0, 0.0000,     9, 0.0,20.9, 0.0
M3,15/07/22,11:32:53,     1,  9638,   418, 1022.7, 300, 0.0, 0.0, 0.0,  0, 0.0000,     8, 0.0,20.9, 0.0
M3,15/07/22,11:32:54,     1,  9639,   418, 1022.7, 300, 0.0, 0.0, 0.0,  0, 0.0000,     7, 0.0,20.9, 0.0
M3,15/07/22,11:32:55,     1,  9640,   418, 1022.7, 300, 0.0, 0.0, 0.0,  0, 0.0000,     6, 0.0,20.8, 0.0
M3,15/07/22,11:32:56,     1,  9641,   418, 1022.7, 300, 0.0, 0.0, 0.0,  0, 0.0000,     5, 0.0,20.8, 0.0
M3,15/07/22,11:32:57,     1,  9642,   418, 1022.7, 300, 0.0, 0.0, 0.0,  0, 0.0000,     4, 0.0,20.9, 0.0
M3,15/07/22,11:32:58,     1,  9643,   418, 1022.7, 300, 0.0, 0.0, 0.0,  0, 0.0000,     4, 0.0,20.9, 0.0
M3,15/07/22,11:32:59,     1,  9644,   418, 1022.7, 300, 0.0, 0.0, 0.0,  0, 0.0000,     4, 0.0,20.9, 0.0
M3,15/07/22,11:33:01,     1,  9645,   418, 1022.7, 300, 0.0, 0.0, 0.0,  0, 0.0000,     4, 0.0,20.9, 0.0
M3,15/07/22,11:33:02,     1,  9646,   418, 1022.7, 300, 0.0, 0.0, 0.0,  0, 0.0000,     4, 0.0,20.9, 0.0
M3,15/07/22,11:33:03,     1,  9647,   418, 1022.7, 300, 0.0, 0.0, 0.0,  0, 0.0000,     4, 0.0,20.9, 0.0
M3,15/07/22,11:33:04,     1,  9648,   418, 1022.7, 300, 0.0, 0.0, 0.0,  0, 0.0000,     4, 0.0,20.9, 0.0
M3,15/07/22,11:33:05,     1,  9649,   418, 1022.7, 300, 0.0, 0.0, 0.0,  0, 0.0000,     3, 0.0,20.9, 0.0
M3,15/07/22,11:33:06,     1,  9650,   418, 1022.7, 300, 0.0, 0.0, 0.0,  0, 0.0000,     3, 0.0,20.9, 0.0
M3,15/07/22,11:33:07,     1,  9651,   418, 1022.7, 300, 0.0, 0.0, 0.0,  0, 0.0000,     3, 0.0,20.9, 0.0
M3,15/07/22,11:33:08,     1,  9652,   418, 1022.7, 300, 0.0, 0.0, 0.0,  0, 0.0000,     3, 0.0,20.9, 0.0
M3,15/07/22,11:33:09,     1,  9653,   418, 1022.7, 300, 0.0, 0.0, 0.0,  0, 0.0000,     3, 0.0,20.9, 0.0
M3,15/07/22,11:33:10,     1,  9654,   417, 1022.7, 300, 0.0, 0.0, 0.0,  0, 0.0000,     3, 0.0,20.9, 0.0
M3,15/07/22,11:33:11,     1,  9655,   417, 1022.7, 300, 0.0, 0.0, 0.0,  0, 0.0000,     3, 0.0,20.9, 0.0
M3,15/07/22,11:33:12,     1,  9656,   417, 1022.7, 300, 0.0, 0.0, 0.0,  0, 0.0000,     3, 0.0,20.8, 0.0
M3,15/07/22,11:33:13,     1,  9657,   417, 1022.7, 300, 0.0, 0.0, 0.0,  0, 0.0000,     3, 0.0,20.8, 0.0
M3,15/07/22,11:33:14,     1,  9658,   417, 1022.7, 300, 0.0, 0.0, 0.0,  0, 0.0000,     3, 0.0,20.9, 0.0
M3,15/07/22,11:33:15,     1,  9659,   417, 1022.7, 300, 0.0, 0.0, 0.0,  0, 0.0000,     3, 0.0,20.9, 0.0
M3,15/07/22,11:33:16,     1,  9660,   417, 1022.7, 300, 0.0, 0.0, 0.0,  0, 0.0000,     3, 0.0,20.8, 0.0
M3,15/07/22,11:33:17,     1,  9661,   417, 1022.7, 300, 0.0, 0.0, 0.0,  0, 0.0000,     3, 0.0,20.8, 0.0
M3,15/07/22,11:33:18,     1,  9662,   417, 1022.7, 300, 0.0, 0.0, 0.0,  0, 0.0000,     2, 0.0,20.8, 0.0
M3,15/07/22,11:33:19,     1,  9663,   417, 1022.7, 300, 0.0, 0.0, 0.0,  0, 0.0000,     2, 0.0,20.8, 0.0
M3,15/07/22,11:33:20,     1,  9664,   417, 1022.7, 300, 0.0, 0.0, 0.0,  0, 0.0000,     2, 0.0,20.8, 0.0
M3,15/07/22,11:33:21,     1,  9665,   418, 1022.7, 300, 0.0, 0.0, 0.0,  0, 0.0000,     2, 0.0,20.8, 0.0
M3,15/07/22,11:33:22,     1,  9666,   418, 1022.7, 300, 0.0, 0.0, 0.0,  0, 0.0000,     2, 0.0,20.8, 0.0
M3,15/07/22,11:33:23,     1,  9667,   418, 1022.7, 300, 0.0, 0.0, 0.0,  0, 0.0000,     1, 0.0,20.8, 0.0
M3,15/07/22,11:33:24,     1,  9668,   418, 1022.7, 300, 0.0, 0.0, 0.0,  0, 0.0000,     1, 0.0,20.8, 0.0
M3,15/07/22,11:33:25,     1,  9669,   418, 1022.7, 300, 0.0, 0.0, 0.0,  0, 0.0000,     1, 0.0,20.8, 0.0
M3,15/07/22,11:33:26,     1,  9670,   418, 1022.7, 300, 0.0, 0.0, 0.0,  0, 0.0000,     1, 0.0,20.8, 0.0
M3,15/07/22,11:33:27,     1,  9671,   418, 1022.7, 300, 0.0, 0.0, 0.0,  0, 0.0000,     1, 0.0,20.8, 0.0
M3,15/07/22,11:33:28,     1,  9672,   418, 1022.7, 300, 0.0, 0.0, 0.0,  0, 0.0000,     1, 0.0,20.7, 0.0
M3,15/07/22,11:33:29,     1,  9673,   418, 1022.7, 300, 0.0, 0.0, 0.0,  0, 0.0000,     1, 0.0,20.7, 0.0
M3,15/07/22,11:33:30,     1,  9674,   418, 1022.7, 300, 0.0, 0.0, 0.0,  0, 0.0000,     1, 0.0,20.7, 0.0
M3,15/07/22,11:33:31,     1,  9675,   418, 1022.7, 300, 0.0, 0.0, 0.0,  0, 0.0000,     1, 0.0,20.7, 0.0
M3,15/07/22,11:33:32,     1,  9676,   418, 1022.7, 300, 0.0, 0.0, 0.0,  0, 0.0000,     1, 0.0,20.7, 0.0
M3,15/07/22,11:33:33,     1,  9677,   418, 1022.7, 300, 0.0, 0.0, 0.0,  0, 0.0000,     1, 0.0,20.7, 0.0
M3,15/07/22,11:33:34,     1,  9678,   418, 1022.7, 300, 0.0, 0.0, 0.0,  0, 0.0000,     1, 0.0,20.7, 0.0
M3,15/07/22,11:33:35,     1,  9679,   418, 1022.7, 300, 0.0, 0.0, 0.0,  0, 0.0000,     1, 0.0,20.7, 0.0
M3,15/07/22,11:33:36,     1,  9680,   418, 1022.7, 300, 0.0, 0.0, 0.0,  0, 0.0000,     1, 0.0,20.7, 0.0
M3,15/07/22,11:33:37,     1,  9681,   417, 1022.7, 300, 0.0, 0.0, 0.0,  0, 0.0000,     1, 0.0,20.7, 0.0
M3,15/07/22,11:33:38,     1,  9682,   417, 1022.7, 300, 0.0, 0.0, 0.0,  0, 0.0000,     1, 0.0,20.7, 0.0
M3,15/07/22,11:33:39,     1,  9683,   417, 1022.7, 300, 0.0, 0.0, 0.0,  0, 0.0000,     1, 0.0,20.7, 0.0
M3,15/07/22,11:33:40,     1,  9684,   418, 1022.7, 300, 0.0, 0.0, 0.0,  0, 0.0000,     1, 0.0,20.7, 0.0
M3,15/07/22,11:33:41,     1,  9685,   418, 1022.7, 300, 0.0, 0.0, 0.0,  0, 0.0000,     1, 0.0,20.7, 0.0
M3,15/07/22,11:33:42,     1,  9686,   418, 1022.7, 300, 0.0, 0.0, 0.0,  0, 0.0000,     1, 0.0,20.7, 0.0
M3,15/07/22,11:33:43,     1,  9687,   418, 1022.7, 300, 0.0, 0.0, 0.0,  0, 0.0000,     1, 0.0,20.7, 0.0
M3,15/07/22,11:33:44,     1,  9688,   418, 1022.7, 300, 0.0, 0.0, 0.0,  0, 0.0000,     1, 0.0,20.7, 0.0
M3,15/07/22,11:33:45,     1,  9689,   418, 1022.7, 300, 0.0, 0.0, 0.0,  0, 0.0000,     1, 0.0,20.7, 0.0
M3,15/07/22,11:33:46,     1,  9690,   418, 1022.7, 300, 0.0, 0.0, 0.0,  0, 0.0000,     1, 0.0,20.7, 0.0
M3,15/07/22,11:33:47,     1,  9691,   418, 1022.7, 300, 0.0, 0.0, 0.0,  0, 0.0000,     1, 0.0,20.7, 0.0
M3,15/07/22,11:33:48,     1,  9692,   418, 1022.7, 300, 0.0, 0.0, 0.0,  0, 0.0000,     1, 0.0,20.7, 0.0
M3,15/07/22,11:33:49,     1,  9693,   418, 1022.7, 300, 0.0, 0.0, 0.0,  0, 0.0000,     1, 0.0,20.7, 0.0
M3,15/07/22,11:33:50,     1,  9694,   418, 1022.7, 300, 0.0, 0.0, 0.0,  0, 0.0000,     1, 0.0,20.7, 0.0
M3,15/07/22,11:33:51,     1,  9695,   418, 1022.7, 300, 0.0, 0.0, 0.0,  0, 0.0000,     1, 0.0,20.7, 0.0
M3,15/07/22,11:33:52,     1,  9696,   418, 1022.7, 300, 0.0, 0.0, 0.0,  0, 0.0000,     1, 0.0,20.7, 0.0
M3,15/07/22,11:33:53,     1,  9697,   418, 1022.7, 300, 0.0, 0.0, 0.0,  0, 0.0000,     1, 0.0,20.6, 0.0
M3,15/07/22,11:33:54,     1,  9698,   418, 1022.7, 300, 0.0, 0.0, 0.0,  0, 0.0000,     1, 0.0,20.6, 0.0
M3,15/07/22,11:33:55,     1,  9699,   418, 1022.7, 300, 0.0, 0.0, 0.0,  0, 0.0000,     1, 0.0,20.6, 0.0
M3,15/07/22,11:33:56,     1,  9700,   418, 1022.7, 300, 0.0, 0.0, 0.0,  0, 0.0000,     1, 0.0,20.6, 0.0
M3,15/07/22,11:33:57,     1,  9701,   418, 1022.7, 300, 0.0, 0.0, 0.0,  0, 0.0000,     1, 0.0,20.6, 0.0
M3,15/07/22,11:33:58,     1,  9702,   418, 1022.7, 300, 0.0, 0.0, 0.0,  0, 0.0000,     1, 0.0,20.6, 0.0
M3,15/07/22,11:33:59,     1,  9703,   418, 1022.7, 300, 0.0, 0.0, 0.0,  0, 0.0000,     1, 0.0,20.6, 0.0
M3,15/07/22,11:34:00,     1,  9704,   418, 1022.7, 300, 0.0, 0.0, 0.0,  0, 0.0000,     1, 0.0,20.6, 0.0
M3,15/07/22,11:34:01,     1,  9705,   418, 1022.7, 300, 0.0, 0.0, 0.0,  0, 0.0000,     1, 0.0,20.6, 0.0
M3,15/07/22,11:34:02,     1,  9706,   418, 1022.7, 300, 0.0, 0.0, 0.0,  0, 0.0000,     1, 0.0,20.6, 0.0
M3,15/07/22,11:34:03,     1,  9707,   418, 1022.7, 300, 0.0, 0.0, 0.0,  0, 0.0000,     1, 0.0,20.6, 0.0
M3,15/07/22,11:34:04,     1,  9708,   418, 1022.7, 300, 0.0, 0.0, 0.0,  0, 0.0000,     1, 0.0,20.6, 0.0
M3,15/07/22,11:34:05,     1,  9709,   418, 1022.8, 300, 0.0, 0.0, 0.0,  0, 0.0000,     1, 0.0,20.6, 0.0
M3,15/07/22,11:34:06,     1,  9710,   418, 1022.8, 300, 0.0, 0.0, 0.0,  0, 0.0000,     1, 0.0,20.6, 0.0
M3,15/07/22,11:34:07,     1,  9711,   418, 1022.8, 300, 0.0, 0.0, 0.0,  0, 0.0000,     1, 0.0,20.6, 0.0
M3,15/07/22,11:34:08,     1,  9712,   418, 1022.8, 300, 0.0, 0.0, 0.0,  0, 0.0000,     1, 0.0,20.6, 0.0
M3,15/07/22,11:34:09,     1,  9713,   418, 1022.8, 300, 0.0, 0.0, 0.0,  0, 0.0000,     1, 0.0,20.6, 0.0
M3,15/07/22,11:34:10,     1,  9714,   418, 1022.8, 300, 0.0, 0.0, 0.0,  0, 0.0000,     0, 0.0,20.6, 0.0
M3,15/07/22,11:34:11,     1,  9715,   418, 1022.8, 300, 0.0, 0.0, 0.0,  0, 0.0000,     0, 0.0,20.6, 0.0
M3,15/07/22,11:34:12,     1,  9716,   418, 1022.8, 300, 0.0, 0.0, 0.0,  0, 0.0000,     0, 0.0,20.6, 0.0
M3,15/07/22,11:34:13,     1,  9717,   418, 1022.8, 300, 0.0, 0.0, 0.0,  0, 0.0000,     0, 0.0,20.6, 0.0
M3,15/07/22,11:34:14,     1,  9718,   418, 1022.8, 300, 0.0, 0.0, 0.0,  0, 0.0000,     1, 0.0,20.6, 0.0
M3,15/07/22,11:34:15,     1,  9719,   419, 1022.8, 300, 0.0, 0.0, 0.0,  0, 0.0000,     1, 0.0,20.6, 0.0
M3,15/07/22,11:34:16,     1,  9720,   419, 1022.8, 300, 0.0, 0.0, 0.0,  0, 0.0000,     1, 0.0,20.5, 0.0
M3,15/07/22,11:34:17,     1,  9721,   419, 1022.8, 300, 0.0, 0.0, 0.0,  0, 0.0000,     1, 0.0,20.5, 0.0
M3,15/07/22,11:34:18,     1,  9722,   419, 1022.8, 300, 0.0, 0.0, 0.0,  0, 0.0000,     1, 0.0,20.5, 0.0
M3,15/07/22,11:34:19,     1,  9723,   419, 1022.8, 300, 0.0, 0.0, 0.0,  0, 0.0000,     1, 0.0,20.5, 0.0
M3,15/07/22,11:34:20,     1,  9724,   419, 1022.8, 301, 0.0, 0.0, 0.0,  0, 0.0000,     0, 0.0,20.5, 0.0
M3,15/07/22,11:34:21,     1,  9725,   418, 1022.8, 300, 0.0, 0.0, 0.0,  0, 0.0000,     0, 0.0,20.6, 0.0
M3,15/07/22,11:34:22,     1,  9726,   418, 1022.8, 300, 0.0, 0.0, 0.0,  0, 0.0000,     0, 0.0,20.6, 0.0
M3,15/07/22,11:34:23,     1,  9727,   418, 1022.8, 300, 0.0, 0.0, 0.0,  0, 0.0000,     0, 0.0,20.6, 0.0
M3,15/07/22,11:34:24,     1,  9728,   419, 1022.7, 300, 0.0, 0.0, 0.0,  0, 0.0000,     0, 0.0,20.6, 0.0
M3,15/07/22,11:34:25,     1,  9729,   419, 1022.7, 300, 0.0, 0.0, 0.0,  0, 0.0000,     0, 0.0,20.6, 0.0
M3,15/07/22,11:34:26,     1,  9730,   419, 1022.7, 300, 0.0, 0.0, 0.0,  0, 0.0000,     0, 0.0,20.6, 0.0
M3,15/07/22,11:34:27,     1,  9731,   418, 1022.7, 300, 0.0, 0.0, 0.0,  0, 0.0000,     0, 0.0,20.6, 0.0
M3,15/07/22,11:34:28,     1,  9732,   418, 1022.7, 300, 0.0, 0.0, 0.0,  0, 0.0000,     0, 0.0,20.6, 0.0
M3,15/07/22,11:34:29,     1,  9733,   418, 1022.7, 300, 0.0, 0.0, 0.0,  0, 0.0000,     0, 0.0,20.6, 0.0
M3,15/07/22,11:34:30,     1,  9734,   418, 1022.7, 300, 0.0, 0.0, 0.0,  0, 0.0000,     0, 0.0,20.6, 0.0
M3,15/07/22,11:34:31,     1,  9735,   418, 1022.7, 300, 0.0, 0.0, 0.0,  0, 0.0000,     0, 0.0,20.7, 0.0
M3,15/07/22,11:34:32,     1,  9736,   418, 1022.7, 300, 0.0, 0.0, 0.0,  0, 0.0000,     0, 0.0,20.7, 0.0
M3,15/07/22,11:34:33,     1,  9737,   418, 1022.7, 300, 0.0, 0.0, 0.0,  0, 0.0000,     0, 0.0,20.7, 0.0
M3,15/07/22,11:34:34,     1,  9738,   418, 1022.7, 300, 0.0, 0.0, 0.0,  0, 0.0000,     0, 0.0,20.7, 0.0
M3,15/07/22,11:34:35,     1,  9739,   418, 1022.7, 300, 0.0, 0.0, 0.0,  0, 0.0000,     0, 0.0,20.7, 0.0
M3,15/07/22,11:34:36,     1,  9740,   418, 1022.7, 300, 0.0, 0.0, 0.0,  0, 0.0000,     0, 0.0,20.7, 0.0
M3,15/07/22,11:34:37,     1,  9741,   418, 1022.7, 300, 0.0, 0.0, 0.0,  0, 0.0000,     0, 0.0,20.7, 0.0
M3,15/07/22,11:34:38,     1,  9742,   418, 1022.7, 300, 0.0, 0.0, 0.0,  0, 0.0000,     0, 0.0,20.6, 0.0
M3,15/07/22,11:34:39,     1,  9743,   419, 1022.7, 300, 0.0, 0.0, 0.0,  0, 0.0000,     0, 0.0,20.6, 0.0
M3,15/07/22,11:34:40,     1,  9744,   419, 1022.7, 300, 0.0, 0.0, 0.0,  0, 0.0000,     0, 0.0,20.6, 0.0
M3,15/07/22,11:34:41,     1,  9745,   419, 1022.7, 300, 0.0, 0.0, 0.0,  0, 0.0000,     0, 0.0,20.6, 0.0
M3,15/07/22,11:34:42,     1,  9746,   419, 1022.7, 300, 0.0, 0.0, 0.0,  0, 0.0000,     0, 0.0,20.6, 0.0
M3,15/07/22,11:34:43,     1,  9747,   419, 1022.7, 300, 0.0, 0.0, 0.0,  0, 0.0000,     0, 0.0,20.6, 0.0
M3,15/07/22,11:34:44,     1,  9748,   419, 1022.7, 300, 0.0, 0.0, 0.0,  0, 0.0000,     0, 0.0,20.6, 0.0
M3,15/07/22,11:34:45,     1,  9749,   419, 1022.7, 300, 0.0, 0.0, 0.0,  0, 0.0000,     0, 0.0,20.6, 0.0
M3,15/07/22,11:34:46,     1,  9750,   419, 1022.7, 300, 0.0, 0.0, 0.0,  0, 0.0000,     0, 0.0,20.6, 0.0
M3,15/07/22,11:34:47,     1,  9751,   419, 1022.7, 300, 0.0, 0.0, 0.0,  0, 0.0000,     0, 0.0,20.6, 0.0
M3,15/07/22,11:34:48,     1,  9752,   419, 1022.7, 300, 0.0, 0.0, 0.0,  0, 0.0000,     0, 0.0,20.6, 0.0
M3,15/07/22,11:34:49,     1,  9753,   419, 1022.7, 300, 0.0, 0.0, 0.0,  0, 0.0000,     0, 0.0,20.6, 0.0
M3,15/07/22,11:34:50,     1,  9754,   419, 1022.7, 300, 0.0, 0.0, 0.0,  0, 0.0000,     0, 0.0,20.6, 0.0
M3,15/07/22,11:34:51,     1,  9755,   419, 1022.7, 300, 0.0, 0.0, 0.0,  0, 0.0000,     0, 0.0,20.6, 0.0
M3,15/07/22,11:34:52,     1,  9756,   419, 1022.7, 300, 0.0, 0.0, 0.0,  0, 0.0000,     0, 0.0,20.6, 0.0
M3,15/07/22,11:34:53,     1,  9757,   419, 1022.7, 300, 0.0, 0.0, 0.0,  0, 0.0000,     0, 0.0,20.6, 0.0
M3,15/07/22,11:34:54,     1,  9758,   419, 1022.7, 299, 0.0, 0.0, 0.0,  0, 0.0000,     0, 0.0,20.6, 0.0
M3,15/07/22,11:34:55,     1,  9759,   419, 1022.7, 299, 0.0, 0.0, 0.0,  0, 0.0000,     0, 0.0,20.6, 0.0
M3,15/07/22,11:34:56,     1,  9760,   419, 1022.7, 302, 0.0, 0.0, 0.0,  0, 0.0000,    31, 0.0,20.5, 0.0
M3,15/07/22,11:34:57,     1,  9761,   419, 1022.7, 303, 0.0, 0.0, 0.0,  0, 0.0000,    77, 0.0,20.5, 0.0
M3,15/07/22,11:34:58,     1,  9762,   418, 1022.7, 301, 0.0, 0.0, 0.0,  0, 0.0000,    80, 0.0,20.5, 0.0
M3,15/07/22,11:34:59,     1,  9763,   418, 1022.7, 300, 0.0, 0.0, 0.0,  0, 0.0000,    80, 0.0,20.5, 0.0
M3,15/07/22,11:35:00,     1,  9764,   417, 1022.7, 300, 0.0, 0.0, 0.0,  0, 0.0000,    81, 0.0,20.5, 0.0
M3,15/07/22,11:35:01,     1,  9765,   417, 1022.7, 300, 0.0, 0.0, 0.0,  0, 0.0000,    83, 0.0,20.5, 0.0
M3,15/07/22,11:35:02,     1,  9766,   417, 1022.7, 300, 0.0, 0.0, 0.0,  0, 0.0000,    91, 0.0,20.5, 0.0
M3,15/07/22,11:35:03,     1,  9767,   417, 1022.7, 300, 0.0, 0.0, 0.0,  0, 0.0000,    89, 0.0,20.5, 0.0
M3,15/07/22,11:35:04,     1,  9768,   418, 1022.7, 301, 0.0, 0.0, 0.0,  0, 0.0000,   100, 0.0,20.5, 0.0
M3,15/07/22,11:35:05,     1,  9769,   418, 1022.7, 300, 0.0, 0.0, 0.0,  0, 0.0000,   137, 0.0,20.4, 0.0
M3,15/07/22,11:35:06,     1,  9770,   418, 1022.6, 300, 0.0, 0.0, 0.0,  0, 0.0000,   212, 0.0,20.3, 0.0
M3,15/07/22,11:35:07,     1,  9771,   419, 1022.6, 300, 0.0, 0.0, 0.0,  0, 0.0000,    39, 0.0,20.2, 0.0
M3,15/07/22,11:35:08,     1,  9772,   418, 1022.6, 300, 0.0, 0.0, 0.0,  0, 0.0000,    30, 0.0,20.2, 0.0
M3,15/07/22,11:35:09,     1,  9773,   418, 1022.6, 300, 0.0, 0.0, 0.0,  0, 0.0000,    31, 0.0,20.2, 0.0
M3,15/07/22,11:35:10,     1,  9774,   418, 1022.6, 300, 0.0, 0.0, 0.0,  0, 0.0000,    30, 0.0,20.2, 0.0
M3,15/07/22,11:35:11,     1,  9775,   418, 1022.6, 300, 0.0, 0.0, 0.0,  0, 0.0000,    31, 0.0,20.2, 0.0
M3,15/07/22,11:35:12,     1,  9776,   418, 1022.6, 300, 0.0, 0.0, 0.0,  0, 0.0000,    33, 0.0,20.3, 0.0
M3,15/07/22,11:35:13,     1,  9777,   418, 1022.6, 300, 0.0, 0.0, 0.0,  0, 0.0000,    27, 0.0,20.3, 0.0
M3,15/07/22,11:35:14,     1,  9778,   418, 1022.6, 300, 0.0, 0.0, 0.0,  0, 0.0000,    24, 0.0,20.3, 0.0
M3,15/07/22,11:35:15,     1,  9779,   418, 1022.6, 300, 0.0, 0.0, 0.0,  0, 0.0000,    23, 0.0,20.3, 0.0
M3,15/07/22,11:35:16,     1,  9780,   418, 1022.6, 300, 0.0, 0.0, 0.0,  0, 0.0000,    24, 0.0,20.3, 0.0
M3,15/07/22,11:35:17,     1,  9781,   417, 1022.6, 300, 0.0, 0.0, 0.0,  0, 0.0000,    26, 0.0,20.3, 0.0
M3,15/07/22,11:35:18,     1,  9782,   417, 1022.6, 300, 0.0, 0.0, 0.0,  0, 0.0000,    27, 0.0,20.3, 0.0
M3,15/07/22,11:35:19,     1,  9783,   418, 1022.6, 300, 0.0, 0.0, 0.0,  0, 0.0000,    27, 0.0,20.3, 0.0
M3,15/07/22,11:35:20,     1,  9784,   418, 1022.6, 300, 0.0, 0.0, 0.0,  0, 0.0000,    26, 0.0,20.3, 0.0
M3,15/07/22,11:35:21,     1,  9785,   418, 1022.6, 300, 0.0, 0.0, 0.0,  0, 0.0000,    26, 0.0,20.2, 0.0
M3,15/07/22,11:35:22,     1,  9786,   418, 1022.6, 300, 0.0, 0.0, 0.0,  0, 0.0000,    26, 0.0,20.3, 0.0
M3,15/07/22,11:35:23,     1,  9787,   418, 1022.6, 300, 0.0, 0.0, 0.0,  0, 0.0000,    26, 0.0,20.3, 0.0
M3,15/07/22,11:35:24,     1,  9788,   418, 1022.6, 300, 0.0, 0.0, 0.0,  0, 0.0000,    26, 0.0,20.2, 0.0
M3,15/07/22,11:35:25,     1,  9789,   418, 1022.6, 300, 0.0, 0.0, 0.0,  0, 0.0000,    26, 0.0,20.2, 0.0
M3,15/07/22,11:35:26,     1,  9790,   418, 1022.6, 300, 0.0, 0.0, 0.0,  0, 0.0000,    25, 0.0,20.2, 0.0
M3,15/07/22,11:35:27,     1,  9791,   418, 1022.6, 300, 0.0, 0.0, 0.0,  0, 0.0000,    25, 0.0,20.2, 0.0
M3,15/07/22,11:35:28,     1,  9792,   418, 1022.6, 300, 0.0, 0.0, 0.0,  0, 0.0000,    25, 0.0,20.2, 0.0
M3,15/07/22,11:35:29,     1,  9793,   418, 1022.6, 300, 0.0, 0.0, 0.0,  0, 0.0000,    25, 0.0,20.3, 0.0
M3,15/07/22,11:35:30,     1,  9794,   418, 1022.6, 300, 0.0, 0.0, 0.0,  0, 0.0000,    25, 0.0,20.3, 0.0
M3,15/07/22,11:35:32,     1,  9795,   418, 1022.6, 300, 0.0, 0.0, 0.0,  0, 0.0000,    25, 0.0,20.3, 0.0
M3,15/07/22,11:35:33,     1,  9796,   418, 1022.6, 300, 0.0, 0.0, 0.0,  0, 0.0000,    25, 0.0,20.2, 0.0
M3,15/07/22,11:35:34,     1,  9797,   418, 1022.6, 300, 0.0, 0.0, 0.0,  0, 0.0000,    25, 0.0,20.3, 0.0
M3,15/07/22,11:35:35,     1,  9798,   418, 1022.6, 300, 0.0, 0.0, 0.0,  0, 0.0000,    25, 0.0,20.3, 0.0
M3,15/07/22,11:35:36,     1,  9799,   418, 1022.6, 300, 0.0, 0.0, 0.0,  0, 0.0000,    66, 0.0,20.3, 0.0
M3,15/07/22,11:35:37,     1,  9800,   418, 1022.6, 300, 0.0, 0.0, 0.0,  0, 0.0000,   251, 0.0,20.2, 0.0
M3,15/07/22,11:35:38,     1,  9801,   418, 1022.6, 300, 0.0, 0.0, 0.0,  0, 0.0000,   262, 0.0,20.1, 0.0
M3,15/07/22,11:35:39,     1,  9802,   418, 1022.6, 300, 0.0, 0.0, 0.0,  0, 0.0000,   251, 0.0,20.1, 0.0
M3,15/07/22,11:35:40,     1,  9803,   418, 1022.6, 300, 0.0, 0.0, 0.0,  0, 0.0000,   245, 0.0,20.1, 0.0
M3,15/07/22,11:35:41,     1,  9804,   418, 1022.7, 300, 0.0, 0.0, 0.0,  0, 0.0000,   254, 0.0,20.1, 0.0
M3,15/07/22,11:35:42,     1,  9805,   418, 1022.7, 300, 0.0, 0.0, 0.0,  0, 0.0000,   253, 0.0,20.1, 0.0
M3,15/07/22,11:35:43,     1,  9806,   417, 1022.7, 300, 0.0, 0.0, 0.0,  0, 0.0000,   265, 0.0,20.2, 0.0
M3,15/07/22,11:35:44,     1,  9807,   417, 1022.7, 300, 0.0, 0.0, 0.0,  0, 0.0000,   266, 0.0,20.2, 0.0
M3,15/07/22,11:35:45,     1,  9808,   417, 1022.7, 300, 0.0, 0.0, 0.0,  0, 0.0000,   265, 0.0,20.2, 0.0
M3,15/07/22,11:35:46,     1,  9809,   417, 1022.7, 300, 0.0, 0.0, 0.0,  0, 0.0000,   265, 0.0,20.3, 0.0
M3,15/07/22,11:35:47,     1,  9810,   417, 1022.7, 300, 0.0, 0.0, 0.0,  0, 0.0000,   265, 0.0,20.3, 0.0
M3,15/07/22,11:35:48,     1,  9811,   417, 1022.7, 300, 0.0, 0.0, 0.0,  0, 0.0000,   264, 0.0,20.3, 0.0
M3,15/07/22,11:35:49,     1,  9812,   418, 1022.7, 300, 0.0, 0.0, 0.0,  0, 0.0000,   265, 0.0,20.4, 0.0
M3,15/07/22,11:35:50,     1,  9813,   418, 1022.7, 300, 0.0, 0.0, 0.0,  0, 0.0000,   264, 0.0,20.4, 0.0
M3,15/07/22,11:35:51,     1,  9814,   418, 1022.7, 300, 0.0, 0.0, 0.0,  0, 0.0000,   263, 0.0,20.4, 0.0
M3,15/07/22,11:35:52,     1,  9815,   418, 1022.7, 300, 0.0, 0.0, 0.0,  0, 0.0000,   262, 0.0,20.4, 0.0
M3,15/07/22,11:35:53,     1,  9816,   417, 1022.7, 300, 0.0, 0.0, 0.0,  0, 0.0000,   260, 0.0,20.4, 0.0
M3,15/07/22,11:35:54,     1,  9817,   417, 1022.7, 300, 0.0, 0.0, 0.0,  0, 0.0000,   255, 0.0,20.4, 0.0
M3,15/07/22,11:35:55,     1,  9818,   417, 1022.7, 300, 0.0, 0.0, 0.0,  0, 0.0000,   255, 0.0,20.4, 0.0
M3,15/07/22,11:35:56,     1,  9819,   417, 1022.7, 300, 0.0, 0.0, 0.0,  0, 0.0000,   254, 0.0,20.4, 0.0
M3,15/07/22,11:35:57,     1,  9820,   417, 1022.7, 294, 0.0, 0.0, 0.0,  0, 0.0000,   253, 0.0,20.5, 0.0
M3,15/07/22,11:35:58,     1,  9821,   417, 1022.7, 298, 0.0, 0.0, 0.0,  0, 0.0000,   252, 0.0,20.5, 0.0
M3,15/07/22,11:35:59,     1,  9822,   418, 1022.7, 302, 0.0, 0.0, 0.0,  0, 0.0000,   251, 0.0,20.5, 0.0
M3,15/07/22,11:36:00,     1,  9823,   418, 1022.7, 300, 0.0, 0.0, 0.0,  0, 0.0000,   250, 0.0,20.5, 0.0
M3,15/07/22,11:36:01,     1,  9824,   418, 1022.7, 304, 0.0, 0.0, 0.0,  0, 0.0000,   249, 0.0,20.5, 0.0
M3,15/07/22,11:36:02,     1,  9825,   418, 1022.7, 302, 0.0, 0.0, 0.0,  0, 0.0000,   249, 0.0,20.5, 0.0
M3,15/07/22,11:36:03,     1,  9826,   418, 1022.7, 300, 0.0, 0.0, 0.0,  0, 0.0000,   248, 0.0,20.5, 0.0
M3,15/07/22,11:36:04,     1,  9827,   417, 1022.7, 300, 0.0, 0.0, 0.0,  0, 0.0000,   248, 0.0,20.5, 0.0
M3,15/07/22,11:36:05,     1,  9828,   417, 1022.7, 300, 0.0, 0.0, 0.0,  0, 0.0000,   248, 0.0,20.5, 0.0
M3,15/07/22,11:36:06,     1,  9829,   417, 1022.7, 300, 0.0, 0.0, 0.0,  0, 0.0000,   247, 0.0,20.5, 0.0
M3,15/07/22,11:36:07,     1,  9830,   417, 1022.7, 300, 0.0, 0.0, 0.0,  0, 0.0000,   247, 0.0,20.5, 0.0
M3,15/07/22,11:36:08,     1,  9831,   417, 1022.6, 300, 0.0, 0.0, 0.0,  0, 0.0000,   246, 0.0,20.5, 0.0
M3,15/07/22,11:36:09,     1,  9832,   417, 1022.6, 300, 0.0, 0.0, 0.0,  0, 0.0000,   246, 0.0,20.5, 0.0
M3,15/07/22,11:36:10,     1,  9833,   417, 1022.6, 300, 0.0, 0.0, 0.0,  0, 0.0000,   245, 0.0,20.5, 0.0
M3,15/07/22,11:36:11,     1,  9834,   417, 1022.6, 300, 0.0, 0.0, 0.0,  0, 0.0000,   244, 0.0,20.5, 0.0
M3,15/07/22,11:36:12,     1,  9835,   417, 1022.6, 300, 0.0, 0.0, 0.0,  0, 0.0000,   244, 0.0,20.5, 0.0
M3,15/07/22,11:36:13,     1,  9836,   417, 1022.6, 300, 0.0, 0.0, 0.0,  0, 0.0000,   243, 0.0,20.5, 0.0
M3,15/07/22,11:36:14,     1,  9837,   417, 1022.6, 300, 0.0, 0.0, 0.0,  0, 0.0000,   242, 0.0,20.5, 0.0
M3,15/07/22,11:36:15,     1,  9838,   417, 1022.6, 300, 0.0, 0.0, 0.0,  0, 0.0000,   242, 0.0,20.5, 0.0
M3,15/07/22,11:36:16,     1,  9839,   417, 1022.6, 300, 0.0, 0.0, 0.0,  0, 0.0000,   241, 0.0,20.5, 0.0
M3,15/07/22,11:36:17,     1,  9840,   417, 1022.6, 300, 0.0, 0.0, 0.0,  0, 0.0000,   240, 0.0,20.5, 0.0
M3,15/07/22,11:36:18,     1,  9841,   417, 1022.6, 300, 0.0, 0.0, 0.0,  0, 0.0000,   241, 0.0,20.5, 0.0
M3,15/07/22,11:36:19,     1,  9842,   417, 1022.6, 300, 0.0, 0.0, 0.0,  0, 0.0000,   240, 0.0,20.5, 0.0
M3,15/07/22,11:36:20,     1,  9843,   417, 1022.6, 300, 0.0, 0.0, 0.0,  0, 0.0000,   239, 0.0,20.5, 0.0
M3,15/07/22,11:36:21,     1,  9844,   418, 1022.6, 300, 0.0, 0.0, 0.0,  0, 0.0000,   238, 0.0,20.5, 0.0
M3,15/07/22,11:36:22,     1,  9845,   418, 1022.6, 300, 0.0, 0.0, 0.0,  0, 0.0000,   237, 0.0,20.5, 0.0
M3,15/07/22,11:36:23,     1,  9846,   418, 1022.6, 300, 0.0, 0.0, 0.0,  0, 0.0000,   236, 0.0,20.5, 0.0
M3,15/07/22,11:36:24,     1,  9847,   418, 1022.6, 300, 0.0, 0.0, 0.0,  0, 0.0000,   235, 0.0,20.5, 0.0
M3,15/07/22,11:36:25,     1,  9848,   418, 1022.6, 300, 0.0, 0.0, 0.0,  0, 0.0000,   234, 0.0,20.6, 0.0
M3,15/07/22,11:36:26,     1,  9849,   418, 1022.6, 300, 0.0, 0.0, 0.0,  0, 0.0000,   233, 0.0,20.6, 0.0
M3,15/07/22,11:36:27,     1,  9850,   418, 1022.6, 300, 0.0, 0.0, 0.0,  0, 0.0000,   233, 0.0,20.6, 0.0
M3,15/07/22,11:36:28,     1,  9851,   417, 1022.6, 300, 0.0, 0.0, 0.0,  0, 0.0000,   233, 0.0,20.6, 0.0
M3,15/07/22,11:36:29,     1,  9852,   418, 1022.6, 300, 0.0, 0.0, 0.0,  0, 0.0000,   233, 0.0,20.6, 0.0
M3,15/07/22,11:36:30,     1,  9853,   417, 1022.6, 300, 0.0, 0.0, 0.0,  0, 0.0000,   233, 0.0,20.6, 0.0
M3,15/07/22,11:36:31,     1,  9854,   417, 1022.6, 300, 0.0, 0.0, 0.0,  0, 0.0000,   233, 0.0,20.6, 0.0
M3,15/07/22,11:36:32,     1,  9855,   417, 1022.6, 300, 0.0, 0.0, 0.0,  0, 0.0000,   232, 0.0,20.6, 0.0
M3,15/07/22,11:36:33,     1,  9856,   417, 1022.6, 300, 0.0, 0.0, 0.0,  0, 0.0000,   232, 0.0,20.6, 0.0
M3,15/07/22,11:36:34,     1,  9857,   417, 1022.6, 300, 0.0, 0.0, 0.0,  0, 0.0000,   232, 0.0,20.6, 0.0
M3,15/07/22,11:36:35,     1,  9858,   417, 1022.6, 300, 0.0, 0.0, 0.0,  0, 0.0000,   232, 0.0,20.6, 0.0
M3,15/07/22,11:36:36,     1,  9859,   417, 1022.6, 300, 0.0, 0.0, 0.0,  0, 0.0000,   232, 0.0,20.6, 0.0
M3,15/07/22,11:36:37,     1,  9860,   417, 1022.6, 300, 0.0, 0.0, 0.0,  0, 0.0000,   232, 0.0,20.6, 0.0
M3,15/07/22,11:36:38,     1,  9861,   417, 1022.6, 300, 0.0, 0.0, 0.0,  0, 0.0000,   230, 0.0,20.6, 0.0
M3,15/07/22,11:36:39,     1,  9862,   417, 1022.6, 300, 0.0, 0.0, 0.0,  0, 0.0000,   230, 0.0,20.6, 0.0
M3,15/07/22,11:36:40,     1,  9863,   417, 1022.6, 300, 0.0, 0.0, 0.0,  0, 0.0000,   230, 0.0,20.6, 0.0
M3,15/07/22,11:36:41,     1,  9864,   417, 1022.6, 300, 0.0, 0.0, 0.0,  0, 0.0000,   230, 0.0,20.6, 0.0
M3,15/07/22,11:36:42,     1,  9865,   417, 1022.6, 300, 0.0, 0.0, 0.0,  0, 0.0000,   230, 0.0,20.6, 0.0
M3,15/07/22,11:36:43,     1,  9866,   417, 1022.6, 300, 0.0, 0.0, 0.0,  0, 0.0000,   229, 0.0,20.6, 0.0
M3,15/07/22,11:36:44,     1,  9867,   417, 1022.6, 300, 0.0, 0.0, 0.0,  0, 0.0000,   229, 0.0,20.6, 0.0
M3,15/07/22,11:36:45,     1,  9868,   417, 1022.6, 300, 0.0, 0.0, 0.0,  0, 0.0000,   229, 0.0,20.6, 0.0
M3,15/07/22,11:36:46,     1,  9869,   417, 1022.6, 300, 0.0, 0.0, 0.0,  0, 0.0000,   228, 0.0,20.6, 0.0
M3,15/07/22,11:36:47,     1,  9870,   417, 1022.6, 300, 0.0, 0.0, 0.0,  0, 0.0000,   226, 0.0,20.6, 0.0
M3,15/07/22,11:36:48,     1,  9871,   417, 1022.6, 300, 0.0, 0.0, 0.0,  0, 0.0000,   225, 0.0,20.6, 0.0
M3,15/07/22,11:36:49,     1,  9872,   417, 1022.6, 300, 0.0, 0.0, 0.0,  0, 0.0000,   225, 0.0,20.6, 0.0
M3,15/07/22,11:36:50,     1,  9873,   417, 1022.6, 300, 0.0, 0.0, 0.0,  0, 0.0000,   225, 0.0,20.6, 0.0
M3,15/07/22,11:36:51,     1,  9874,   417, 1022.6, 300, 0.0, 0.0, 0.0,  0, 0.0000,   225, 0.0,20.6, 0.0
M3,15/07/22,11:36:52,     1,  9875,   417, 1022.6, 300, 0.0, 0.0, 0.0,  0, 0.0000,   227, 0.0,20.6, 0.0
M3,15/07/22,11:36:53,     1,  9876,   417, 1022.6, 300, 0.0, 0.0, 0.0,  0, 0.0000,   227, 0.0,20.6, 0.0
M3,15/07/22,11:36:54,     1,  9877,   417, 1022.6, 300, 0.0, 0.0, 0.0,  0, 0.0000,   224, 0.0,20.6, 0.0
M3,15/07/22,11:36:55,     1,  9878,   417, 1022.6, 300, 0.0, 0.0, 0.0,  0, 0.0000,   224, 0.0,20.6, 0.0
M3,15/07/22,11:36:56,     1,  9879,   417, 1022.6, 300, 0.0, 0.0, 0.0,  0, 0.0000,   228, 0.0,20.6, 0.0
M3,15/07/22,11:36:57,     1,  9880,   417, 1022.6, 300, 0.0, 0.0, 0.0,  0, 0.0000,   232, 0.0,20.6, 0.0
M3,15/07/22,11:36:58,     1,  9881,   417, 1022.6, 300, 0.0, 0.0, 0.0,  0, 0.0000,   232, 0.0,20.6, 0.0
M3,15/07/22,11:36:59,     1,  9882,   417, 1022.6, 300, 0.0, 0.0, 0.0,  0, 0.0000,   232, 0.0,20.6, 0.0
M3,15/07/22,11:37:00,     1,  9883,   417, 1022.6, 300, 0.0, 0.0, 0.0,  0, 0.0000,   229, 0.0,20.6, 0.0
M3,15/07/22,11:37:01,     1,  9884,   417, 1022.6, 300, 0.0, 0.0, 0.0,  0, 0.0000,   222, 0.0,20.6, 0.0
M3,15/07/22,11:37:02,     1,  9885,   417, 1022.6, 300, 0.0, 0.0, 0.0,  0, 0.0000,   231, 0.0,20.6, 0.0
M3,15/07/22,11:37:03,     1,  9886,   417, 1022.6, 300, 0.0, 0.0, 0.0,  0, 0.0000,   239, 0.0,20.6, 0.0
M3,15/07/22,11:37:04,     1,  9887,   417, 1022.6, 300, 0.0, 0.0, 0.0,  0, 0.0000,   238, 0.0,20.6, 0.0
M3,15/07/22,11:37:05,     1,  9888,   418, 1022.6, 300, 0.0, 0.0, 0.0,  0, 0.0000,   240, 0.0,20.6, 0.0
M3,15/07/22,11:37:06,     1,  9889,   418, 1022.6, 300, 0.0, 0.0, 0.0,  0, 0.0000,   240, 0.0,20.6, 0.0
M3,15/07/22,11:37:07,     1,  9890,   418, 1022.6, 300, 0.0, 0.0, 0.0,  0, 0.0000,   239, 0.0,20.6, 0.0
M3,15/07/22,11:37:08,     1,  9891,   418, 1022.6, 300, 0.0, 0.0, 0.0,  0, 0.0000,   239, 0.0,20.6, 0.0
M3,15/07/22,11:37:09,     1,  9892,   418, 1022.6, 300, 0.0, 0.0, 0.0,  0, 0.0000,   220, 0.0,20.6, 0.0
M3,15/07/22,11:37:10,     1,  9893,   418, 1022.6, 300, 0.0, 0.0, 0.0,  0, 0.0000,   222, 0.0,20.6, 0.0
M3,15/07/22,11:37:11,     1,  9894,   418, 1022.6, 300, 0.0, 0.0, 0.0,  0, 0.0000,   236, 0.0,20.6, 0.0
M3,15/07/22,11:37:12,     1,  9895,   419, 1022.6, 300, 0.0, 0.0, 0.0,  0, 0.0000,   237, 0.0,20.6, 0.0
M3,15/07/22,11:37:13,     1,  9896,   419, 1022.6, 300, 0.0, 0.0, 0.0,  0, 0.0000,   237, 0.0,20.6, 0.0
M3,15/07/22,11:37:14,     1,  9897,   419, 1022.6, 300, 0.0, 0.0, 0.0,  0, 0.0000,   237, 0.0,20.6, 0.0
M3,15/07/22,11:37:15,     1,  9898,   418, 1022.6, 300, 0.0, 0.0, 0.0,  0, 0.0000,   237, 0.0,20.6, 0.0
M3,15/07/22,11:37:16,     1,  9899,   418, 1022.6, 300, 0.0, 0.0, 0.0,  0, 0.0000,   237, 0.0,20.6, 0.0
M3,15/07/22,11:37:17,     1,  9900,   418, 1022.6, 300, 0.0, 0.0, 0.0,  0, 0.0000,   237, 0.0,20.6, 0.0
M3,15/07/22,11:37:18,     1,  9901,   418, 1022.6, 300, 0.0, 0.0, 0.0,  0, 0.0000,   237, 0.0,20.6, 0.0
M3,15/07/22,11:37:19,     1,  9902,   418, 1022.6, 300, 0.0, 0.0, 0.0,  0, 0.0000,   237, 0.0,20.6, 0.0
M3,15/07/22,11:37:20,     1,  9903,   418, 1022.6, 300, 0.0, 0.0, 0.0,  0, 0.0000,   238, 0.0,20.6, 0.0
M3,15/07/22,11:37:21,     1,  9904,   418, 1022.6, 300, 0.0, 0.0, 0.0,  0, 0.0000,   238, 0.0,20.6, 0.0
M3,15/07/22,11:37:22,     1,  9905,   417, 1022.6, 300, 0.0, 0.0, 0.0,  0, 0.0000,   238, 0.0,20.6, 0.0
M3,15/07/22,11:37:23,     1,  9906,   417, 1022.6, 300, 0.0, 0.0, 0.0,  0, 0.0000,   238, 0.0,20.6, 0.0
M3,15/07/22,11:37:24,     1,  9907,   417, 1022.6, 300, 0.0, 0.0, 0.0,  0, 0.0000,   238, 0.0,20.6, 0.0
M3,15/07/22,11:37:25,     1,  9908,   417, 1022.6, 300, 0.0, 0.0, 0.0,  0, 0.0000,   238, 0.0,20.6, 0.0
M3,15/07/22,11:37:26,     1,  9909,   417, 1022.6, 300, 0.0, 0.0, 0.0,  0, 0.0000,   238, 0.0,20.6, 0.0
M3,15/07/22,11:37:27,     1,  9910,   417, 1022.6, 300, 0.0, 0.0, 0.0,  0, 0.0000,   239, 0.0,20.6, 0.0
M3,15/07/22,11:37:28,     1,  9911,   417, 1022.6, 300, 0.0, 0.0, 0.0,  0, 0.0000,   239, 0.0,20.6, 0.0
M3,15/07/22,11:37:29,     1,  9912,   417, 1022.6, 300, 0.0, 0.0, 0.0,  0, 0.0000,   239, 0.0,20.6, 0.0
M3,15/07/22,11:37:30,     1,  9913,   417, 1022.6, 300, 0.0, 0.0, 0.0,  0, 0.0000,   239, 0.0,20.6, 0.0
M3,15/07/22,11:37:31,     1,  9914,   417, 1022.6, 300, 0.0, 0.0, 0.0,  0, 0.0000,   239, 0.0,20.6, 0.0
M3,15/07/22,11:37:32,     1,  9915,   417, 1022.6, 300, 0.0, 0.0, 0.0,  0, 0.0000,   230, 0.0,20.6, 0.0
M3,15/07/22,11:37:33,     1,  9916,   417, 1022.6, 300, 0.0, 0.0, 0.0,  0, 0.0000,   216, 0.0,20.6, 0.0
M3,15/07/22,11:37:34,     1,  9917,   417, 1022.6, 300, 0.0, 0.0, 0.0,  0, 0.0000,   240, 0.0,20.6, 0.0
M3,15/07/22,11:37:35,     1,  9918,   417, 1022.6, 300, 0.0, 0.0, 0.0,  0, 0.0000,   241, 0.0,20.6, 0.0
M3,15/07/22,11:37:36,     1,  9919,   417, 1022.6, 300, 0.0, 0.0, 0.0,  0, 0.0000,   241, 0.0,20.6, 0.0
M3,15/07/22,11:37:37,     1,  9920,   417, 1022.6, 300, 0.0, 0.0, 0.0,  0, 0.0000,   241, 0.0,20.6, 0.0
M3,15/07/22,11:37:38,     1,  9921,   417, 1022.6, 300, 0.0, 0.0, 0.0,  0, 0.0000,   241, 0.0,20.6, 0.0
M3,15/07/22,11:37:39,     1,  9922,   418, 1022.6, 300, 0.0, 0.0, 0.0,  0, 0.0000,   242, 0.0,20.5, 0.0
M3,15/07/22,11:37:40,     1,  9923,   421, 1022.6, 300, 0.0, 0.0, 0.0,  0, 0.0000,   242, 0.0,20.5, 0.0
M3,15/07/22,11:37:41,     1,  9924,   420, 1022.6, 300, 0.0, 0.0, 0.0,  0, 0.0000,   242, 0.0,20.5, 0.0
M3,15/07/22,11:37:42,     1,  9925,   419, 1022.6, 300, 0.0, 0.0, 0.0,  0, 0.0000,   242, 0.0,20.5, 0.0
M3,15/07/22,11:37:43,     1,  9926,   418, 1022.6, 300, 0.0, 0.0, 0.0,  0, 0.0000,   242, 0.0,20.5, 0.0
M3,15/07/22,11:37:44,     1,  9927,   418, 1022.6, 300, 0.0, 0.0, 0.0,  0, 0.0000,   243, 0.0,20.5, 0.0
M3,15/07/22,11:37:45,     1,  9928,   418, 1022.6, 300, 0.0, 0.0, 0.0,  0, 0.0000,   243, 0.0,20.5, 0.0
M3,15/07/22,11:37:46,     1,  9929,   419, 1022.6, 300, 0.0, 0.0, 0.0,  0, 0.0000,   243, 0.0,20.5, 0.0
M3,15/07/22,11:37:47,     1,  9930,   419, 1022.6, 300, 0.0, 0.0, 0.0,  0, 0.0000,   243, 0.0,20.5, 0.0
M3,15/07/22,11:37:48,     1,  9931,   419, 1022.6, 300, 0.0, 0.0, 0.0,  0, 0.0000,   244, 0.0,20.5, 0.0
M3,15/07/22,11:37:49,     1,  9932,   418, 1022.6, 300, 0.0, 0.0, 0.0,  0, 0.0000,   244, 0.0,20.5, 0.0
M3,15/07/22,11:37:50,     1,  9933,   418, 1022.6, 300, 0.0, 0.0, 0.0,  0, 0.0000,   244, 0.0,20.5, 0.0
M3,15/07/22,11:37:51,     1,  9934,   418, 1022.6, 300, 0.0, 0.0, 0.0,  0, 0.0000,   244, 0.0,20.5, 0.0
M3,15/07/22,11:37:52,     1,  9935,   418, 1022.6, 300, 0.0, 0.0, 0.0,  0, 0.0000,   245, 0.0,20.5, 0.0
M3,15/07/22,11:37:53,     1,  9936,   418, 1022.6, 300, 0.0, 0.0, 0.0,  0, 0.0000,   245, 0.0,20.5, 0.0
M3,15/07/22,11:37:54,     1,  9937,   418, 1022.6, 300, 0.0, 0.0, 0.0,  0, 0.0000,   245, 0.0,20.5, 0.0
M3,15/07/22,11:37:55,     1,  9938,   417, 1022.6, 300, 0.0, 0.0, 0.0,  0, 0.0000,   246, 0.0,20.5, 0.0
M3,15/07/22,11:37:56,     1,  9939,   417, 1022.6, 300, 0.0, 0.0, 0.0,  0, 0.0000,   246, 0.0,20.5, 0.0
M3,15/07/22,11:37:57,     1,  9940,   418, 1022.6, 300, 0.0, 0.0, 0.0,  0, 0.0000,   246, 0.0,20.5, 0.0
M3,15/07/22,11:37:58,     1,  9941,   418, 1022.6, 300, 0.0, 0.0, 0.0,  0, 0.0000,   247, 0.0,20.5, 0.0
M3,15/07/22,11:37:59,     1,  9942,   418, 1022.6, 300, 0.0, 0.0, 0.0,  0, 0.0000,   247, 0.0,20.5, 0.0
M3,15/07/22,11:38:00,     1,  9943,   418, 1022.6, 300, 0.0, 0.0, 0.0,  0, 0.0000,   248, 0.0,20.5, 0.0
M3,15/07/22,11:38:01,     1,  9944,   418, 1022.6, 300, 0.0, 0.0, 0.0,  0, 0.0000,   248, 0.0,20.5, 0.0
M3,15/07/22,11:38:02,     1,  9945,   418, 1022.6, 300, 0.0, 0.0, 0.0,  0, 0.0000,   248, 0.0,20.5, 0.0
M3,15/07/22,11:38:03,     1,  9946,   418, 1022.6, 300, 0.0, 0.0, 0.0,  0, 0.0000,   249, 0.0,20.5, 0.0
M3,15/07/22,11:38:05,     1,  9947,   418, 1022.6, 300, 0.0, 0.0, 0.0,  0, 0.0000,   249, 0.0,20.5, 0.0
M3,15/07/22,11:38:06,     1,  9948,   417, 1022.6, 300, 0.0, 0.0, 0.0,  0, 0.0000,   250, 0.0,20.5, 0.0
M3,15/07/22,11:38:07,     1,  9949,   417, 1022.6, 300, 0.0, 0.0, 0.0,  0, 0.0000,   250, 0.0,20.5, 0.0
M3,15/07/22,11:38:08,     1,  9950,   417, 1022.6, 300, 0.0, 0.0, 0.0,  0, 0.0000,   251, 0.0,20.5, 0.0
M3,15/07/22,11:38:09,     1,  9951,   417, 1022.6, 300, 0.0, 0.0, 0.0,  0, 0.0000,   251, 0.0,20.5, 0.0
M3,15/07/22,11:38:10,     1,  9952,   417, 1022.6, 300, 0.0, 0.0, 0.0,  0, 0.0000,   252, 0.0,20.5, 0.0
M3,15/07/22,11:38:11,     1,  9953,   417, 1022.6, 300, 0.0, 0.0, 0.0,  0, 0.0000,   252, 0.0,20.5, 0.0
M3,15/07/22,11:38:12,     1,  9954,   417, 1022.6, 300, 0.0, 0.0, 0.0,  0, 0.0000,   253, 0.0,20.5, 0.0
M3,15/07/22,11:38:13,     1,  9955,   417, 1022.6, 300, 0.0, 0.0, 0.0,  0, 0.0000,   253, 0.0,20.5, 0.0
M3,15/07/22,11:38:14,     1,  9956,   417, 1022.6, 300, 0.0, 0.0, 0.0,  0, 0.0000,   254, 0.0,20.5, 0.0
M3,15/07/22,11:38:15,     1,  9957,   417, 1022.6, 300, 0.0, 0.0, 0.0,  0, 0.0000,   254, 0.0,20.5, 0.0
M3,15/07/22,11:38:16,     1,  9958,   417, 1022.6, 300, 0.0, 0.0, 0.0,  0, 0.0000,   255, 0.0,20.5, 0.0
M3,15/07/22,11:38:17,     1,  9959,   418, 1022.6, 300, 0.0, 0.0, 0.0,  0, 0.0000,   255, 0.0,20.5, 0.0
M3,15/07/22,11:38:18,     1,  9960,   418, 1022.6, 300, 0.0, 0.0, 0.0,  0, 0.0000,   256, 0.0,20.5, 0.0
M3,15/07/22,11:38:19,     1,  9961,   418, 1022.6, 300, 0.0, 0.0, 0.0,  0, 0.0000,   256, 0.0,20.5, 0.0
M3,15/07/22,11:38:20,     1,  9962,   418, 1022.6, 300, 0.0, 0.0, 0.0,  0, 0.0000,   257, 0.0,20.5, 0.0
M3,15/07/22,11:38:21,     1,  9963,   417, 1022.6, 298, 0.0, 0.0, 0.0,  0, 0.0000,   258, 0.0,20.5, 0.0
M3,15/07/22,11:38:22,     1,  9964,   417, 1022.6, 294, 0.0, 0.0, 0.0,  0, 0.0000,   258, 0.0,20.5, 0.0
M3,15/07/22,11:38:23,     1,  9965,   417, 1022.6, 296, 0.0, 0.0, 0.0,  0, 0.0000,   259, 0.0,20.5, 0.0
M3,15/07/22,11:38:24,     1,  9966,   418, 1022.6, 299, 0.0, 0.0, 0.0,  0, 0.0000,   259, 0.0,20.5, 0.0
M3,15/07/22,11:38:25,     1,  9967,   417, 1022.6, 300, 0.0, 0.0, 0.0,  0, 0.0000,   260, 0.0,20.5, 0.0
M3,15/07/22,11:38:26,     1,  9968,   413, 1022.6, 300, 0.0, 0.0, 0.0,  0, 0.0000,   260, 0.0,20.5, 0.0
M3,15/07/22,11:38:27,     1,  9969,   410, 1022.6, 300, 0.0, 0.0, 0.0,  0, 0.0000,   261, 0.0,20.5, 0.0
M3,15/07/22,11:38:28,     1,  9970,   407, 1022.6, 300, 0.0, 0.0, 0.0,  0, 0.0000,   261, 0.0,20.5, 0.0
M3,15/07/22,11:38:29,     1,  9971,   405, 1022.6, 300, 0.0, 0.0, 0.0,  0, 0.0000,   263, 0.0,20.5, 0.0
M3,15/07/22,11:38:30,     1,  9972,   405, 1022.6, 300, 0.0, 0.0, 0.0,  0, 0.0000,   264, 0.0,20.5, 0.0
M3,15/07/22,11:38:31,     1,  9973,   404, 1022.6, 300, 0.0, 0.0, 0.0,  0, 0.0000,   265, 0.0,20.5, 0.0
M3,15/07/22,11:38:32,     1,  9974,   404, 1022.6, 300, 0.0, 0.0, 0.0,  0, 0.0000,   266, 0.0,20.5, 0.0
M3,15/07/22,11:38:33,     1,  9975,   404, 1022.6, 300, 0.0, 0.0, 0.0,  0, 0.0000,   267, 0.0,20.5, 0.0
M3,15/07/22,11:38:34,     1,  9976,   404, 1022.6, 300, 0.0, 0.0, 0.0,  0, 0.0000,   268, 0.0,20.5, 0.0
M3,15/07/22,11:38:35,     1,  9977,   404, 1022.6, 300, 0.0, 0.0, 0.0,  0, 0.0000,   269, 0.0,20.5, 0.0
M3,15/07/22,11:38:36,     1,  9978,   404, 1022.6, 300, 0.0, 0.0, 0.0,  0, 0.0000,   269, 0.0,20.5, 0.0
M3,15/07/22,11:38:37,     1,  9979,   404, 1022.6, 300, 0.0, 0.0, 0.0,  0, 0.0000,   269, 0.0,20.5, 0.0
M3,15/07/22,11:38:38,     1,  9980,   404, 1022.6, 300, 0.0, 0.0, 0.0,  0, 0.0000,   269, 0.0,20.5, 0.0
M3,15/07/22,11:38:39,     1,  9981,   404, 1022.6, 300, 0.0, 0.0, 0.0,  0, 0.0000,   270, 0.0,20.5, 0.0
M3,15/07/22,11:38:40,     1,  9982,   404, 1022.6, 300, 0.0, 0.0, 0.0,  0, 0.0000,   271, 0.0,20.5, 0.0
M3,15/07/22,11:38:41,     1,  9983,   404, 1022.6, 300, 0.0, 0.0, 0.0,  0, 0.0000,   273, 0.0,20.5, 0.0
M3,15/07/22,11:38:42,     1,  9984,   403, 1022.6, 300, 0.0, 0.0, 0.0,  0, 0.0000,   274, 0.0,20.5, 0.0
M3,15/07/22,11:38:43,     1,  9985,   403, 1022.6, 300, 0.0, 0.0, 0.0,  0, 0.0000,   275, 0.0,20.5, 0.0
M3,15/07/22,11:38:44,     1,  9986,   403, 1022.6, 300, 0.0, 0.0, 0.0,  0, 0.0000,   276, 0.0,20.5, 0.0
M3,15/07/22,11:38:45,     1,  9987,   403, 1022.6, 300, 0.0, 0.0, 0.0,  0, 0.0000,   276, 0.0,20.5, 0.0
M3,15/07/22,11:38:46,     1,  9988,   403, 1022.6, 300, 0.0, 0.0, 0.0,  0, 0.0000,   278, 0.0,20.5, 0.0
M3,15/07/22,11:38:47,     1,  9989,   403, 1022.6, 300, 0.0, 0.0, 0.0,  0, 0.0000,   281, 0.0,20.5, 0.0
M3,15/07/22,11:38:48,     1,  9990,   403, 1022.6, 300, 0.0, 0.0, 0.0,  0, 0.0000,   289, 0.0,20.5, 0.0
M3,15/07/22,11:38:49,     1,  9991,   403, 1022.6, 300, 0.0, 0.0, 0.0,  0, 0.0000,   289, 0.0,20.5, 0.0
M3,15/07/22,11:38:50,     1,  9992,   403, 1022.6, 300, 0.0, 0.0, 0.0,  0, 0.0000,   291, 0.0,20.5, 0.0
M3,15/07/22,11:38:51,     1,  9993,   403, 1022.6, 300, 0.0, 0.0, 0.0,  0, 0.0000,   294, 0.0,20.4, 0.0
M3,15/07/22,11:38:52,     1,  9994,   403, 1022.6, 300, 0.0, 0.0, 0.0,  0, 0.0000,   298, 0.0,20.4, 0.0
M3,15/07/22,11:38:53,     1,  9995,   403, 1022.6, 300, 0.0, 0.0, 0.0,  0, 0.0000,   302, 0.0,20.4, 0.0
M3,15/07/22,11:38:54,     1,  9996,   403, 1022.6, 300, 0.0, 0.0, 0.0,  0, 0.0000,   297, 0.0,20.4, 0.0
M3,15/07/22,11:38:55,     1,  9997,   403, 1022.6, 300, 0.0, 0.0, 0.0,  0, 0.0000,   254, 0.0,20.4, 0.0
M3,15/07/22,11:38:56,     1,  9998,   403, 1022.6, 300, 0.0, 0.0, 0.0,  0, 0.0000,   241, 0.0,20.4, 0.0
M3,15/07/22,11:38:57,     1,  9999,   403, 1022.6, 300, 0.0, 0.0, 0.0,  0, 0.0000,   234, 0.0,20.4, 0.0
M3,15/07/22,11:38:58,     1, 10000,   403, 1022.6, 300, 0.0, 0.0, 0.0,  0, 0.0000,   224, 0.0,20.4, 0.0
M3,15/07/22,11:38:59,     1, 10001,   403, 1022.6, 300, 0.0, 0.0, 0.0,  0, 0.0000,   212, 0.0,20.4, 0.0
M3,15/07/22,11:39:00,     1, 10002,   403, 1022.6, 300, 0.0, 0.0, 0.0,  0, 0.0000,   221, 0.0,20.4, 0.0
M3,15/07/22,11:39:01,     1, 10003,   403, 1022.6, 300, 0.0, 0.0, 0.0,  0, 0.0000,   222, 0.0,20.3, 0.0
M3,15/07/22,11:39:02,     1, 10004,   403, 1022.7, 300, 0.0, 0.0, 0.0,  0, 0.0000,   223, 0.0,20.3, 0.0
M3,15/07/22,11:39:03,     1, 10005,   405, 1022.7, 300, 0.0, 0.0, 0.0,  0, 0.0000,   222, 0.0,20.2, 0.0
M3,15/07/22,11:39:04,     1, 10006,   407, 1022.7, 300, 0.0, 0.0, 0.0,  0, 0.0000,   218, 0.0,20.2, 0.0
M3,15/07/22,11:39:05,     1, 10007,   410, 1022.7, 300, 0.0, 0.0, 0.0,  0, 0.0000,   217, 0.0,20.2, 0.0
M3,15/07/22,11:39:06,     1, 10008,   413, 1022.7, 300, 0.0, 0.0, 0.0,  0, 0.0000,   220, 0.0,20.1, 0.0
M3,15/07/22,11:39:07,     1, 10009,   414, 1022.7, 300, 0.0, 0.0, 0.0,  0, 0.0000,   221, 0.0,20.1, 0.0
M3,15/07/22,11:39:08,     1, 10010,   415, 1022.7, 300, 0.0, 0.0, 0.0,  0, 0.0000,   222, 0.0,20.1, 0.0
M3,15/07/22,11:39:09,     1, 10011,   416, 1022.7, 300, 0.0, 0.0, 0.0,  0, 0.0000,   222, 0.0,20.0, 0.0
M3,15/07/22,11:39:10,     1, 10012,   416, 1022.7, 300, 0.0, 0.0, 0.0,  0, 0.0000,   224, 0.0,20.0, 0.0
M3,15/07/22,11:39:11,     1, 10013,   416, 1022.7, 300, 0.0, 0.0, 0.0,  0, 0.0000,   227, 0.0,20.0, 0.0
M3,15/07/22,11:39:12,     1, 10014,   416, 1022.7, 300, 0.0, 0.0, 0.0,  0, 0.0000,   225, 0.0,20.0, 0.0
M3,15/07/22,11:39:13,     1, 10015,   416, 1022.7, 300, 0.0, 0.0, 0.0,  0, 0.0000,   224, 0.0,20.0, 0.0
M3,15/07/22,11:39:14,     1, 10016,   416, 1022.7, 300, 0.0, 0.0, 0.0,  0, 0.0000,   224, 0.0,20.0, 0.0
M3,15/07/22,11:39:15,     1, 10017,   416, 1022.7, 300, 0.0, 0.0, 0.0,  0, 0.0000,   225, 0.0,20.0, 0.0
M3,15/07/22,11:39:16,     1, 10018,   417, 1022.7, 300, 0.0, 0.0, 0.0,  0, 0.0000,   226, 0.0,20.0, 0.0
M3,15/07/22,11:39:17,     1, 10019,   417, 1022.7, 300, 0.0, 0.0, 0.0,  0, 0.0000,   227, 0.0,20.0, 0.0
M3,15/07/22,11:39:18,     1, 10020,   417, 1022.7, 300, 0.0, 0.0, 0.0,  0, 0.0000,   228, 0.0,20.0, 0.0
M3,15/07/22,11:39:19,     1, 10021,   416, 1022.6, 300, 0.0, 0.0, 0.0,  0, 0.0000,   229, 0.0,20.0, 0.0
M3,15/07/22,11:39:20,     1, 10022,   416, 1022.6, 300, 0.0, 0.0, 0.0,  0, 0.0000,   230, 0.0,20.0, 0.0
M3,15/07/22,11:39:21,     1, 10023,   416, 1022.6, 300, 0.0, 0.0, 0.0,  0, 0.0000,   241, 0.0,20.0, 0.0
M3,15/07/22,11:39:22,     1, 10024,   416, 1022.6, 300, 0.0, 0.0, 0.0,  0, 0.0000,   260, 0.0,20.0, 0.0
M3,15/07/22,11:39:23,     1, 10025,   416, 1022.6, 300, 0.0, 0.0, 0.0,  0, 0.0000,   328, 0.0,20.0, 0.0
M3,15/07/22,11:39:24,     1, 10026,   417, 1022.6, 300, 0.0, 0.0, 0.0,  0, 0.0000,   350, 0.0,20.0, 0.0
M3,15/07/22,11:39:25,     1, 10027,   417, 1022.6, 300, 0.0, 0.0, 0.0,  0, 0.0000,   291, 0.0,20.0, 0.0
M3,15/07/22,11:39:26,     1, 10028,   417, 1022.6, 300, 0.0, 0.0, 0.0,  0, 0.0000,   274, 0.0,20.0, 0.0
M3,15/07/22,11:39:27,     1, 10029,   417, 1022.6, 300, 0.0, 0.0, 0.0,  0, 0.0000,    59, 0.0,20.1, 0.0
M3,15/07/22,11:39:28,     1, 10030,   417, 1022.6, 300, 0.0, 0.0, 0.0,  0, 0.0000,    20, 0.0,20.1, 0.0
M3,15/07/22,11:39:29,     1, 10031,   416, 1022.6, 300, 0.0, 0.0, 0.0,  0, 0.0000,    68, 0.0,20.1, 0.0
M3,15/07/22,11:39:30,     1, 10032,   416, 1022.6, 300, 0.0, 0.0, 0.0,  0, 0.0000,    47, 0.0,20.1, 0.0
M3,15/07/22,11:39:31,     1, 10033,   417, 1022.6, 300, 0.0, 0.0, 0.0,  0, 0.0000,    15, 0.0,20.1, 0.0
