Tag(M3),Date,Time,Plot_No,Rec_No,CO2,Pressure,Flow,H2O,Tsen,O2,Error,Aux_V,PAR,Tsoil,Tair,Msoil
M3,04/07/22,10:44:29,     1,  5406,   407, 1019.7, 300, 0.0, 0.0, 0.0,  0, 0.0000,     1, 0.0,25.6, 0.0
M3,04/07/22,10:44:30,     1,  5407,   409, 1019.7, 300, 0.0, 0.0, 0.0,  0, 0.0000,     1, 0.0,25.6, 0.0
M3,04/07/22,10:44:31,     1,  5408,   409, 1019.7, 300, 0.0, 0.0, 0.0,  0, 0.0000,     1, 0.0,25.5, 0.0
M3,04/07/22,10:44:32,     1,  5409,   410, 1019.7, 300, 0.0, 0.0, 0.0,  0, 0.0000,     1, 0.0,25.5, 0.0
M3,04/07/22,10:44:33,     1,  5410,   410, 1019.7, 300, 0.0, 0.0, 0.0,  0, 0.0000,     1, 0.0,25.5, 0.0
M3,04/07/22,10:44:34,     1,  5411,   411, 1019.7, 300, 0.0, 0.0, 0.0,  0, 0.0000,     1, 0.0,25.5, 0.0
M3,04/07/22,10:44:35,     1,  5412,   411, 1019.7, 300, 0.0, 0.0, 0.0,  0, 0.0000,     1, 0.0,25.5, 0.0
M3,04/07/22,10:44:36,     1,  5413,   412, 1019.7, 300, 0.0, 0.0, 0.0,  0, 0.0000,     1, 0.0,25.5, 0.0
M3,04/07/22,10:44:37,     1,  5414,   412, 1019.7, 300, 0.0, 0.0, 0.0,  0, 0.0000,     1, 0.0,25.5, 0.0
M3,04/07/22,10:44:38,     1,  5415,   413, 1019.7, 300, 0.0, 0.0, 0.0,  0, 0.0000,     1, 0.0,25.5, 0.0
M3,04/07/22,10:44:39,     1,  5416,   413, 1019.7, 300, 0.0, 0.0, 0.0,  0, 0.0000,     1, 0.0,25.5, 0.0
M3,04/07/22,10:44:40,     1,  5417,   413, 1019.7, 300, 0.0, 0.0, 0.0,  0, 0.0000,     1, 0.0,25.5, 0.0
M3,04/07/22,10:44:41,     1,  5418,   413, 1019.7, 300, 0.0, 0.0, 0.0,  0, 0.0000,     1, 0.0,25.5, 0.0
M3,04/07/22,10:44:42,     1,  5419,   413, 1019.7, 300, 0.0, 0.0, 0.0,  0, 0.0000,     1, 0.0,25.5, 0.0
M3,04/07/22,10:44:43,     1,  5420,   413, 1019.7, 300, 0.0, 0.0, 0.0,  0, 0.0000,     1, 0.0,25.5, 0.0
M3,04/07/22,10:44:44,     1,  5421,   413, 1019.7, 300, 0.0, 0.0, 0.0,  0, 0.0000,     1, 0.0,25.5, 0.0
M3,04/07/22,10:44:45,     1,  5422,   413, 1019.7, 300, 0.0, 0.0, 0.0,  0, 0.0000,     1, 0.0,25.5, 0.0
M3,04/07/22,10:44:46,     1,  5423,   413, 1019.7, 300, 0.0, 0.0, 0.0,  0, 0.0000,     1, 0.0,25.5, 0.0
M3,04/07/22,10:44:47,     1,  5424,   413, 1019.7, 300, 0.0, 0.0, 0.0,  0, 0.0000,     1, 0.0,25.5, 0.0
M3,04/07/22,10:44:48,     1,  5425,   413, 1019.7, 300, 0.0, 0.0, 0.0,  0, 0.0000,     1, 0.0,25.5, 0.0
M3,04/07/22,10:44:49,     1,  5426,   413, 1019.7, 300, 0.0, 0.0, 0.0,  0, 0.0000,     1, 0.0,25.5, 0.0
M3,04/07/22,10:44:50,     1,  5427,   413, 1019.7, 300, 0.0, 0.0, 0.0,  0, 0.0000,     1, 0.0,25.5, 0.0
M3,04/07/22,10:44:51,     1,  5428,   414, 1019.7, 300, 0.0, 0.0, 0.0,  0, 0.0000,     1, 0.0,25.5, 0.0
M3,04/07/22,10:44:52,     1,  5429,   414, 1019.7, 300, 0.0, 0.0, 0.0,  0, 0.0000,     1, 0.0,25.5, 0.0
M3,04/07/22,10:44:53,     1,  5430,   414, 1019.7, 300, 0.0, 0.0, 0.0,  0, 0.0000,     1, 0.0,25.4, 0.0
M3,04/07/22,10:44:54,     1,  5431,   414, 1019.7, 300, 0.0, 0.0, 0.0,  0, 0.0000,     1, 0.0,25.4, 0.0
M3,04/07/22,10:44:55,     1,  5432,   414, 1019.7, 300, 0.0, 0.0, 0.0,  0, 0.0000,     1, 0.0,25.4, 0.0
M3,04/07/22,10:44:56,     1,  5433,   414, 1019.7, 300, 0.0, 0.0, 0.0,  0, 0.0000,     1, 0.0,25.4, 0.0
M3,04/07/22,10:44:57,     1,  5434,   414, 1019.7, 300, 0.0, 0.0, 0.0,  0, 0.0000,     1, 0.0,25.4, 0.0
M3,04/07/22,10:44:58,     1,  5435,   415, 1019.7, 300, 0.0, 0.0, 0.0,  0, 0.0000,     1, 0.0,25.4, 0.0
M3,04/07/22,10:44:59,     1,  5436,   415, 1019.7, 300, 0.0, 0.0, 0.0,  0, 0.0000,     1, 0.0,25.4, 0.0
M3,04/07/22,10:45:00,     1,  5437,   415, 1019.7, 300, 0.0, 0.0, 0.0,  0, 0.0000,     1, 0.0,25.4, 0.0
M3,04/07/22,10:45:01,     1,  5438,   415, 1019.7, 300, 0.0, 0.0, 0.0,  0, 0.0000,     1, 0.0,25.4, 0.0
M3,04/07/22,10:45:02,     1,  5439,   415, 1019.7, 300, 0.0, 0.0, 0.0,  0, 0.0000,     1, 0.0,25.4, 0.0
M3,04/07/22,10:45:03,     1,  5440,   415, 1019.7, 300, 0.0, 0.0, 0.0,  0, 0.0000,     1, 0.0,25.4, 0.0
M3,04/07/22,10:45:04,     1,  5441,   416, 1019.7, 300, 0.0, 0.0, 0.0,  0, 0.0000,     1, 0.0,25.4, 0.0
M3,04/07/22,10:45:05,     1,  5442,   416, 1019.7, 300, 0.0, 0.0, 0.0,  0, 0.0000,     1, 0.0,25.4, 0.0
M3,04/07/22,10:45:06,     1,  5443,   416, 1019.6, 300, 0.0, 0.0, 0.0,  0, 0.0000,     1, 0.0,25.4, 0.0
M3,04/07/22,10:45:07,     1,  5444,   416, 1019.6, 300, 0.0, 0.0, 0.0,  0, 0.0000,     1, 0.0,25.4, 0.0
M3,04/07/22,10:45:08,     1,  5445,   416, 1019.6, 300, 0.0, 0.0, 0.0,  0, 0.0000,     1, 0.0,25.4, 0.0
M3,04/07/22,10:45:09,     1,  5446,   416, 1019.6, 300, 0.0, 0.0, 0.0,  0, 0.0000,     1, 0.0,25.4, 0.0
M3,04/07/22,10:45:10,     1,  5447,   416, 1019.6, 300, 0.0, 0.0, 0.0,  0, 0.0000,     1, 0.0,25.4, 0.0
M3,04/07/22,10:45:11,     1,  5448,   416, 1019.6, 300, 0.0, 0.0, 0.0,  0, 0.0000,     0, 0.0,25.4, 0.0
M3,04/07/22,10:45:12,     1,  5449,   416, 1019.6, 300, 0.0, 0.0, 0.0,  0, 0.0000,     0, 0.0,25.4, 0.0
M3,04/07/22,10:45:13,     1,  5450,   416, 1019.6, 300, 0.0, 0.0, 0.0,  0, 0.0000,     1, 0.0,25.4, 0.0
M3,04/07/22,10:45:14,     1,  5451,   416, 1019.6, 300, 0.0, 0.0, 0.0,  0, 0.0000,     1, 0.0,25.4, 0.0
M3,04/07/22,10:45:15,     1,  5452,   416, 1019.6, 300, 0.0, 0.0, 0.0,  0, 0.0000,     1, 0.0,25.4, 0.0
M3,04/07/22,10:45:16,     1,  5453,   416, 1019.6, 300, 0.0, 0.0, 0.0,  0, 0.0000,     1, 0.0,25.3, 0.0
M3,04/07/22,10:45:17,     1,  5454,   416, 1019.6, 300, 0.0, 0.0, 0.0,  0, 0.0000,     1, 0.0,25.3, 0.0
M3,04/07/22,10:45:18,     1,  5455,   417, 1019.6, 300, 0.0, 0.0, 0.0,  0, 0.0000,     1, 0.0,25.3, 0.0
M3,04/07/22,10:45:19,     1,  5456,   417, 1019.6, 300, 0.0, 0.0, 0.0,  0, 0.0000,     1, 0.0,25.3, 0.0
M3,04/07/22,10:45:20,     1,  5457,   417, 1019.6, 300, 0.0, 0.0, 0.0,  0, 0.0000,     1, 0.0,25.3, 0.0
M3,04/07/22,10:45:21,     1,  5458,   417, 1019.6, 300, 0.0, 0.0, 0.0,  0, 0.0000,     0, 0.0,25.3, 0.0
M3,04/07/22,10:45:22,     1,  5459,   417, 1019.6, 300, 0.0, 0.0, 0.0,  0, 0.0000,     0, 0.0,25.3, 0.0
M3,04/07/22,10:45:23,     1,  5460,   418, 1019.6, 300, 0.0, 0.0, 0.0,  0, 0.0000,     1, 0.0,25.3, 0.0
M3,04/07/22,10:45:24,     1,  5461,   418, 1019.7, 300, 0.0, 0.0, 0.0,  0, 0.0000,     1, 0.0,25.3, 0.0
M3,04/07/22,10:45:26,     1,  5462,   418, 1019.7, 300, 0.0, 0.0, 0.0,  0, 0.0000,     1, 0.0,25.3, 0.0
M3,04/07/22,10:45:27,     1,  5463,   418, 1019.7, 300, 0.0, 0.0, 0.0,  0, 0.0000,     1, 0.0,25.3, 0.0
M3,04/07/22,10:45:28,     1,  5464,   418, 1019.7, 300, 0.0, 0.0, 0.0,  0, 0.0000,     1, 0.0,25.3, 0.0
M3,04/07/22,10:45:29,     1,  5465,   418, 1019.7, 300, 0.0, 0.0, 0.0,  0, 0.0000,     1, 0.0,25.3, 0.0
M3,04/07/22,10:45:30,     1,  5466,   419, 1019.7, 300, 0.0, 0.0, 0.0,  0, 0.0000,     1, 0.0,25.3, 0.0
M3,04/07/22,10:45:31,     1,  5467,   419, 1019.7, 300, 0.0, 0.0, 0.0,  0, 0.0000,     1, 0.0,25.3, 0.0
M3,04/07/22,10:45:32,     1,  5468,   419, 1019.7, 300, 0.0, 0.0, 0.0,  0, 0.0000,     1, 0.0,25.3, 0.0
M3,04/07/22,10:45:33,     1,  5469,   419, 1019.7, 300, 0.0, 0.0, 0.0,  0, 0.0000,     1, 0.0,25.3, 0.0
M3,04/07/22,10:45:34,     1,  5470,   419, 1019.7, 300, 0.0, 0.0, 0.0,  0, 0.0000,     1, 0.0,25.3, 0.0
M3,04/07/22,10:45:35,     1,  5471,   419, 1019.6, 300, 0.0, 0.0, 0.0,  0, 0.0000,     1, 0.0,25.3, 0.0
M3,04/07/22,10:45:36,     1,  5472,   419, 1019.6, 300, 0.0, 0.0, 0.0,  0, 0.0000,     1, 0.0,25.3, 0.0
M3,04/07/22,10:45:37,     1,  5473,   419, 1019.6, 300, 0.0, 0.0, 0.0,  0, 0.0000,     1, 0.0,25.3, 0.0
M3,04/07/22,10:45:38,     1,  5474,   419, 1019.6, 300, 0.0, 0.0, 0.0,  0, 0.0000,     1, 0.0,25.3, 0.0
M3,04/07/22,10:45:39,     1,  5475,   419, 1019.6, 300, 0.0, 0.0, 0.0,  0, 0.0000,     1, 0.0,25.3, 0.0
M3,04/07/22,10:45:40,     1,  5476,   419, 1019.6, 300, 0.0, 0.0, 0.0,  0, 0.0000,     1, 0.0,25.3, 0.0
M3,04/07/22,10:45:41,     1,  5477,   419, 1019.6, 300, 0.0, 0.0, 0.0,  0, 0.0000,     1, 0.0,25.3, 0.0
M3,04/07/22,10:45:42,     1,  5478,   420, 1019.6, 300, 0.0, 0.0, 0.0,  0, 0.0000,     1, 0.0,25.3, 0.0
M3,04/07/22,10:45:43,     1,  5479,   420, 1019.6, 300, 0.0, 0.0, 0.0,  0, 0.0000,     1, 0.0,25.2, 0.0
M3,04/07/22,10:45:44,     1,  5480,   420, 1019.6, 300, 0.0, 0.0, 0.0,  0, 0.0000,     1, 0.0,25.2, 0.0
M3,04/07/22,10:45:45,     1,  5481,   420, 1019.6, 300, 0.0, 0.0, 0.0,  0, 0.0000,     1, 0.0,25.2, 0.0
M3,04/07/22,10:45:46,     1,  5482,   420, 1019.6, 300, 0.0, 0.0, 0.0,  0, 0.0000,     1, 0.0,25.2, 0.0
M3,04/07/22,10:45:47,     1,  5483,   420, 1019.6, 300, 0.0, 0.0, 0.0,  0, 0.0000,     1, 0.0,25.2, 0.0
M3,04/07/22,10:45:48,     1,  5484,   420, 1019.6, 300, 0.0, 0.0, 0.0,  0, 0.0000,     1, 0.0,25.2, 0.0
M3,04/07/22,10:45:49,     1,  5485,   420, 1019.6, 300, 0.0, 0.0, 0.0,  0, 0.0000,     1, 0.0,25.2, 0.0
M3,04/07/22,10:45:50,     1,  5486,   420, 1019.6, 300, 0.0, 0.0, 0.0,  0, 0.0000,     1, 0.0,25.2, 0.0
M3,04/07/22,10:45:51,     1,  5487,   420, 1019.6, 300, 0.0, 0.0, 0.0,  0, 0.0000,     0, 0.0,25.2, 0.0
M3,04/07/22,10:45:52,     1,  5488,   420, 1019.6, 300, 0.0, 0.0, 0.0,  0, 0.0000,     0, 0.0,25.2, 0.0
M3,04/07/22,10:45:53,     1,  5489,   420, 1019.6, 300, 0.0, 0.0, 0.0,  0, 0.0000,     1, 0.0,25.2, 0.0
M3,04/07/22,10:45:54,     1,  5490,   420, 1019.6, 300, 0.0, 0.0, 0.0,  0, 0.0000,     1, 0.0,25.2, 0.0
M3,04/07/22,10:45:55,     1,  5491,   421, 1019.6, 300, 0.0, 0.0, 0.0,  0, 0.0000,     1, 0.0,25.2, 0.0
M3,04/07/22,10:45:56,     1,  5492,   421, 1019.6, 300, 0.0, 0.0, 0.0,  0, 0.0000,     1, 0.0,25.2, 0.0
M3,04/07/22,10:45:57,     1,  5493,   421, 1019.6, 300, 0.0, 0.0, 0.0,  0, 0.0000,     1, 0.0,25.2, 0.0
M3,04/07/22,10:45:58,     1,  5494,   421, 1019.6, 300, 0.0, 0.0, 0.0,  0, 0.0000,     1, 0.0,25.2, 0.0
M3,04/07/22,10:45:59,     1,  5495,   421, 1019.6, 300, 0.0, 0.0, 0.0,  0, 0.0000,     1, 0.0,25.2, 0.0
M3,04/07/22,10:46:00,     1,  5496,   421, 1019.6, 300, 0.0, 0.0, 0.0,  0, 0.0000,     1, 0.0,25.2, 0.0
M3,04/07/22,10:46:01,     1,  5497,   422, 1019.6, 300, 0.0, 0.0, 0.0,  0, 0.0000,     1, 0.0,25.2, 0.0
M3,04/07/22,10:46:02,     1,  5498,   422, 1019.6, 300, 0.0, 0.0, 0.0,  0, 0.0000,     1, 0.0,25.2, 0.0
M3,04/07/22,10:46:03,     1,  5499,   422, 1019.6, 300, 0.0, 0.0, 0.0,  0, 0.0000,     1, 0.0,25.2, 0.0
M3,04/07/22,10:46:04,     1,  5500,   423, 1019.6, 300, 0.0, 0.0, 0.0,  0, 0.0000,     1, 0.0,25.2, 0.0
M3,04/07/22,10:46:05,     1,  5501,   423, 1019.6, 300, 0.0, 0.0, 0.0,  0, 0.0000,     1, 0.0,25.2, 0.0
M3,04/07/22,10:46:06,     1,  5502,   423, 1019.6, 300, 0.0, 0.0, 0.0,  0, 0.0000,     1, 0.0,25.2, 0.0
M3,04/07/22,10:46:07,     1,  5503,   423, 1019.6, 300, 0.0, 0.0, 0.0,  0, 0.0000,     1, 0.0,25.2, 0.0
M3,04/07/22,10:46:08,     1,  5504,   423, 1019.6, 300, 0.0, 0.0, 0.0,  0, 0.0000,     1, 0.0,25.2, 0.0
M3,04/07/22,10:46:09,     1,  5505,   423, 1019.6, 300, 0.0, 0.0, 0.0,  0, 0.0000,     1, 0.0,25.2, 0.0
M3,04/07/22,10:46:10,     1,  5506,   424, 1019.6, 300, 0.0, 0.0, 0.0,  0, 0.0000,     1, 0.0,25.2, 0.0
M3,04/07/22,10:46:11,     1,  5507,   424, 1019.6, 300, 0.0, 0.0, 0.0,  0, 0.0000,     1, 0.0,25.2, 0.0
M3,04/07/22,10:46:12,     1,  5508,   424, 1019.6, 300, 0.0, 0.0, 0.0,  0, 0.0000,     1, 0.0,25.1, 0.0
M3,04/07/22,10:46:13,     1,  5509,   424, 1019.6, 300, 0.0, 0.0, 0.0,  0, 0.0000,     1, 0.0,25.1, 0.0
M3,04/07/22,10:46:14,     1,  5510,   425, 1019.6, 300, 0.0, 0.0, 0.0,  0, 0.0000,     1, 0.0,25.1, 0.0
M3,04/07/22,10:46:15,     1,  5511,   425, 1019.6, 300, 0.0, 0.0, 0.0,  0, 0.0000,     1, 0.0,25.1, 0.0
M3,04/07/22,10:46:16,     1,  5512,   425, 1019.7, 300, 0.0, 0.0, 0.0,  0, 0.0000,     1, 0.0,25.1, 0.0
M3,04/07/22,10:46:17,     1,  5513,   425, 1019.7, 300, 0.0, 0.0, 0.0,  0, 0.0000,     1, 0.0,25.1, 0.0
M3,04/07/22,10:46:18,     1,  5514,   425, 1019.7, 300, 0.0, 0.0, 0.0,  0, 0.0000,     1, 0.0,25.1, 0.0
M3,04/07/22,10:46:19,     1,  5515,   425, 1019.7, 300, 0.0, 0.0, 0.0,  0, 0.0000,     1, 0.0,25.1, 0.0
M3,04/07/22,10:46:20,     1,  5516,   425, 1019.7, 300, 0.0, 0.0, 0.0,  0, 0.0000,     1, 0.0,25.1, 0.0
M3,04/07/22,10:46:21,     1,  5517,   425, 1019.7, 300, 0.0, 0.0, 0.0,  0, 0.0000,     1, 0.0,25.1, 0.0
M3,04/07/22,10:46:22,     1,  5518,   425, 1019.7, 300, 0.0, 0.0, 0.0,  0, 0.0000,     1, 0.0,25.1, 0.0
M3,04/07/22,10:46:23,     1,  5519,   425, 1019.7, 300, 0.0, 0.0, 0.0,  0, 0.0000,     1, 0.0,25.1, 0.0
M3,04/07/22,10:46:24,     1,  5520,   425, 1019.7, 300, 0.0, 0.0, 0.0,  0, 0.0000,     1, 0.0,25.1, 0.0
M3,04/07/22,10:46:25,     1,  5521,   425, 1019.7, 300, 0.0, 0.0, 0.0,  0, 0.0000,     1, 0.0,25.1, 0.0
M3,04/07/22,10:46:26,     1,  5522,   426, 1019.7, 300, 0.0, 0.0, 0.0,  0, 0.0000,     1, 0.0,25.1, 0.0
M3,04/07/22,10:46:27,     1,  5523,   426, 1019.7, 300, 0.0, 0.0, 0.0,  0, 0.0000,     1, 0.0,25.1, 0.0
M3,04/07/22,10:46:28,     1,  5524,   426, 1019.7, 300, 0.0, 0.0, 0.0,  0, 0.0000,     1, 0.0,25.1, 0.0
M3,04/07/22,10:46:29,     1,  5525,   426, 1019.7, 300, 0.0, 0.0, 0.0,  0, 0.0000,     1, 0.0,25.1, 0.0
M3,04/07/22,10:46:30,     1,  5526,   426, 1019.7, 300, 0.0, 0.0, 0.0,  0, 0.0000,     1, 0.0,25.1, 0.0
M3,04/07/22,10:46:31,     1,  5527,   427, 1019.7, 300, 0.0, 0.0, 0.0,  0, 0.0000,     1, 0.0,25.1, 0.0
M3,04/07/22,10:46:32,     1,  5528,   427, 1019.7, 300, 0.0, 0.0, 0.0,  0, 0.0000,     1, 0.0,25.1, 0.0
M3,04/07/22,10:46:33,     1,  5529,   427, 1019.7, 299, 0.0, 0.0, 0.0,  0, 0.0000,     1, 0.0,25.1, 0.0
M3,04/07/22,10:46:34,     1,  5530,   427, 1019.7, 299, 0.0, 0.0, 0.0,  0, 0.0000,     3, 0.0,25.1, 0.0
M3,04/07/22,10:46:35,     1,  5531,   427, 1019.6, 301, 0.0, 0.0, 0.0,  0, 0.0000,   791, 0.0,25.0, 0.0
M3,04/07/22,10:46:36,     1,  5532,   427, 1019.6, 300, 0.0, 0.0, 0.0,  0, 0.0000,  1660, 0.0,25.1, 0.0
M3,04/07/22,10:46:37,     1,  5533,   427, 1019.6, 300, 0.0, 0.0, 0.0,  0, 0.0000,  1688, 0.0,25.1, 0.0
M3,04/07/22,10:46:38,     1,  5534,   427, 1019.6, 300, 0.0, 0.0, 0.0,  0, 0.0000,  1675, 0.0,25.1, 0.0
M3,04/07/22,10:46:39,     1,  5535,   427, 1019.6, 300, 0.0, 0.0, 0.0,  0, 0.0000,  1677, 0.0,25.1, 0.0
M3,04/07/22,10:46:40,     1,  5536,   427, 1019.6, 300, 0.0, 0.0, 0.0,  0, 0.0000,  1679, 0.0,25.2, 0.0
M3,04/07/22,10:46:41,     1,  5537,   428, 1019.6, 300, 0.0, 0.0, 0.0,  0, 0.0000,  1679, 0.0,25.2, 0.0
M3,04/07/22,10:46:42,     1,  5538,   428, 1019.6, 300, 0.0, 0.0, 0.0,  0, 0.0000,  1679, 0.0,25.2, 0.0
M3,04/07/22,10:46:43,     1,  5539,   428, 1019.6, 300, 0.0, 0.0, 0.0,  0, 0.0000,  1678, 0.0,25.2, 0.0
M3,04/07/22,10:46:44,     1,  5540,   428, 1019.6, 300, 0.0, 0.0, 0.0,  0, 0.0000,  1679, 0.0,25.2, 0.0
M3,04/07/22,10:46:45,     1,  5541,   428, 1019.6, 300, 0.0, 0.0, 0.0,  0, 0.0000,  1681, 0.0,25.2, 0.0
M3,04/07/22,10:46:46,     1,  5542,   428, 1019.6, 300, 0.0, 0.0, 0.0,  0, 0.0000,  1680, 0.0,25.2, 0.0
M3,04/07/22,10:46:47,     1,  5543,   428, 1019.6, 300, 0.0, 0.0, 0.0,  0, 0.0000,  1677, 0.0,25.3, 0.0
M3,04/07/22,10:46:48,     1,  5544,   429, 1019.6, 300, 0.0, 0.0, 0.0,  0, 0.0000,  1673, 0.0,25.3, 0.0
M3,04/07/22,10:46:49,     1,  5545,   429, 1019.6, 300, 0.0, 0.0, 0.0,  0, 0.0000,  1671, 0.0,25.3, 0.0
M3,04/07/22,10:46:50,     1,  5546,   429, 1019.6, 300, 0.0, 0.0, 0.0,  0, 0.0000,  1674, 0.0,25.3, 0.0
M3,04/07/22,10:46:51,     1,  5547,   429, 1019.6, 300, 0.0, 0.0, 0.0,  0, 0.0000,  1677, 0.0,25.3, 0.0
M3,04/07/22,10:46:52,     1,  5548,   429, 1019.6, 300, 0.0, 0.0, 0.0,  0, 0.0000,  1681, 0.0,25.3, 0.0
M3,04/07/22,10:46:53,     1,  5549,   429, 1019.6, 300, 0.0, 0.0, 0.0,  0, 0.0000,  1682, 0.0,25.3, 0.0
M3,04/07/22,10:46:54,     1,  5550,   428, 1019.6, 300, 0.0, 0.0, 0.0,  0, 0.0000,  1682, 0.0,25.3, 0.0
M3,04/07/22,10:46:55,     1,  5551,   428, 1019.6, 300, 0.0, 0.0, 0.0,  0, 0.0000,  1683, 0.0,25.3, 0.0
M3,04/07/22,10:46:56,     1,  5552,   428, 1019.6, 300, 0.0, 0.0, 0.0,  0, 0.0000,  1682, 0.0,25.4, 0.0
M3,04/07/22,10:46:57,     1,  5553,   428, 1019.6, 300, 0.0, 0.0, 0.0,  0, 0.0000,  1681, 0.0,25.4, 0.0
M3,04/07/22,10:46:58,     1,  5554,   428, 1019.6, 300, 0.0, 0.0, 0.0,  0, 0.0000,  1683, 0.0,25.4, 0.0
M3,04/07/22,10:46:59,     1,  5555,   428, 1019.6, 300, 0.0, 0.0, 0.0,  0, 0.0000,  1683, 0.0,25.4, 0.0
M3,04/07/22,10:47:00,     1,  5556,   428, 1019.6, 300, 0.0, 0.0, 0.0,  0, 0.0000,  1681, 0.0,25.4, 0.0
M3,04/07/22,10:47:01,     1,  5557,   428, 1019.6, 300, 0.0, 0.0, 0.0,  0, 0.0000,  1681, 0.0,25.4, 0.0
M3,04/07/22,10:47:02,     1,  5558,   428, 1019.6, 300, 0.0, 0.0, 0.0,  0, 0.0000,  1682, 0.0,25.4, 0.0
M3,04/07/22,10:47:03,     1,  5559,   428, 1019.6, 300, 0.0, 0.0, 0.0,  0, 0.0000,  1683, 0.0,25.4, 0.0
M3,04/07/22,10:47:04,     1,  5560,   427, 1019.6, 300, 0.0, 0.0, 0.0,  0, 0.0000,  1679, 0.0,25.4, 0.0
M3,04/07/22,10:47:05,     1,  5561,   427, 1019.6, 300, 0.0, 0.0, 0.0,  0, 0.0000,  1678, 0.0,25.4, 0.0
M3,04/07/22,10:47:06,     1,  5562,   427, 1019.6, 300, 0.0, 0.0, 0.0,  0, 0.0000,  1677, 0.0,25.5, 0.0
M3,04/07/22,10:47:07,     1,  5563,   428, 1019.6, 300, 0.0, 0.0, 0.0,  0, 0.0000,  1676, 0.0,25.5, 0.0
M3,04/07/22,10:47:08,     1,  5564,   428, 1019.6, 300, 0.0, 0.0, 0.0,  0, 0.0000,  1679, 0.0,25.5, 0.0
M3,04/07/22,10:47:09,     1,  5565,   428, 1019.6, 300, 0.0, 0.0, 0.0,  0, 0.0000,  1684, 0.0,25.5, 0.0
M3,04/07/22,10:47:10,     1,  5566,   427, 1019.6, 300, 0.0, 0.0, 0.0,  0, 0.0000,  1687, 0.0,25.5, 0.0
M3,04/07/22,10:47:11,     1,  5567,   427, 1019.6, 300, 0.0, 0.0, 0.0,  0, 0.0000,  1689, 0.0,25.5, 0.0
M3,04/07/22,10:47:12,     1,  5568,   427, 1019.6, 300, 0.0, 0.0, 0.0,  0, 0.0000,  1691, 0.0,25.5, 0.0
M3,04/07/22,10:47:13,     1,  5569,   427, 1019.6, 300, 0.0, 0.0, 0.0,  0, 0.0000,  1693, 0.0,25.5, 0.0
M3,04/07/22,10:47:14,     1,  5570,   426, 1019.6, 300, 0.0, 0.0, 0.0,  0, 0.0000,  1694, 0.0,25.5, 0.0
M3,04/07/22,10:47:15,     1,  5571,   426, 1019.6, 300, 0.0, 0.0, 0.0,  0, 0.0000,  1695, 0.0,25.5, 0.0
M3,04/07/22,10:47:16,     1,  5572,   426, 1019.6, 300, 0.0, 0.0, 0.0,  0, 0.0000,  1694, 0.0,25.5, 0.0
M3,04/07/22,10:47:17,     1,  5573,   425, 1019.6, 300, 0.0, 0.0, 0.0,  0, 0.0000,  1695, 0.0,25.5, 0.0
M3,04/07/22,10:47:18,     1,  5574,   425, 1019.6, 300, 0.0, 0.0, 0.0,  0, 0.0000,  1696, 0.0,25.6, 0.0
M3,04/07/22,10:47:19,     1,  5575,   425, 1019.6, 300, 0.0, 0.0, 0.0,  0, 0.0000,  1698, 0.0,25.6, 0.0
M3,04/07/22,10:47:20,     1,  5576,   425, 1019.6, 300, 0.0, 0.0, 0.0,  0, 0.0000,  1702, 0.0,25.6, 0.0
M3,04/07/22,10:47:21,     1,  5577,   425, 1019.6, 300, 0.0, 0.0, 0.0,  0, 0.0000,  1701, 0.0,25.6, 0.0
M3,04/07/22,10:47:22,     1,  5578,   425, 1019.6, 300, 0.0, 0.0, 0.0,  0, 0.0000,  1700, 0.0,25.6, 0.0
M3,04/07/22,10:47:23,     1,  5579,   425, 1019.6, 300, 0.0, 0.0, 0.0,  0, 0.0000,  1700, 0.0,25.6, 0.0
M3,04/07/22,10:47:24,     1,  5580,   425, 1019.6, 300, 0.0, 0.0, 0.0,  0, 0.0000,  1701, 0.0,25.6, 0.0
M3,04/07/22,10:47:25,     1,  5581,   425, 1019.6, 300, 0.0, 0.0, 0.0,  0, 0.0000,  1699, 0.0,25.6, 0.0
M3,04/07/22,10:47:26,     1,  5582,   425, 1019.6, 300, 0.0, 0.0, 0.0,  0, 0.0000,  1700, 0.0,25.6, 0.0
M3,04/07/22,10:47:27,     1,  5583,   425, 1019.6, 300, 0.0, 0.0, 0.0,  0, 0.0000,  1700, 0.0,25.6, 0.0
M3,04/07/22,10:47:28,     1,  5584,   425, 1019.6, 300, 0.0, 0.0, 0.0,  0, 0.0000,  1700, 0.0,25.6, 0.0
M3,04/07/22,10:47:29,     1,  5585,   425, 1019.6, 300, 0.0, 0.0, 0.0,  0, 0.0000,  1700, 0.0,25.7, 0.0
M3,04/07/22,10:47:30,     1,  5586,   424, 1019.6, 300, 0.0, 0.0, 0.0,  0, 0.0000,  1700, 0.0,25.7, 0.0
M3,04/07/22,10:47:31,     1,  5587,   424, 1019.6, 300, 0.0, 0.0, 0.0,  0, 0.0000,  1699, 0.0,25.7, 0.0
M3,04/07/22,10:47:32,     1,  5588,   424, 1019.6, 300, 0.0, 0.0, 0.0,  0, 0.0000,  1699, 0.0,25.7, 0.0
M3,04/07/22,10:47:33,     1,  5589,   423, 1019.6, 300, 0.0, 0.0, 0.0,  0, 0.0000,  1700, 0.0,25.7, 0.0
M3,04/07/22,10:47:34,     1,  5590,   423, 1019.6, 300, 0.0, 0.0, 0.0,  0, 0.0000,  1702, 0.0,25.7, 0.0
M3,04/07/22,10:47:35,     1,  5591,   423, 1019.6, 300, 0.0, 0.0, 0.0,  0, 0.0000,  1703, 0.0,25.7, 0.0
M3,04/07/22,10:47:36,     1,  5592,   423, 1019.6, 300, 0.0, 0.0, 0.0,  0, 0.0000,  1703, 0.0,25.7, 0.0
M3,04/07/22,10:47:37,     1,  5593,   423, 1019.6, 300, 0.0, 0.0, 0.0,  0, 0.0000,  1701, 0.0,25.7, 0.0
M3,04/07/22,10:47:38,     1,  5594,   423, 1019.6, 300, 0.0, 0.0, 0.0,  0, 0.0000,  1699, 0.0,25.7, 0.0
M3,04/07/22,10:47:39,     1,  5595,   424, 1019.6, 300, 0.0, 0.0, 0.0,  0, 0.0000,  1696, 0.0,25.7, 0.0
M3,04/07/22,10:47:40,     1,  5596,   424, 1019.6, 300, 0.0, 0.0, 0.0,  0, 0.0000,  1694, 0.0,25.7, 0.0
M3,04/07/22,10:47:41,     1,  5597,   424, 1019.6, 300, 0.0, 0.0, 0.0,  0, 0.0000,  1692, 0.0,25.8, 0.0
M3,04/07/22,10:47:42,     1,  5598,   424, 1019.6, 300, 0.0, 0.0, 0.0,  0, 0.0000,  1693, 0.0,25.8, 0.0
M3,04/07/22,10:47:43,     1,  5599,   423, 1019.6, 300, 0.0, 0.0, 0.0,  0, 0.0000,  1691, 0.0,25.8, 0.0
M3,04/07/22,10:47:44,     1,  5600,   423, 1019.6, 300, 0.0, 0.0, 0.0,  0, 0.0000,  1689, 0.0,25.8, 0.0
M3,04/07/22,10:47:45,     1,  5601,   422, 1019.7, 300, 0.0, 0.0, 0.0,  0, 0.0000,  1689, 0.0,25.8, 0.0
M3,04/07/22,10:47:47,     1,  5602,   422, 1019.7, 300, 0.0, 0.0, 0.0,  0, 0.0000,  1686, 0.0,25.8, 0.0
M3,04/07/22,10:47:48,     1,  5603,   422, 1019.7, 300, 0.0, 0.0, 0.0,  0, 0.0000,  1686, 0.0,25.8, 0.0
M3,04/07/22,10:47:49,     1,  5604,   422, 1019.7, 300, 0.0, 0.0, 0.0,  0, 0.0000,  1687, 0.0,25.8, 0.0
M3,04/07/22,10:47:50,     1,  5605,   422, 1019.7, 300, 0.0, 0.0, 0.0,  0, 0.0000,  1683, 0.0,25.8, 0.0
M3,04/07/22,10:47:51,     1,  5606,   422, 1019.6, 300, 0.0, 0.0, 0.0,  0, 0.0000,  1681, 0.0,25.8, 0.0
M3,04/07/22,10:47:52,     1,  5607,   421, 1019.6, 300, 0.0, 0.0, 0.0,  0, 0.0000,  1676, 0.0,25.8, 0.0
M3,04/07/22,10:47:53,     1,  5608,   421, 1019.6, 300, 0.0, 0.0, 0.0,  0, 0.0000,  1673, 0.0,25.8, 0.0
M3,04/07/22,10:47:54,     1,  5609,   421, 1019.6, 300, 0.0, 0.0, 0.0,  0, 0.0000,  1672, 0.0,25.9, 0.0
M3,04/07/22,10:47:55,     1,  5610,   420, 1019.6, 300, 0.0, 0.0, 0.0,  0, 0.0000,  1671, 0.0,25.9, 0.0
M3,04/07/22,10:47:56,     1,  5611,   420, 1019.6, 300, 0.0, 0.0, 0.0,  0, 0.0000,  1668, 0.0,25.9, 0.0
M3,04/07/22,10:47:57,     1,  5612,   420, 1019.6, 300, 0.0, 0.0, 0.0,  0, 0.0000,  1665, 0.0,25.9, 0.0
M3,04/07/22,10:47:58,     1,  5613,   419, 1019.6, 300, 0.0, 0.0, 0.0,  0, 0.0000,  1661, 0.0,25.9, 0.0
M3,04/07/22,10:47:59,     1,  5614,   419, 1019.6, 300, 0.0, 0.0, 0.0,  0, 0.0000,  1658, 0.0,25.9, 0.0
M3,04/07/22,10:48:00,     1,  5615,   419, 1019.6, 300, 0.0, 0.0, 0.0,  0, 0.0000,  1654, 0.0,25.9, 0.0
M3,04/07/22,10:48:01,     1,  5616,   419, 1019.6, 300, 0.0, 0.0, 0.0,  0, 0.0000,  1649, 0.0,25.9, 0.0
M3,04/07/22,10:48:02,     1,  5617,   419, 1019.6, 300, 0.0, 0.0, 0.0,  0, 0.0000,  1647, 0.0,25.9, 0.0
M3,04/07/22,10:48:03,     1,  5618,   419, 1019.6, 300, 0.0, 0.0, 0.0,  0, 0.0000,  1646, 0.0,25.9, 0.0
M3,04/07/22,10:48:04,     1,  5619,   418, 1019.6, 300, 0.0, 0.0, 0.0,  0, 0.0000,  1642, 0.0,25.9, 0.0
M3,04/07/22,10:48:05,     1,  5620,   418, 1019.6, 300, 0.0, 0.0, 0.0,  0, 0.0000,  1636, 0.0,25.9, 0.0
M3,04/07/22,10:48:06,     1,  5621,   418, 1019.6, 300, 0.0, 0.0, 0.0,  0, 0.0000,  1635, 0.0,25.9, 0.0
M3,04/07/22,10:48:07,     1,  5622,   417, 1019.6, 300, 0.0, 0.0, 0.0,  0, 0.0000,  1632, 0.0,25.9, 0.0
M3,04/07/22,10:48:08,     1,  5623,   417, 1019.6, 300, 0.0, 0.0, 0.0,  0, 0.0000,  1631, 0.0,25.9, 0.0
M3,04/07/22,10:48:09,     1,  5624,   418, 1019.6, 300, 0.0, 0.0, 0.0,  0, 0.0000,  1626, 0.0,26.0, 0.0
M3,04/07/22,10:48:10,     1,  5625,   418, 1019.6, 300, 0.0, 0.0, 0.0,  0, 0.0000,  1623, 0.0,26.0, 0.0
M3,04/07/22,10:48:11,     1,  5626,   418, 1019.6, 300, 0.0, 0.0, 0.0,  0, 0.0000,  1621, 0.0,26.0, 0.0
M3,04/07/22,10:48:12,     1,  5627,   418, 1019.6, 300, 0.0, 0.0, 0.0,  0, 0.0000,  1619, 0.0,26.0, 0.0
M3,04/07/22,10:48:13,     1,  5628,   418, 1019.6, 300, 0.0, 0.0, 0.0,  0, 0.0000,  1615, 0.0,26.0, 0.0
M3,04/07/22,10:48:14,     1,  5629,   418, 1019.6, 300, 0.0, 0.0, 0.0,  0, 0.0000,  1610, 0.0,26.0, 0.0
M3,04/07/22,10:48:15,     1,  5630,   418, 1019.6, 300, 0.0, 0.0, 0.0,  0, 0.0000,  1606, 0.0,26.0, 0.0
M3,04/07/22,10:48:16,     1,  5631,   418, 1019.6, 300, 0.0, 0.0, 0.0,  0, 0.0000,  1605, 0.0,26.0, 0.0
M3,04/07/22,10:48:17,     1,  5632,   417, 1019.6, 300, 0.0, 0.0, 0.0,  0, 0.0000,  1605, 0.0,26.0, 0.0
M3,04/07/22,10:48:18,     1,  5633,   417, 1019.6, 300, 0.0, 0.0, 0.0,  0, 0.0000,  1603, 0.0,26.0, 0.0
M3,04/07/22,10:48:19,     1,  5634,   417, 1019.6, 300, 0.0, 0.0, 0.0,  0, 0.0000,  1599, 0.0,26.0, 0.0
M3,04/07/22,10:48:20,     1,  5635,   417, 1019.6, 300, 0.0, 0.0, 0.0,  0, 0.0000,  1599, 0.0,26.0, 0.0
M3,04/07/22,10:48:21,     1,  5636,   417, 1019.6, 300, 0.0, 0.0, 0.0,  0, 0.0000,  1598, 0.0,26.0, 0.0
M3,04/07/22,10:48:22,     1,  5637,   417, 1019.6, 300, 0.0, 0.0, 0.0,  0, 0.0000,  1593, 0.0,26.0, 0.0
M3,04/07/22,10:48:23,     1,  5638,   417, 1019.6, 300, 0.0, 0.0, 0.0,  0, 0.0000,  1590, 0.0,26.1, 0.0
M3,04/07/22,10:48:24,     1,  5639,   417, 1019.6, 300, 0.0, 0.0, 0.0,  0, 0.0000,  1588, 0.0,26.1, 0.0
M3,04/07/22,10:48:25,     1,  5640,   417, 1019.6, 300, 0.0, 0.0, 0.0,  0, 0.0000,  1586, 0.0,26.1, 0.0
M3,04/07/22,10:48:26,     1,  5641,   417, 1019.6, 300, 0.0, 0.0, 0.0,  0, 0.0000,  1583, 0.0,26.1, 0.0
M3,04/07/22,10:48:27,     1,  5642,   416, 1019.6, 300, 0.0, 0.0, 0.0,  0, 0.0000,  1581, 0.0,26.1, 0.0
M3,04/07/22,10:48:28,     1,  5643,   416, 1019.6, 300, 0.0, 0.0, 0.0,  0, 0.0000,  1578, 0.0,26.1, 0.0
M3,04/07/22,10:48:29,     1,  5644,   415, 1019.6, 300, 0.0, 0.0, 0.0,  0, 0.0000,  1575, 0.0,26.1, 0.0
M3,04/07/22,10:48:30,     1,  5645,   415, 1019.6, 300, 0.0, 0.0, 0.0,  0, 0.0000,  1572, 0.0,26.1, 0.0
M3,04/07/22,10:48:31,     1,  5646,   415, 1019.6, 300, 0.0, 0.0, 0.0,  0, 0.0000,  1567, 0.0,26.1, 0.0
M3,04/07/22,10:48:32,     1,  5647,   415, 1019.6, 300, 0.0, 0.0, 0.0,  0, 0.0000,  1564, 0.0,26.1, 0.0
M3,04/07/22,10:48:33,     1,  5648,   415, 1019.6, 300, 0.0, 0.0, 0.0,  0, 0.0000,  1563, 0.0,26.1, 0.0
M3,04/07/22,10:48:34,     1,  5649,   415, 1019.6, 300, 0.0, 0.0, 0.0,  0, 0.0000,  1559, 0.0,26.1, 0.0
M3,04/07/22,10:48:35,     1,  5650,   415, 1019.6, 300, 0.0, 0.0, 0.0,  0, 0.0000,  1556, 0.0,26.1, 0.0
M3,04/07/22,10:48:36,     1,  5651,   415, 1019.6, 300, 0.0, 0.0, 0.0,  0, 0.0000,  1556, 0.0,26.1, 0.0
M3,04/07/22,10:48:37,     1,  5652,   415, 1019.6, 300, 0.0, 0.0, 0.0,  0, 0.0000,  1555, 0.0,26.1, 0.0
M3,04/07/22,10:48:38,     1,  5653,   415, 1019.6, 300, 0.0, 0.0, 0.0,  0, 0.0000,  1552, 0.0,26.2, 0.0
M3,04/07/22,10:48:39,     1,  5654,   414, 1019.6, 300, 0.0, 0.0, 0.0,  0, 0.0000,  1549, 0.0,26.2, 0.0
M3,04/07/22,10:48:40,     1,  5655,   414, 1019.6, 300, 0.0, 0.0, 0.0,  0, 0.0000,  1547, 0.0,26.2, 0.0
M3,04/07/22,10:48:41,     1,  5656,   414, 1019.6, 300, 0.0, 0.0, 0.0,  0, 0.0000,  1547, 0.0,26.2, 0.0
M3,04/07/22,10:48:42,     1,  5657,   413, 1019.6, 300, 0.0, 0.0, 0.0,  0, 0.0000,  1549, 0.0,26.2, 0.0
M3,04/07/22,10:48:43,     1,  5658,   413, 1019.6, 300, 0.0, 0.0, 0.0,  0, 0.0000,  1547, 0.0,26.2, 0.0
M3,04/07/22,10:48:44,     1,  5659,   413, 1019.6, 300, 0.0, 0.0, 0.0,  0, 0.0000,  1546, 0.0,26.2, 0.0
M3,04/07/22,10:48:45,     1,  5660,   413, 1019.6, 300, 0.0, 0.0, 0.0,  0, 0.0000,  1542, 0.0,26.2, 0.0
M3,04/07/22,10:48:46,     1,  5661,   413, 1019.6, 300, 0.0, 0.0, 0.0,  0, 0.0000,  1538, 0.0,26.2, 0.0
M3,04/07/22,10:48:47,     1,  5662,   413, 1019.6, 300, 0.0, 0.0, 0.0,  0, 0.0000,  1534, 0.0,26.2, 0.0
M3,04/07/22,10:48:48,     1,  5663,   413, 1019.6, 300, 0.0, 0.0, 0.0,  0, 0.0000,  1531, 0.0,26.2, 0.0
M3,04/07/22,10:48:49,     1,  5664,   413, 1019.6, 300, 0.0, 0.0, 0.0,  0, 0.0000,  1530, 0.0,26.2, 0.0
M3,04/07/22,10:48:50,     1,  5665,   413, 1019.6, 300, 0.0, 0.0, 0.0,  0, 0.0000,  1530, 0.0,26.2, 0.0
M3,04/07/22,10:48:51,     1,  5666,   413, 1019.6, 300, 0.0, 0.0, 0.0,  0, 0.0000,  1528, 0.0,26.2, 0.0
M3,04/07/22,10:48:52,     1,  5667,   413, 1019.6, 300, 0.0, 0.0, 0.0,  0, 0.0000,  1526, 0.0,26.2, 0.0
M3,04/07/22,10:48:53,     1,  5668,   412, 1019.6, 300, 0.0, 0.0, 0.0,  0, 0.0000,  1523, 0.0,26.2, 0.0
M3,04/07/22,10:48:54,     1,  5669,   412, 1019.6, 300, 0.0, 0.0, 0.0,  0, 0.0000,  1525, 0.0,26.3, 0.0
M3,04/07/22,10:48:55,     1,  5670,   412, 1019.6, 300, 0.0, 0.0, 0.0,  0, 0.0000,  1522, 0.0,26.3, 0.0
M3,04/07/22,10:48:56,     1,  5671,   412, 1019.6, 300, 0.0, 0.0, 0.0,  0, 0.0000,  1518, 0.0,26.3, 0.0
M3,04/07/22,10:48:57,     1,  5672,   411, 1019.6, 300, 0.0, 0.0, 0.0,  0, 0.0000,  1516, 0.0,26.3, 0.0
M3,04/07/22,10:48:58,     1,  5673,   411, 1019.6, 300, 0.0, 0.0, 0.0,  0, 0.0000,  1516, 0.0,26.3, 0.0
M3,04/07/22,10:48:59,     1,  5674,   411, 1019.6, 300, 0.0, 0.0, 0.0,  0, 0.0000,  1515, 0.0,26.3, 0.0
M3,04/07/22,10:49:00,     1,  5675,   410, 1019.6, 300, 0.0, 0.0, 0.0,  0, 0.0000,  1513, 0.0,26.3, 0.0
M3,04/07/22,10:49:01,     1,  5676,   410, 1019.6, 300, 0.0, 0.0, 0.0,  0, 0.0000,  1511, 0.0,26.3, 0.0
M3,04/07/22,10:49:02,     1,  5677,   410, 1019.6, 300, 0.0, 0.0, 0.0,  0, 0.0000,  1511, 0.0,26.3, 0.0
M3,04/07/22,10:49:03,     1,  5678,   410, 1019.6, 300, 0.0, 0.0, 0.0,  0, 0.0000,  1512, 0.0,26.3, 0.0
M3,04/07/22,10:49:04,     1,  5679,   410, 1019.6, 300, 0.0, 0.0, 0.0,  0, 0.0000,  1509, 0.0,26.3, 0.0
M3,04/07/22,10:49:05,     1,  5680,   410, 1019.6, 300, 0.0, 0.0, 0.0,  0, 0.0000,  1507, 0.0,26.3, 0.0
M3,04/07/22,10:49:06,     1,  5681,   410, 1019.6, 300, 0.0, 0.0, 0.0,  0, 0.0000,  1504, 0.0,26.3, 0.0
M3,04/07/22,10:49:07,     1,  5682,   411, 1019.6, 300, 0.0, 0.0, 0.0,  0, 0.0000,  1503, 0.0,26.3, 0.0
M3,04/07/22,10:49:08,     1,  5683,   410, 1019.6, 300, 0.0, 0.0, 0.0,  0, 0.0000,  1502, 0.0,26.3, 0.0
M3,04/07/22,10:49:09,     1,  5684,   410, 1019.6, 300, 0.0, 0.0, 0.0,  0, 0.0000,  1502, 0.0,26.4, 0.0
M3,04/07/22,10:49:10,     1,  5685,   410, 1019.6, 300, 0.0, 0.0, 0.0,  0, 0.0000,  1501, 0.0,26.4, 0.0
M3,04/07/22,10:49:11,     1,  5686,   410, 1019.6, 300, 0.0, 0.0, 0.0,  0, 0.0000,  1500, 0.0,26.4, 0.0
M3,04/07/22,10:49:12,     1,  5687,   409, 1019.6, 300, 0.0, 0.0, 0.0,  0, 0.0000,  1497, 0.0,26.4, 0.0
M3,04/07/22,10:49:13,     1,  5688,   409, 1019.6, 300, 0.0, 0.0, 0.0,  0, 0.0000,  1495, 0.0,26.4, 0.0
M3,04/07/22,10:49:14,     1,  5689,   409, 1019.6, 300, 0.0, 0.0, 0.0,  0, 0.0000,  1494, 0.0,26.4, 0.0
M3,04/07/22,10:49:15,     1,  5690,   409, 1019.7, 300, 0.0, 0.0, 0.0,  0, 0.0000,  1494, 0.0,26.4, 0.0
M3,04/07/22,10:49:16,     1,  5691,   409, 1019.7, 300, 0.0, 0.0, 0.0,  0, 0.0000,  1494, 0.0,26.4, 0.0
M3,04/07/22,10:49:17,     1,  5692,   409, 1019.7, 300, 0.0, 0.0, 0.0,  0, 0.0000,  1492, 0.0,26.4, 0.0
M3,04/07/22,10:49:18,     1,  5693,   409, 1019.7, 300, 0.0, 0.0, 0.0,  0, 0.0000,  1488, 0.0,26.4, 0.0
M3,04/07/22,10:49:19,     1,  5694,   408, 1019.7, 300, 0.0, 0.0, 0.0,  0, 0.0000,  1486, 0.0,26.4, 0.0
M3,04/07/22,10:49:20,     1,  5695,   408, 1019.7, 300, 0.0, 0.0, 0.0,  0, 0.0000,  1486, 0.0,26.4, 0.0
M3,04/07/22,10:49:21,     1,  5696,   408, 1019.7, 300, 0.0, 0.0, 0.0,  0, 0.0000,  1484, 0.0,26.4, 0.0
M3,04/07/22,10:49:22,     1,  5697,   408, 1019.7, 300, 0.0, 0.0, 0.0,  0, 0.0000,  1483, 0.0,26.4, 0.0
M3,04/07/22,10:49:23,     1,  5698,   408, 1019.7, 300, 0.0, 0.0, 0.0,  0, 0.0000,  1479, 0.0,26.4, 0.0
M3,04/07/22,10:49:24,     1,  5699,   408, 1019.7, 300, 0.0, 0.0, 0.0,  0, 0.0000,  1476, 0.0,26.4, 0.0
M3,04/07/22,10:49:25,     1,  5700,   408, 1019.7, 300, 0.0, 0.0, 0.0,  0, 0.0000,  1475, 0.0,26.4, 0.0
M3,04/07/22,10:49:26,     1,  5701,   408, 1019.7, 300, 0.0, 0.0, 0.0,  0, 0.0000,  1473, 0.0,26.5, 0.0
M3,04/07/22,10:49:27,     1,  5702,   408, 1019.7, 300, 0.0, 0.0, 0.0,  0, 0.0000,  1472, 0.0,26.5, 0.0
M3,04/07/22,10:49:28,     1,  5703,   408, 1019.7, 300, 0.0, 0.0, 0.0,  0, 0.0000,  1474, 0.0,26.5, 0.0
M3,04/07/22,10:49:29,     1,  5704,   407, 1019.7, 300, 0.0, 0.0, 0.0,  0, 0.0000,  1471, 0.0,26.5, 0.0
M3,04/07/22,10:49:30,     1,  5705,   407, 1019.7, 300, 0.0, 0.0, 0.0,  0, 0.0000,  1469, 0.0,26.5, 0.0
M3,04/07/22,10:49:31,     1,  5706,   407, 1019.7, 300, 0.0, 0.0, 0.0,  0, 0.0000,  1468, 0.0,26.5, 0.0
M3,04/07/22,10:49:32,     1,  5707,   407, 1019.7, 300, 0.0, 0.0, 0.0,  0, 0.0000,  1467, 0.0,26.5, 0.0
M3,04/07/22,10:49:33,     1,  5708,   407, 1019.7, 300, 0.0, 0.0, 0.0,  0, 0.0000,  1467, 0.0,26.5, 0.0
M3,04/07/22,10:49:34,     1,  5709,   407, 1019.7, 300, 0.0, 0.0, 0.0,  0, 0.0000,  1465, 0.0,26.5, 0.0
M3,04/07/22,10:49:35,     1,  5710,   406, 1019.7, 300, 0.0, 0.0, 0.0,  0, 0.0000,  1464, 0.0,26.5, 0.0
M3,04/07/22,10:49:36,     1,  5711,   406, 1019.7, 300, 0.0, 0.0, 0.0,  0, 0.0000,  1463, 0.0,26.5, 0.0
M3,04/07/22,10:49:37,     1,  5712,   406, 1019.7, 300, 0.0, 0.0, 0.0,  0, 0.0000,  1463, 0.0,26.5, 0.0
M3,04/07/22,10:49:38,     1,  5713,   405, 1019.7, 300, 0.0, 0.0, 0.0,  0, 0.0000,  1461, 0.0,26.5, 0.0
M3,04/07/22,10:49:39,     1,  5714,   405, 1019.7, 300, 0.0, 0.0, 0.0,  0, 0.0000,  1461, 0.0,26.5, 0.0
M3,04/07/22,10:49:40,     1,  5715,   405, 1019.7, 300, 0.0, 0.0, 0.0,  0, 0.0000,  1460, 0.0,26.5, 0.0
M3,04/07/22,10:49:41,     1,  5716,   405, 1019.7, 300, 0.0, 0.0, 0.0,  0, 0.0000,  1458, 0.0,26.6, 0.0
M3,04/07/22,10:49:42,     1,  5717,   405, 1019.7, 300, 0.0, 0.0, 0.0,  0, 0.0000,  1456, 0.0,26.6, 0.0
M3,04/07/22,10:49:43,     1,  5718,   405, 1019.7, 300, 0.0, 0.0, 0.0,  0, 0.0000,  1455, 0.0,26.6, 0.0
M3,04/07/22,10:49:44,     1,  5719,   405, 1019.7, 300, 0.0, 0.0, 0.0,  0, 0.0000,  1455, 0.0,26.6, 0.0
M3,04/07/22,10:49:45,     1,  5720,   405, 1019.7, 300, 0.0, 0.0, 0.0,  0, 0.0000,  1453, 0.0,26.6, 0.0
M3,04/07/22,10:49:46,     1,  5721,   405, 1019.7, 300, 0.0, 0.0, 0.0,  0, 0.0000,  1453, 0.0,26.6, 0.0
M3,04/07/22,10:49:47,     1,  5722,   404, 1019.7, 300, 0.0, 0.0, 0.0,  0, 0.0000,  1452, 0.0,26.6, 0.0
M3,04/07/22,10:49:48,     1,  5723,   404, 1019.7, 300, 0.0, 0.0, 0.0,  0, 0.0000,  1451, 0.0,26.6, 0.0
M3,04/07/22,10:49:49,     1,  5724,   404, 1019.7, 300, 0.0, 0.0, 0.0,  0, 0.0000,  1451, 0.0,26.6, 0.0
M3,04/07/22,10:49:50,     1,  5725,   404, 1019.7, 300, 0.0, 0.0, 0.0,  0, 0.0000,  1450, 0.0,26.6, 0.0
M3,04/07/22,10:49:51,     1,  5726,   404, 1019.7, 300, 0.0, 0.0, 0.0,  0, 0.0000,  1449, 0.0,26.6, 0.0
M3,04/07/22,10:49:52,     1,  5727,   403, 1019.7, 300, 0.0, 0.0, 0.0,  0, 0.0000,  1448, 0.0,26.6, 0.0
M3,04/07/22,10:49:53,     1,  5728,   403, 1019.7, 300, 0.0, 0.0, 0.0,  0, 0.0000,  1447, 0.0,26.6, 0.0
M3,04/07/22,10:49:54,     1,  5729,   403, 1019.7, 300, 0.0, 0.0, 0.0,  0, 0.0000,  1447, 0.0,26.6, 0.0
M3,04/07/22,10:49:55,     1,  5730,   403, 1019.7, 300, 0.0, 0.0, 0.0,  0, 0.0000,  1448, 0.0,26.6, 0.0
M3,04/07/22,10:49:56,     1,  5731,   403, 1019.6, 300, 0.0, 0.0, 0.0,  0, 0.0000,  1448, 0.0,26.6, 0.0
M3,04/07/22,10:49:57,     1,  5732,   403, 1019.6, 300, 0.0, 0.0, 0.0,  0, 0.0000,  1446, 0.0,26.7, 0.0
M3,04/07/22,10:49:58,     1,  5733,   403, 1019.6, 300, 0.0, 0.0, 0.0,  0, 0.0000,  1445, 0.0,26.7, 0.0
M3,04/07/22,10:49:59,     1,  5734,   402, 1019.6, 300, 0.0, 0.0, 0.0,  0, 0.0000,  1444, 0.0,26.7, 0.0
M3,04/07/22,10:50:00,     1,  5735,   402, 1019.6, 300, 0.0, 0.0, 0.0,  0, 0.0000,  1442, 0.0,26.7, 0.0
M3,04/07/22,10:50:01,     1,  5736,   402, 1019.6, 300, 0.0, 0.0, 0.0,  0, 0.0000,  1441, 0.0,26.7, 0.0
M3,04/07/22,10:50:02,     1,  5737,   402, 1019.6, 300, 0.0, 0.0, 0.0,  0, 0.0000,  1441, 0.0,26.7, 0.0
M3,04/07/22,10:50:03,     1,  5738,   403, 1019.6, 300, 0.0, 0.0, 0.0,  0, 0.0000,  1439, 0.0,26.7, 0.0
M3,04/07/22,10:50:04,     1,  5739,   403, 1019.6, 300, 0.0, 0.0, 0.0,  0, 0.0000,  1438, 0.0,26.7, 0.0
M3,04/07/22,10:50:05,     1,  5740,   402, 1019.6, 300, 0.0, 0.0, 0.0,  0, 0.0000,  1438, 0.0,26.7, 0.0
M3,04/07/22,10:50:06,     1,  5741,   402, 1019.6, 300, 0.0, 0.0, 0.0,  0, 0.0000,  1439, 0.0,26.7, 0.0
M3,04/07/22,10:50:08,     1,  5742,   402, 1019.6, 300, 0.0, 0.0, 0.0,  0, 0.0000,  1439, 0.0,26.7, 0.0
M3,04/07/22,10:50:09,     1,  5743,   401, 1019.6, 300, 0.0, 0.0, 0.0,  0, 0.0000,  1438, 0.0,26.7, 0.0
M3,04/07/22,10:50:10,     1,  5744,   401, 1019.6, 300, 0.0, 0.0, 0.0,  0, 0.0000,  1438, 0.0,26.7, 0.0
M3,04/07/22,10:50:11,     1,  5745,   401, 1019.6, 300, 0.0, 0.0, 0.0,  0, 0.0000,  1436, 0.0,26.7, 0.0
M3,04/07/22,10:50:12,     1,  5746,   401, 1019.6, 300, 0.0, 0.0, 0.0,  0, 0.0000,  1437, 0.0,26.7, 0.0
M3,04/07/22,10:50:13,     1,  5747,   401, 1019.6, 300, 0.0, 0.0, 0.0,  0, 0.0000,  1435, 0.0,26.7, 0.0
M3,04/07/22,10:50:14,     1,  5748,   401, 1019.6, 300, 0.0, 0.0, 0.0,  0, 0.0000,  1436, 0.0,26.8, 0.0
M3,04/07/22,10:50:15,     1,  5749,   401, 1019.6, 300, 0.0, 0.0, 0.0,  0, 0.0000,  1436, 0.0,26.8, 0.0
M3,04/07/22,10:50:16,     1,  5750,   400, 1019.6, 300, 0.0, 0.0, 0.0,  0, 0.0000,  1435, 0.0,26.8, 0.0
M3,04/07/22,10:50:17,     1,  5751,   400, 1019.6, 300, 0.0, 0.0, 0.0,  0, 0.0000,  1434, 0.0,26.8, 0.0
M3,04/07/22,10:50:18,     1,  5752,   400, 1019.6, 300, 0.0, 0.0, 0.0,  0, 0.0000,  1434, 0.0,26.8, 0.0
M3,04/07/22,10:50:19,     1,  5753,   400, 1019.6, 300, 0.0, 0.0, 0.0,  0, 0.0000,  1434, 0.0,26.8, 0.0
M3,04/07/22,10:50:20,     1,  5754,   399, 1019.6, 300, 0.0, 0.0, 0.0,  0, 0.0000,  1434, 0.0,26.8, 0.0
M3,04/07/22,10:50:21,     1,  5755,   399, 1019.6, 300, 0.0, 0.0, 0.0,  0, 0.0000,  1434, 0.0,26.8, 0.0
M3,04/07/22,10:50:22,     1,  5756,   399, 1019.6, 300, 0.0, 0.0, 0.0,  0, 0.0000,  1432, 0.0,26.8, 0.0
M3,04/07/22,10:50:23,     1,  5757,   399, 1019.6, 300, 0.0, 0.0, 0.0,  0, 0.0000,  1434, 0.0,26.8, 0.0
M3,04/07/22,10:50:24,     1,  5758,   399, 1019.6, 300, 0.0, 0.0, 0.0,  0, 0.0000,  1434, 0.0,26.8, 0.0
M3,04/07/22,10:50:25,     1,  5759,   399, 1019.6, 300, 0.0, 0.0, 0.0,  0, 0.0000,  1434, 0.0,26.8, 0.0
M3,04/07/22,10:50:26,     1,  5760,   399, 1019.6, 300, 0.0, 0.0, 0.0,  0, 0.0000,  1434, 0.0,26.8, 0.0
M3,04/07/22,10:50:27,     1,  5761,   399, 1019.6, 300, 0.0, 0.0, 0.0,  0, 0.0000,  1432, 0.0,26.8, 0.0
M3,04/07/22,10:50:28,     1,  5762,   398, 1019.6, 300, 0.0, 0.0, 0.0,  0, 0.0000,  1433, 0.0,26.8, 0.0
M3,04/07/22,10:50:29,     1,  5763,   398, 1019.6, 300, 0.0, 0.0, 0.0,  0, 0.0000,  1433, 0.0,26.8, 0.0
M3,04/07/22,10:50:30,     1,  5764,   398, 1019.6, 300, 0.0, 0.0, 0.0,  0, 0.0000,  1433, 0.0,26.9, 0.0
M3,04/07/22,10:50:31,     1,  5765,   398, 1019.6, 300, 0.0, 0.0, 0.0,  0, 0.0000,  1432, 0.0,26.9, 0.0
M3,04/07/22,10:50:32,     1,  5766,   397, 1019.6, 300, 0.0, 0.0, 0.0,  0, 0.0000,  1430, 0.0,26.9, 0.0
M3,04/07/22,10:50:33,     1,  5767,   397, 1019.6, 300, 0.0, 0.0, 0.0,  0, 0.0000,  1430, 0.0,26.9, 0.0
M3,04/07/22,10:50:34,     1,  5768,   397, 1019.6, 300, 0.0, 0.0, 0.0,  0, 0.0000,  1431, 0.0,26.9, 0.0
M3,04/07/22,10:50:35,     1,  5769,   397, 1019.6, 300, 0.0, 0.0, 0.0,  0, 0.0000,  1432, 0.0,26.9, 0.0
M3,04/07/22,10:50:36,     1,  5770,   397, 1019.6, 300, 0.0, 0.0, 0.0,  0, 0.0000,  1432, 0.0,26.9, 0.0
M3,04/07/22,10:50:37,     1,  5771,   396, 1019.6, 300, 0.0, 0.0, 0.0,  0, 0.0000,  1432, 0.0,26.9, 0.0
M3,04/07/22,10:50:38,     1,  5772,   396, 1019.6, 300, 0.0, 0.0, 0.0,  0, 0.0000,  1430, 0.0,26.9, 0.0
M3,04/07/22,10:50:39,     1,  5773,   396, 1019.6, 300, 0.0, 0.0, 0.0,  0, 0.0000,  1428, 0.0,26.9, 0.0
M3,04/07/22,10:50:40,     1,  5774,   396, 1019.6, 300, 0.0, 0.0, 0.0,  0, 0.0000,  1429, 0.0,26.9, 0.0
M3,04/07/22,10:50:41,     1,  5775,   396, 1019.6, 300, 0.0, 0.0, 0.0,  0, 0.0000,  1429, 0.0,26.9, 0.0
M3,04/07/22,10:50:42,     1,  5776,   396, 1019.6, 300, 0.0, 0.0, 0.0,  0, 0.0000,  1429, 0.0,26.9, 0.0
M3,04/07/22,10:50:43,     1,  5777,   396, 1019.6, 300, 0.0, 0.0, 0.0,  0, 0.0000,  1429, 0.0,26.9, 0.0
M3,04/07/22,10:50:44,     1,  5778,   396, 1019.6, 300, 0.0, 0.0, 0.0,  0, 0.0000,  1428, 0.0,26.9, 0.0
M3,04/07/22,10:50:45,     1,  5779,   396, 1019.6, 300, 0.0, 0.0, 0.0,  0, 0.0000,  1428, 0.0,26.9, 0.0
M3,04/07/22,10:50:46,     1,  5780,   396, 1019.6, 300, 0.0, 0.0, 0.0,  0, 0.0000,  1429, 0.0,27.0, 0.0
M3,04/07/22,10:50:47,     1,  5781,   396, 1019.6, 300, 0.0, 0.0, 0.0,  0, 0.0000,  1429, 0.0,27.0, 0.0
M3,04/07/22,10:50:48,     1,  5782,   396, 1019.6, 300, 0.0, 0.0, 0.0,  0, 0.0000,  1429, 0.0,27.0, 0.0
M3,04/07/22,10:50:49,     1,  5783,   395, 1019.6, 300, 0.0, 0.0, 0.0,  0, 0.0000,  1429, 0.0,27.0, 0.0
M3,04/07/22,10:50:50,     1,  5784,   395, 1019.6, 300, 0.0, 0.0, 0.0,  0, 0.0000,  1429, 0.0,27.0, 0.0
M3,04/07/22,10:50:51,     1,  5785,   395, 1019.6, 300, 0.0, 0.0, 0.0,  0, 0.0000,  1429, 0.0,27.0, 0.0
M3,04/07/22,10:50:52,     1,  5786,   395, 1019.6, 300, 0.0, 0.0, 0.0,  0, 0.0000,  1428, 0.0,27.0, 0.0
M3,04/07/22,10:50:53,     1,  5787,   395, 1019.6, 300, 0.0, 0.0, 0.0,  0, 0.0000,  1428, 0.0,27.0, 0.0
M3,04/07/22,10:50:54,     1,  5788,   395, 1019.6, 300, 0.0, 0.0, 0.0,  0, 0.0000,  1428, 0.0,27.0, 0.0
M3,04/07/22,10:50:55,     1,  5789,   395, 1019.6, 300, 0.0, 0.0, 0.0,  0, 0.0000,  1429, 0.0,27.0, 0.0
M3,04/07/22,10:50:56,     1,  5790,   394, 1019.6, 300, 0.0, 0.0, 0.0,  0, 0.0000,  1428, 0.0,27.0, 0.0
M3,04/07/22,10:50:57,     1,  5791,   394, 1019.6, 300, 0.0, 0.0, 0.0,  0, 0.0000,  1426, 0.0,27.0, 0.0
M3,04/07/22,10:50:58,     1,  5792,   394, 1019.6, 300, 0.0, 0.0, 0.0,  0, 0.0000,  1426, 0.0,27.0, 0.0
M3,04/07/22,10:50:59,     1,  5793,   394, 1019.6, 300, 0.0, 0.0, 0.0,  0, 0.0000,  1426, 0.0,27.0, 0.0
M3,04/07/22,10:51:00,     1,  5794,   394, 1019.6, 300, 0.0, 0.0, 0.0,  0, 0.0000,  1425, 0.0,27.0, 0.0
M3,04/07/22,10:51:01,     1,  5795,   393, 1019.6, 300, 0.0, 0.0, 0.0,  0, 0.0000,  1426, 0.0,27.0, 0.0
M3,04/07/22,10:51:02,     1,  5796,   393, 1019.6, 300, 0.0, 0.0, 0.0,  0, 0.0000,  1427, 0.0,27.1, 0.0
M3,04/07/22,10:51:03,     1,  5797,   393, 1019.6, 300, 0.0, 0.0, 0.0,  0, 0.0000,  1427, 0.0,27.1, 0.0
M3,04/07/22,10:51:04,     1,  5798,   393, 1019.6, 300, 0.0, 0.0, 0.0,  0, 0.0000,  1426, 0.0,27.1, 0.0
M3,04/07/22,10:51:05,     1,  5799,   392, 1019.6, 300, 0.0, 0.0, 0.0,  0, 0.0000,  1426, 0.0,27.1, 0.0
M3,04/07/22,10:51:06,     1,  5800,   392, 1019.6, 300, 0.0, 0.0, 0.0,  0, 0.0000,  1426, 0.0,27.1, 0.0
M3,04/07/22,10:51:07,     1,  5801,   392, 1019.6, 300, 0.0, 0.0, 0.0,  0, 0.0000,  1426, 0.0,27.1, 0.0
M3,04/07/22,10:51:08,     1,  5802,   393, 1019.6, 300, 0.0, 0.0, 0.0,  0, 0.0000,  1426, 0.0,27.1, 0.0
M3,04/07/22,10:51:09,     1,  5803,   393, 1019.6, 300, 0.0, 0.0, 0.0,  0, 0.0000,  1426, 0.0,27.1, 0.0
M3,04/07/22,10:51:10,     1,  5804,   392, 1019.6, 300, 0.0, 0.0, 0.0,  0, 0.0000,  1427, 0.0,27.1, 0.0
M3,04/07/22,10:51:11,     1,  5805,   392, 1019.6, 300, 0.0, 0.0, 0.0,  0, 0.0000,  1426, 0.0,27.1, 0.0
M3,04/07/22,10:51:12,     1,  5806,   392, 1019.6, 300, 0.0, 0.0, 0.0,  0, 0.0000,  1425, 0.0,27.1, 0.0
M3,04/07/22,10:51:13,     1,  5807,   392, 1019.6, 300, 0.0, 0.0, 0.0,  0, 0.0000,  1425, 0.0,27.1, 0.0
M3,04/07/22,10:51:14,     1,  5808,   392, 1019.6, 300, 0.0, 0.0, 0.0,  0, 0.0000,  1426, 0.0,27.1, 0.0
M3,04/07/22,10:51:15,     1,  5809,   392, 1019.6, 300, 0.0, 0.0, 0.0,  0, 0.0000,  1427, 0.0,27.1, 0.0
M3,04/07/22,10:51:16,     1,  5810,   391, 1019.6, 300, 0.0, 0.0, 0.0,  0, 0.0000,  1427, 0.0,27.1, 0.0
M3,04/07/22,10:51:17,     1,  5811,   391, 1019.6, 300, 0.0, 0.0, 0.0,  0, 0.0000,  1427, 0.0,27.1, 0.0
M3,04/07/22,10:51:18,     1,  5812,   391, 1019.6, 300, 0.0, 0.0, 0.0,  0, 0.0000,  1428, 0.0,27.2, 0.0
M3,04/07/22,10:51:19,     1,  5813,   391, 1019.6, 300, 0.0, 0.0, 0.0,  0, 0.0000,  1428, 0.0,27.2, 0.0
M3,04/07/22,10:51:20,     1,  5814,   391, 1019.6, 300, 0.0, 0.0, 0.0,  0, 0.0000,  1429, 0.0,27.2, 0.0
M3,04/07/22,10:51:21,     1,  5815,   390, 1019.6, 300, 0.0, 0.0, 0.0,  0, 0.0000,  1429, 0.0,27.2, 0.0
M3,04/07/22,10:51:22,     1,  5816,   390, 1019.6, 300, 0.0, 0.0, 0.0,  0, 0.0000,  1430, 0.0,27.2, 0.0
M3,04/07/22,10:51:23,     1,  5817,   390, 1019.6, 300, 0.0, 0.0, 0.0,  0, 0.0000,  1429, 0.0,27.2, 0.0
M3,04/07/22,10:51:24,     1,  5818,   390, 1019.6, 300, 0.0, 0.0, 0.0,  0, 0.0000,  1430, 0.0,27.2, 0.0
M3,04/07/22,10:51:25,     1,  5819,   390, 1019.6, 300, 0.0, 0.0, 0.0,  0, 0.0000,  1428, 0.0,27.2, 0.0
M3,04/07/22,10:51:26,     1,  5820,   390, 1019.6, 300, 0.0, 0.0, 0.0,  0, 0.0000,  1429, 0.0,27.2, 0.0
M3,04/07/22,10:51:27,     1,  5821,   390, 1019.6, 300, 0.0, 0.0, 0.0,  0, 0.0000,  1197, 0.0,27.1, 0.0
M3,04/07/22,10:51:28,     1,  5822,   389, 1019.6, 300, 0.0, 0.0, 0.0,  0, 0.0000,    87, 0.0,26.9, 0.0
M3,04/07/22,10:51:29,     1,  5823,   389, 1019.6, 300, 0.0, 0.0, 0.0,  0, 0.0000,     4, 0.0,26.8, 0.0
M3,04/07/22,10:51:30,     1,  5824,   390, 1019.6, 300, 0.0, 0.0, 0.0,  0, 0.0000,     2, 0.0,26.8, 0.0
M3,04/07/22,10:51:31,     1,  5825,   394, 1019.6, 300, 0.0, 0.0, 0.0,  0, 0.0000,     2, 0.0,26.9, 0.0
M3,04/07/22,10:51:32,     1,  5826,   398, 1019.6, 300, 0.0, 0.0, 0.0,  0, 0.0000,     1, 0.0,26.9, 0.0
M3,04/07/22,10:51:33,     1,  5827,   401, 1019.6, 300, 0.0, 0.0, 0.0,  0, 0.0000,     1, 0.0,26.9, 0.0
M3,04/07/22,10:51:34,     1,  5828,   402, 1019.6, 300, 0.0, 0.0, 0.0,  0, 0.0000,     1, 0.0,26.9, 0.0
M3,04/07/22,10:51:35,     1,  5829,   403, 1019.6, 300, 0.0, 0.0, 0.0,  0, 0.0000,     1, 0.0,26.9, 0.0
M3,04/07/22,10:51:36,     1,  5830,   403, 1019.6, 300, 0.0, 0.0, 0.0,  0, 0.0000,     1, 0.0,26.9, 0.0
M3,04/07/22,10:51:37,     1,  5831,   403, 1019.6, 300, 0.0, 0.0, 0.0,  0, 0.0000,     1, 0.0,26.9, 0.0
M3,04/07/22,10:51:38,     1,  5832,   404, 1019.6, 300, 0.0, 0.0, 0.0,  0, 0.0000,     1, 0.0,26.9, 0.0
M3,04/07/22,10:51:39,     1,  5833,   404, 1019.6, 300, 0.0, 0.0, 0.0,  0, 0.0000,     1, 0.0,26.9, 0.0
M3,04/07/22,10:51:40,     1,  5834,   403, 1019.6, 300, 0.0, 0.0, 0.0,  0, 0.0000,     1, 0.0,26.9, 0.0
M3,04/07/22,10:51:41,     1,  5835,   404, 1019.6, 300, 0.0, 0.0, 0.0,  0, 0.0000,     1, 0.0,26.9, 0.0
M3,04/07/22,10:51:42,     1,  5836,   404, 1019.6, 300, 0.0, 0.0, 0.0,  0, 0.0000,     1, 0.0,26.9, 0.0
M3,04/07/22,10:51:43,     1,  5837,   405, 1019.6, 300, 0.0, 0.0, 0.0,  0, 0.0000,     1, 0.0,27.0, 0.0
M3,04/07/22,10:51:44,     1,  5838,   405, 1019.6, 300, 0.0, 0.0, 0.0,  0, 0.0000,     1, 0.0,27.0, 0.0
M3,04/07/22,10:51:45,     1,  5839,   405, 1019.6, 299, 0.0, 0.0, 0.0,  0, 0.0000,     1, 0.0,27.0, 0.0
M3,04/07/22,10:51:46,     1,  5840,   405, 1019.6, 300, 0.0, 0.0, 0.0,  0, 0.0000,     1, 0.0,27.0, 0.0
M3,04/07/22,10:51:47,     1,  5841,   405, 1019.6, 300, 0.0, 0.0, 0.0,  0, 0.0000,     1, 0.0,27.0, 0.0
M3,04/07/22,10:51:48,     1,  5842,   405, 1019.6, 300, 0.0, 0.0, 0.0,  0, 0.0000,     1, 0.0,27.0, 0.0
M3,04/07/22,10:51:49,     1,  5843,   405, 1019.6, 300, 0.0, 0.0, 0.0,  0, 0.0000,     1, 0.0,27.0, 0.0
M3,04/07/22,10:51:50,     1,  5844,   405, 1019.6, 300, 0.0, 0.0, 0.0,  0, 0.0000,     1, 0.0,27.0, 0.0
M3,04/07/22,10:51:51,     1,  5845,   405, 1019.6, 300, 0.0, 0.0, 0.0,  0, 0.0000,     2, 0.0,27.0, 0.0
M3,04/07/22,10:51:52,     1,  5846,   406, 1019.6, 300, 0.0, 0.0, 0.0,  0, 0.0000,     2, 0.0,26.9, 0.0
M3,04/07/22,10:51:53,     1,  5847,   406, 1019.6, 300, 0.0, 0.0, 0.0,  0, 0.0000,     3, 0.0,26.8, 0.0
M3,04/07/22,10:51:54,     1,  5848,   406, 1019.6, 300, 0.0, 0.0, 0.0,  0, 0.0000,     5, 0.0,26.8, 0.0
M3,04/07/22,10:51:55,     1,  5849,   406, 1019.6, 300, 0.0, 0.0, 0.0,  0, 0.0000,     5, 0.0,26.7, 0.0
M3,04/07/22,10:51:56,     1,  5850,   407, 1019.6, 300, 0.0, 0.0, 0.0,  0, 0.0000,     4, 0.0,26.7, 0.0
M3,04/07/22,10:51:57,     1,  5851,   406, 1019.6, 300, 0.0, 0.0, 0.0,  0, 0.0000,     5, 0.0,26.7, 0.0
M3,04/07/22,10:51:58,     1,  5852,   406, 1019.6, 300, 0.0, 0.0, 0.0,  0, 0.0000,     3, 0.0,26.6, 0.0
M3,04/07/22,10:51:59,     1,  5853,   406, 1019.6, 300, 0.0, 0.0, 0.0,  0, 0.0000,     4, 0.0,26.6, 0.0
M3,04/07/22,10:52:00,     1,  5854,   405, 1019.6, 300, 0.0, 0.0, 0.0,  0, 0.0000,     4, 0.0,26.6, 0.0
M3,04/07/22,10:52:01,     1,  5855,   405, 1019.6, 300, 0.0, 0.0, 0.0,  0, 0.0000,     1, 0.0,26.7, 0.0
M3,04/07/22,10:52:02,     1,  5856,   405, 1019.6, 300, 0.0, 0.0, 0.0,  0, 0.0000,     1, 0.0,26.8, 0.0
M3,04/07/22,10:52:03,     1,  5857,   405, 1019.6, 300, 0.0, 0.0, 0.0,  0, 0.0000,     1, 0.0,26.8, 0.0
M3,04/07/22,10:52:04,     1,  5858,   405, 1019.6, 300, 0.0, 0.0, 0.0,  0, 0.0000,     1, 0.0,26.8, 0.0
M3,04/07/22,10:52:05,     1,  5859,   405, 1019.6, 300, 0.0, 0.0, 0.0,  0, 0.0000,     1, 0.0,26.9, 0.0
M3,04/07/22,10:52:06,     1,  5860,   405, 1019.6, 300, 0.0, 0.0, 0.0,  0, 0.0000,     1, 0.0,26.9, 0.0
M3,04/07/22,10:52:07,     1,  5861,   405, 1019.6, 300, 0.0, 0.0, 0.0,  0, 0.0000,     1, 0.0,27.0, 0.0
M3,04/07/22,10:52:08,     1,  5862,   405, 1019.6, 300, 0.0, 0.0, 0.0,  0, 0.0000,     1, 0.0,27.0, 0.0
M3,04/07/22,10:52:09,     1,  5863,   405, 1019.6, 300, 0.0, 0.0, 0.0,  0, 0.0000,     0, 0.0,26.9, 0.0
M3,04/07/22,10:52:10,     1,  5864,   405, 1019.6, 300, 0.0, 0.0, 0.0,  0, 0.0000,     0, 0.0,26.8, 0.0
M3,04/07/22,10:52:11,     1,  5865,   405, 1019.6, 300, 0.0, 0.0, 0.0,  0, 0.0000,     0, 0.0,26.7, 0.0
M3,04/07/22,10:52:12,     1,  5866,   405, 1019.6, 300, 0.0, 0.0, 0.0,  0, 0.0000,     0, 0.0,26.6, 0.0
M3,04/07/22,10:52:13,     1,  5867,   405, 1019.6, 300, 0.0, 0.0, 0.0,  0, 0.0000,     0, 0.0,26.6, 0.0
M3,04/07/22,10:52:14,     1,  5868,   405, 1019.6, 300, 0.0, 0.0, 0.0,  0, 0.0000,     0, 0.0,26.6, 0.0
M3,04/07/22,10:52:15,     1,  5869,   405, 1019.6, 300, 0.0, 0.0, 0.0,  0, 0.0000,     0, 0.0,26.5, 0.0
M3,04/07/22,10:52:16,     1,  5870,   405, 1019.6, 300, 0.0, 0.0, 0.0,  0, 0.0000,     0, 0.0,26.5, 0.0
M3,04/07/22,10:52:17,     1,  5871,   405, 1019.6, 300, 0.0, 0.0, 0.0,  0, 0.0000,     0, 0.0,26.5, 0.0
M3,04/07/22,10:52:18,     1,  5872,   405, 1019.6, 300, 0.0, 0.0, 0.0,  0, 0.0000,     0, 0.0,26.4, 0.0
M3,04/07/22,10:52:19,     1,  5873,   404, 1019.6, 300, 0.0, 0.0, 0.0,  0, 0.0000,     0, 0.0,26.4, 0.0
M3,04/07/22,10:52:20,     1,  5874,   404, 1019.6, 300, 0.0, 0.0, 0.0,  0, 0.0000,     1, 0.0,26.2, 0.0
M3,04/07/22,10:52:21,     1,  5875,   405, 1019.6, 300, 0.0, 0.0, 0.0,  0, 0.0000,     1, 0.0,26.1, 0.0
M3,04/07/22,10:52:22,     1,  5876,   405, 1019.6, 300, 0.0, 0.0, 0.0,  0, 0.0000,     1, 0.0,26.0, 0.0
M3,04/07/22,10:52:23,     1,  5877,   405, 1019.6, 300, 0.0, 0.0, 0.0,  0, 0.0000,     1, 0.0,26.0, 0.0
M3,04/07/22,10:52:24,     1,  5878,   406, 1019.6, 300, 0.0, 0.0, 0.0,  0, 0.0000,     1, 0.0,25.9, 0.0
M3,04/07/22,10:52:25,     1,  5879,   406, 1019.6, 300, 0.0, 0.0, 0.0,  0, 0.0000,     1, 0.0,25.9, 0.0
M3,04/07/22,10:52:26,     1,  5880,   406, 1019.6, 300, 0.0, 0.0, 0.0,  0, 0.0000,     1, 0.0,25.9, 0.0
M3,04/07/22,10:52:27,     1,  5881,   406, 1019.6, 300, 0.0, 0.0, 0.0,  0, 0.0000,     1, 0.0,25.9, 0.0
M3,04/07/22,10:52:28,     1,  5882,   405, 1019.6, 300, 0.0, 0.0, 0.0,  0, 0.0000,     1, 0.0,25.9, 0.0
M3,04/07/22,10:52:30,     1,  5883,   405, 1019.6, 300, 0.0, 0.0, 0.0,  0, 0.0000,     1, 0.0,25.9, 0.0
M3,04/07/22,10:52:31,     1,  5884,   405, 1019.6, 300, 0.0, 0.0, 0.0,  0, 0.0000,     1, 0.0,25.9, 0.0
M3,04/07/22,10:52:32,     1,  5885,   405, 1019.6, 300, 0.0, 0.0, 0.0,  0, 0.0000,     1, 0.0,25.9, 0.0
M3,04/07/22,10:52:33,     1,  5886,   404, 1019.6, 300, 0.0, 0.0, 0.0,  0, 0.0000,     1, 0.0,25.9, 0.0
M3,04/07/22,10:52:34,     1,  5887,   404, 1019.6, 300, 0.0, 0.0, 0.0,  0, 0.0000,     1, 0.0,25.9, 0.0
M3,04/07/22,10:52:35,     1,  5888,   404, 1019.6, 300, 0.0, 0.0, 0.0,  0, 0.0000,     1, 0.0,25.9, 0.0
M3,04/07/22,10:52:36,     1,  5889,   404, 1019.6, 300, 0.0, 0.0, 0.0,  0, 0.0000,     1, 0.0,25.9, 0.0
M3,04/07/22,10:52:37,     1,  5890,   405, 1019.6, 300, 0.0, 0.0, 0.0,  0, 0.0000,     1, 0.0,26.0, 0.0
M3,04/07/22,10:52:38,     1,  5891,   405, 1019.6, 300, 0.0, 0.0, 0.0,  0, 0.0000,     1, 0.0,26.0, 0.0
M3,04/07/22,10:52:39,     1,  5892,   405, 1019.6, 300, 0.0, 0.0, 0.0,  0, 0.0000,     1, 0.0,25.9, 0.0
M3,04/07/22,10:52:40,     1,  5893,   405, 1019.6, 300, 0.0, 0.0, 0.0,  0, 0.0000,     1, 0.0,25.9, 0.0
M3,04/07/22,10:52:41,     1,  5894,   405, 1019.6, 300, 0.0, 0.0, 0.0,  0, 0.0000,     1, 0.0,25.9, 0.0
M3,04/07/22,10:52:42,     1,  5895,   405, 1019.6, 300, 0.0, 0.0, 0.0,  0, 0.0000,     1, 0.0,25.9, 0.0
M3,04/07/22,10:52:43,     1,  5896,   405, 1019.6, 300, 0.0, 0.0, 0.0,  0, 0.0000,     1, 0.0,26.0, 0.0
M3,04/07/22,10:52:44,     1,  5897,   406, 1019.6, 300, 0.0, 0.0, 0.0,  0, 0.0000,     1, 0.0,26.0, 0.0
M3,04/07/22,10:52:45,     1,  5898,   406, 1019.6, 300, 0.0, 0.0, 0.0,  0, 0.0000,     1, 0.0,26.0, 0.0
M3,04/07/22,10:52:46,     1,  5899,   406, 1019.6, 300, 0.0, 0.0, 0.0,  0, 0.0000,     1, 0.0,26.0, 0.0
M3,04/07/22,10:52:47,     1,  5900,   405, 1019.6, 300, 0.0, 0.0, 0.0,  0, 0.0000,     1, 0.0,26.0, 0.0
M3,04/07/22,10:52:48,     1,  5901,   405, 1019.6, 300, 0.0, 0.0, 0.0,  0, 0.0000,     1, 0.0,26.0, 0.0
M3,04/07/22,10:52:49,     1,  5902,   405, 1019.6, 300, 0.0, 0.0, 0.0,  0, 0.0000,     1, 0.0,26.0, 0.0
M3,04/07/22,10:52:50,     1,  5903,   405, 1019.6, 300, 0.0, 0.0, 0.0,  0, 0.0000,     1, 0.0,25.9, 0.0
M3,04/07/22,10:52:51,     1,  5904,   405, 1019.6, 300, 0.0, 0.0, 0.0,  0, 0.0000,     1, 0.0,25.9, 0.0
M3,04/07/22,10:52:52,     1,  5905,   406, 1019.6, 300, 0.0, 0.0, 0.0,  0, 0.0000,     1, 0.0,25.9, 0.0
M3,04/07/22,10:52:53,     1,  5906,   406, 1019.6, 300, 0.0, 0.0, 0.0,  0, 0.0000,     1, 0.0,25.9, 0.0
M3,04/07/22,10:52:54,     1,  5907,   406, 1019.6, 300, 0.0, 0.0, 0.0,  0, 0.0000,     1, 0.0,25.9, 0.0
M3,04/07/22,10:52:55,     1,  5908,   407, 1019.6, 300, 0.0, 0.0, 0.0,  0, 0.0000,     1, 0.0,25.9, 0.0
M3,04/07/22,10:52:56,     1,  5909,   408, 1019.6, 300, 0.0, 0.0, 0.0,  0, 0.0000,     1, 0.0,25.9, 0.0
M3,04/07/22,10:52:57,     1,  5910,   408, 1019.6, 300, 0.0, 0.0, 0.0,  0, 0.0000,     1, 0.0,25.9, 0.0
M3,04/07/22,10:52:58,     1,  5911,   408, 1019.6, 300, 0.0, 0.0, 0.0,  0, 0.0000,     1, 0.0,25.9, 0.0
M3,04/07/22,10:52:59,     1,  5912,   407, 1019.6, 300, 0.0, 0.0, 0.0,  0, 0.0000,     1, 0.0,25.8, 0.0
M3,04/07/22,10:53:00,     1,  5913,   407, 1019.6, 300, 0.0, 0.0, 0.0,  0, 0.0000,     1, 0.0,25.7, 0.0
M3,04/07/22,10:53:01,     1,  5914,   406, 1019.6, 300, 0.0, 0.0, 0.0,  0, 0.0000,     0, 0.0,25.6, 0.0
M3,04/07/22,10:53:02,     1,  5915,   406, 1019.6, 300, 0.0, 0.0, 0.0,  0, 0.0000,     0, 0.0,25.6, 0.0
M3,04/07/22,10:53:03,     1,  5916,   406, 1019.6, 300, 0.0, 0.0, 0.0,  0, 0.0000,     0, 0.0,25.6, 0.0
M3,04/07/22,10:53:04,     1,  5917,   406, 1019.6, 300, 0.0, 0.0, 0.0,  0, 0.0000,     0, 0.0,25.6, 0.0
M3,04/07/22,10:53:05,     1,  5918,   406, 1019.6, 300, 0.0, 0.0, 0.0,  0, 0.0000,     0, 0.0,25.6, 0.0
M3,04/07/22,10:53:06,     1,  5919,   406, 1019.6, 301, 0.0, 0.0, 0.0,  0, 0.0000,     0, 0.0,25.6, 0.0
M3,04/07/22,10:53:07,     1,  5920,   406, 1019.6, 300, 0.0, 0.0, 0.0,  0, 0.0000,     0, 0.0,25.6, 0.0
M3,04/07/22,10:53:08,     1,  5921,   406, 1019.6, 300, 0.0, 0.0, 0.0,  0, 0.0000,     0, 0.0,25.6, 0.0
M3,04/07/22,10:53:09,     1,  5922,   406, 1019.6, 300, 0.0, 0.0, 0.0,  0, 0.0000,     1, 0.0,25.6, 0.0
M3,04/07/22,10:53:10,     1,  5923,   406, 1019.6, 300, 0.0, 0.0, 0.0,  0, 0.0000,     1, 0.0,25.6, 0.0
M3,04/07/22,10:53:11,     1,  5924,   406, 1019.6, 300, 0.0, 0.0, 0.0,  0, 0.0000,     1, 0.0,25.6, 0.0
M3,04/07/22,10:53:12,     1,  5925,   406, 1019.6, 300, 0.0, 0.0, 0.0,  0, 0.0000,     1, 0.0,25.6, 0.0
M3,04/07/22,10:53:13,     1,  5926,   406, 1019.6, 300, 0.0, 0.0, 0.0,  0, 0.0000,     1, 0.0,25.6, 0.0
M3,04/07/22,10:53:14,     1,  5927,   406, 1019.6, 300, 0.0, 0.0, 0.0,  0, 0.0000,     1, 0.0,25.7, 0.0
M3,04/07/22,10:53:15,     1,  5928,   405, 1019.6, 300, 0.0, 0.0, 0.0,  0, 0.0000,     1, 0.0,25.7, 0.0
M3,04/07/22,10:53:16,     1,  5929,   405, 1019.6, 300, 0.0, 0.0, 0.0,  0, 0.0000,     1, 0.0,25.7, 0.0
M3,04/07/22,10:53:17,     1,  5930,   405, 1019.6, 300, 0.0, 0.0, 0.0,  0, 0.0000,     1, 0.0,25.8, 0.0
M3,04/07/22,10:53:18,     1,  5931,   405, 1019.6, 300, 0.0, 0.0, 0.0,  0, 0.0000,     1, 0.0,25.8, 0.0
M3,04/07/22,10:53:19,     1,  5932,   405, 1019.6, 300, 0.0, 0.0, 0.0,  0, 0.0000,     1, 0.0,25.7, 0.0
M3,04/07/22,10:53:20,     1,  5933,   405, 1019.6, 300, 0.0, 0.0, 0.0,  0, 0.0000,     1, 0.0,25.7, 0.0
M3,04/07/22,10:53:21,     1,  5934,   404, 1019.6, 300, 0.0, 0.0, 0.0,  0, 0.0000,     1, 0.0,25.8, 0.0
M3,04/07/22,10:53:22,     1,  5935,   404, 1019.6, 300, 0.0, 0.0, 0.0,  0, 0.0000,     1, 0.0,25.8, 0.0
M3,04/07/22,10:53:23,     1,  5936,   405, 1019.6, 300, 0.0, 0.0, 0.0,  0, 0.0000,     1, 0.0,25.8, 0.0
M3,04/07/22,10:53:24,     1,  5937,   404, 1019.6, 300, 0.0, 0.0, 0.0,  0, 0.0000,     1, 0.0,25.8, 0.0
M3,04/07/22,10:53:25,     1,  5938,   404, 1019.6, 300, 0.0, 0.0, 0.0,  0, 0.0000,     1, 0.0,25.8, 0.0
M3,04/07/22,10:53:26,     1,  5939,   404, 1019.6, 300, 0.0, 0.0, 0.0,  0, 0.0000,     1, 0.0,25.9, 0.0
M3,04/07/22,10:53:27,     1,  5940,   404, 1019.6, 300, 0.0, 0.0, 0.0,  0, 0.0000,     1, 0.0,25.9, 0.0
M3,04/07/22,10:53:28,     1,  5941,   404, 1019.6, 300, 0.0, 0.0, 0.0,  0, 0.0000,     1, 0.0,25.9, 0.0
M3,04/07/22,10:53:29,     1,  5942,   404, 1019.6, 300, 0.0, 0.0, 0.0,  0, 0.0000,     1, 0.0,25.9, 0.0
M3,04/07/22,10:53:30,     1,  5943,   404, 1019.6, 300, 0.0, 0.0, 0.0,  0, 0.0000,     1, 0.0,25.9, 0.0
M3,04/07/22,10:53:31,     1,  5944,   404, 1019.6, 300, 0.0, 0.0, 0.0,  0, 0.0000,     1, 0.0,25.9, 0.0
M3,04/07/22,10:53:32,     1,  5945,   404, 1019.6, 300, 0.0, 0.0, 0.0,  0, 0.0000,     1, 0.0,25.9, 0.0
M3,04/07/22,10:53:33,     1,  5946,   404, 1019.6, 300, 0.0, 0.0, 0.0,  0, 0.0000,     1, 0.0,26.0, 0.0
M3,04/07/22,10:53:34,     1,  5947,   403, 1019.6, 300, 0.0, 0.0, 0.0,  0, 0.0000,     1, 0.0,26.0, 0.0
M3,04/07/22,10:53:35,     1,  5948,   403, 1019.6, 301, 0.0, 0.0, 0.0,  0, 0.0000,     1, 0.0,25.9, 0.0
M3,04/07/22,10:53:36,     1,  5949,   404, 1019.6, 300, 0.0, 0.0, 0.0,  0, 0.0000,     1, 0.0,25.8, 0.0
