Tag(M3),Date,Time,Plot_No,Rec_No,CO2,Pressure,Flow,H2O,Tsen,O2,Error,Aux_V,PAR,Tsoil,Tair,Msoil
M3,27/07/22,12:23:22,     1, 10136,   401, 1016.6, 300, 0.0, 0.0, 0.0, 61, 0.0000,  1832, 0.0,25.4, 0.0
M3,27/07/22,12:23:24,     1, 10138,   401, 1016.6, 300, 0.0, 0.0, 0.0, 52, 0.0000,  1614, 0.0,25.4, 0.0
M3,27/07/22,12:23:25,     1, 10139,   401, 1016.6, 300, 0.0, 0.0, 0.0,  0, 0.0000,  1602, 0.0,25.4, 0.0
M3,27/07/22,12:23:26,     1, 10140,   401, 1016.6, 300, 0.0, 0.0, 0.0,  0, 0.0000,  1583, 0.0,25.4, 0.0
M3,27/07/22,12:23:27,     1, 10141,   401, 1016.5, 300, 0.0, 0.0, 0.0,  0, 0.0000,  1596, 0.0,25.5, 0.0
M3,27/07/22,12:23:28,     1, 10142,   400, 1016.5, 300, 0.0, 0.0, 0.0,  0, 0.0000,  1601, 0.0,25.5, 0.0
M3,27/07/22,12:23:29,     1, 10143,   400, 1016.6, 300, 0.0, 0.0, 0.0,  0, 0.0000,  1626, 0.0,25.5, 0.0
M3,27/07/22,12:23:30,     1, 10144,   400, 1016.6, 300, 0.0, 0.0, 0.0,  0, 0.0000,  1734, 0.0,25.5, 0.0
M3,27/07/22,12:23:31,     1, 10145,   400, 1016.6, 300, 0.0, 0.0, 0.0,  0, 0.0000,  1758, 0.0,25.5, 0.0
M3,27/07/22,12:23:32,     1, 10146,   399, 1016.6, 300, 0.0, 0.0, 0.0,  0, 0.0000,  1580, 0.0,25.5, 0.0
M3,27/07/22,12:23:33,     1, 10147,   399, 1016.6, 300, 0.0, 0.0, 0.0,  0, 0.0000,  1383, 0.0,25.6, 0.0
M3,27/07/22,12:23:34,     1, 10148,   399, 1016.5, 300, 0.0, 0.0, 0.0,  0, 0.0000,  1310, 0.0,25.6, 0.0
M3,27/07/22,12:23:35,     1, 10149,   399, 1016.5, 300, 0.0, 0.0, 0.0,  0, 0.0000,  1277, 0.0,25.6, 0.0
M3,27/07/22,12:23:36,     1, 10150,   399, 1016.6, 300, 0.0, 0.0, 0.0,  0, 0.0000,  1270, 0.0,25.6, 0.0
M3,27/07/22,12:23:37,     1, 10151,   399, 1016.6, 300, 0.0, 0.0, 0.0,  0, 0.0000,  1285, 0.0,25.6, 0.0
M3,27/07/22,12:23:38,     1, 10152,   399, 1016.6, 300, 0.0, 0.0, 0.0,  0, 0.0000,  1279, 0.0,25.6, 0.0
M3,27/07/22,12:23:39,     1, 10153,   399, 1016.6, 300, 0.0, 0.0, 0.0,  0, 0.0000,  1276, 0.0,25.6, 0.0
M3,27/07/22,12:23:40,     1, 10154,   398, 1016.6, 300, 0.0, 0.0, 0.0,  0, 0.0000,  1283, 0.0,25.6, 0.0
M3,27/07/22,12:23:41,     1, 10155,   398, 1016.6, 300, 0.0, 0.0, 0.0,  0, 0.0000,  1277, 0.0,25.6, 0.0
M3,27/07/22,12:23:42,     1, 10156,   398, 1016.6, 300, 0.0, 0.0, 0.0,  0, 0.0000,  1260, 0.0,25.6, 0.0
M3,27/07/22,12:23:44,     1, 10157,   397, 1016.6, 300, 0.0, 0.0, 0.0,  0, 0.0000,  1240, 0.0,25.6, 0.0
M3,27/07/22,12:23:45,     1, 10158,   397, 1016.6, 300, 0.0, 0.0, 0.0,  0, 0.0000,  1231, 0.0,25.7, 0.0
M3,27/07/22,12:23:46,     1, 10159,   398, 1016.6, 300, 0.0, 0.0, 0.0,  0, 0.0000,  1211, 0.0,25.7, 0.0
M3,27/07/22,12:23:47,     1, 10160,   398, 1016.6, 300, 0.0, 0.0, 0.0,  0, 0.0000,  1180, 0.0,25.7, 0.0
M3,27/07/22,12:23:48,     1, 10161,   398, 1016.6, 300, 0.0, 0.0, 0.0,  0, 0.0000,  1151, 0.0,25.7, 0.0
M3,27/07/22,12:23:49,     1, 10162,   398, 1016.5, 300, 0.0, 0.0, 0.0,  0, 0.0000,  1141, 0.0,25.7, 0.0
M3,27/07/22,12:23:50,     1, 10163,   397, 1016.5, 300, 0.0, 0.0, 0.0,  0, 0.0000,  1148, 0.0,25.7, 0.0
M3,27/07/22,12:23:51,     1, 10164,   397, 1016.5, 300, 0.0, 0.0, 0.0,  0, 0.0000,  1137, 0.0,25.7, 0.0
M3,27/07/22,12:23:52,     1, 10165,   397, 1016.6, 299, 0.0, 0.0, 0.0,  0, 0.0000,  1142, 0.0,25.7, 0.0
M3,27/07/22,12:23:53,     1, 10166,   397, 1016.6, 300, 0.0, 0.0, 0.0,  0, 0.0000,  1155, 0.0,25.7, 0.0
M3,27/07/22,12:23:54,     1, 10167,   397, 1016.6, 300, 0.0, 0.0, 0.0,  0, 0.0000,  1157, 0.0,25.7, 0.0
M3,27/07/22,12:23:55,     1, 10168,   397, 1016.6, 300, 0.0, 0.0, 0.0,  0, 0.0000,  1171, 0.0,25.7, 0.0
M3,27/07/22,12:23:56,     1, 10169,   397, 1016.6, 300, 0.0, 0.0, 0.0,  0, 0.0000,  1206, 0.0,25.7, 0.0
M3,27/07/22,12:23:57,     1, 10170,   397, 1016.6, 300, 0.0, 0.0, 0.0,  0, 0.0000,  1231, 0.0,25.7, 0.0
M3,27/07/22,12:23:58,     1, 10171,   396, 1016.5, 300, 0.0, 0.0, 0.0,  0, 0.0000,  1274, 0.0,25.7, 0.0
M3,27/07/22,12:23:59,     1, 10172,   397, 1016.5, 300, 0.0, 0.0, 0.0,  0, 0.0000,  1368, 0.0,25.8, 0.0
M3,27/07/22,12:24:00,     1, 10173,   397, 1016.5, 300, 0.0, 0.0, 0.0,  0, 0.0000,  1518, 0.0,25.8, 0.0
M3,27/07/22,12:24:01,     1, 10174,   397, 1016.5, 300, 0.0, 0.0, 0.0,  0, 0.0000,  1712, 0.0,25.8, 0.0
M3,27/07/22,12:24:02,     1, 10175,   396, 1016.5, 300, 0.0, 0.0, 0.0,  0, 0.0000,  1742, 0.0,25.8, 0.0
M3,27/07/22,12:24:03,     1, 10176,   396, 1016.5, 300, 0.0, 0.0, 0.0,  0, 0.0000,  1717, 0.0,25.8, 0.0
M3,27/07/22,12:24:04,     1, 10177,   396, 1016.5, 300, 0.0, 0.0, 0.0,  0, 0.0000,  1678, 0.0,25.8, 0.0
M3,27/07/22,12:24:05,     1, 10178,   396, 1016.5, 300, 0.0, 0.0, 0.0,  0, 0.0000,  1721, 0.0,25.8, 0.0
M3,27/07/22,12:24:06,     1, 10179,   396, 1016.5, 299, 0.0, 0.0, 0.0,  0, 0.0000,  1759, 0.0,25.8, 0.0
M3,27/07/22,12:24:07,     1, 10180,   396, 1016.5, 300, 0.0, 0.0, 0.0,  0, 0.0000,  1790, 0.0,25.8, 0.0
M3,27/07/22,12:24:08,     1, 10181,   396, 1016.5, 300, 0.0, 0.0, 0.0,  0, 0.0000,  1854, 0.0,25.9, 0.0
M3,27/07/22,12:24:09,     1, 10182,   396, 1016.5, 300, 0.0, 0.0, 0.0,  0, 0.0000,  2004, 0.0,25.9, 0.0
M3,27/07/22,12:24:10,     1, 10183,   396, 1016.5, 300, 0.0, 0.0, 0.0,  0, 0.0000,  1992, 0.0,25.9, 0.0
M3,27/07/22,12:24:11,     1, 10184,   396, 1016.6, 300, 0.0, 0.0, 0.0,  0, 0.0000,  1912, 0.0,25.9, 0.0
M3,27/07/22,12:24:12,     1, 10185,   396, 1016.6, 300, 0.0, 0.0, 0.0,  0, 0.0000,  1924, 0.0,25.9, 0.0
M3,27/07/22,12:24:13,     1, 10186,   396, 1016.5, 300, 0.0, 0.0, 0.0,  0, 0.0000,  1829, 0.0,25.9, 0.0
M3,27/07/22,12:24:14,     1, 10187,   396, 1016.5, 300, 0.0, 0.0, 0.0,  0, 0.0000,  1703, 0.0,25.9, 0.0
M3,27/07/22,12:24:15,     1, 10188,   396, 1016.5, 300, 0.0, 0.0, 0.0,  0, 0.0000,  1715, 0.0,25.9, 0.0
M3,27/07/22,12:24:16,     1, 10189,   396, 1016.5, 300, 0.0, 0.0, 0.0,  0, 0.0000,  1683, 0.0,25.9, 0.0
M3,27/07/22,12:24:17,     1, 10190,   396, 1016.5, 300, 0.0, 0.0, 0.0,  0, 0.0000,  1560, 0.0,26.0, 0.0
M3,27/07/22,12:24:18,     1, 10191,   396, 1016.5, 300, 0.0, 0.0, 0.0,  0, 0.0000,  1515, 0.0,26.0, 0.0
M3,27/07/22,12:24:19,     1, 10192,   396, 1016.5, 300, 0.0, 0.0, 0.0,  0, 0.0000,  1531, 0.0,26.0, 0.0
M3,27/07/22,12:24:20,     1, 10193,   395, 1016.5, 300, 0.0, 0.0, 0.0,  0, 0.0000,  1552, 0.0,26.0, 0.0
M3,27/07/22,12:24:21,     1, 10194,   395, 1016.5, 300, 0.0, 0.0, 0.0,  0, 0.0000,  1537, 0.0,26.0, 0.0
M3,27/07/22,12:24:22,     1, 10195,   395, 1016.5, 300, 0.0, 0.0, 0.0,  0, 0.0000,  1631, 0.0,26.0, 0.0
M3,27/07/22,12:24:23,     1, 10196,   395, 1016.5, 300, 0.0, 0.0, 0.0,  0, 0.0000,  1792, 0.0,26.0, 0.0
M3,27/07/22,12:24:24,     1, 10197,   394, 1016.5, 300, 0.0, 0.0, 0.0,  0, 0.0000,  1766, 0.0,26.0, 0.0
M3,27/07/22,12:24:25,     1, 10198,   394, 1016.5, 300, 0.0, 0.0, 0.0,  0, 0.0000,  1797, 0.0,26.0, 0.0
M3,27/07/22,12:24:26,     1, 10199,   394, 1016.5, 300, 0.0, 0.0, 0.0,  0, 0.0000,  1968, 0.0,26.0, 0.0
M3,27/07/22,12:24:27,     1, 10200,   394, 1016.5, 300, 0.0, 0.0, 0.0,  0, 0.0000,  1967, 0.0,26.1, 0.0
M3,27/07/22,12:24:28,     1, 10201,   394, 1016.5, 300, 0.0, 0.0, 0.0,  0, 0.0000,  1991, 0.0,26.1, 0.0
M3,27/07/22,12:24:29,     1, 10202,   394, 1016.5, 300, 0.0, 0.0, 0.0,  0, 0.0000,  2035, 0.0,26.1, 0.0
M3,27/07/22,12:24:30,     1, 10203,   394, 1016.5, 300, 0.0, 0.0, 0.0,  0, 0.0000,  1947, 0.0,26.1, 0.0
M3,27/07/22,12:24:31,     1, 10204,   394, 1016.6, 300, 0.0, 0.0, 0.0,  0, 0.0000,  1828, 0.0,26.1, 0.0
M3,27/07/22,12:24:32,     1, 10205,   394, 1016.6, 300, 0.0, 0.0, 0.0,  0, 0.0000,  1790, 0.0,26.1, 0.0
M3,27/07/22,12:24:33,     1, 10206,   394, 1016.6, 300, 0.0, 0.0, 0.0,  0, 0.0000,  1842, 0.0,26.1, 0.0
M3,27/07/22,12:24:34,     1, 10207,   394, 1016.6, 300, 0.0, 0.0, 0.0,  0, 0.0000,  1848, 0.0,26.1, 0.0
M3,27/07/22,12:24:35,     1, 10208,   394, 1016.6, 300, 0.0, 0.0, 0.0,  0, 0.0000,  1861, 0.0,26.2, 0.0
M3,27/07/22,12:24:36,     1, 10209,   394, 1016.6, 300, 0.0, 0.0, 0.0,  0, 0.0000,  1961, 0.0,26.2, 0.0
M3,27/07/22,12:24:37,     1, 10210,   394, 1016.5, 300, 0.0, 0.0, 0.0,  0, 0.0000,  2101, 0.0,26.2, 0.0
M3,27/07/22,12:24:38,     1, 10211,   394, 1016.5, 300, 0.0, 0.0, 0.0,  0, 0.0000,  2213, 0.0,26.2, 0.0
M3,27/07/22,12:24:39,     1, 10212,   394, 1016.6, 300, 0.0, 0.0, 0.0,  0, 0.0000,  2239, 0.0,26.2, 0.0
M3,27/07/22,12:24:40,     1, 10213,   394, 1016.6, 300, 0.0, 0.0, 0.0,  0, 0.0000,  2231, 0.0,26.2, 0.0
M3,27/07/22,12:24:41,     1, 10214,   394, 1016.5, 300, 0.0, 0.0, 0.0,  0, 0.0000,  2223, 0.0,26.3, 0.0
M3,27/07/22,12:24:42,     1, 10215,   394, 1016.5, 300, 0.0, 0.0, 0.0,  0, 0.0000,  2228, 0.0,26.3, 0.0
M3,27/07/22,12:24:43,     1, 10216,   393, 1016.6, 300, 0.0, 0.0, 0.0,  0, 0.0000,  2227, 0.0,26.3, 0.0
M3,27/07/22,12:24:44,     1, 10217,   393, 1016.6, 300, 0.0, 0.0, 0.0,  0, 0.0000,  2201, 0.0,26.3, 0.0
M3,27/07/22,12:24:45,     1, 10218,   393, 1016.6, 300, 0.0, 0.0, 0.0,  0, 0.0000,  2210, 0.0,26.3, 0.0
M3,27/07/22,12:24:46,     1, 10219,   393, 1016.6, 300, 0.0, 0.0, 0.0,  0, 0.0000,  2220, 0.0,26.3, 0.0
M3,27/07/22,12:24:47,     1, 10220,   393, 1016.5, 300, 0.0, 0.0, 0.0,  0, 0.0000,  2219, 0.0,26.3, 0.0
M3,27/07/22,12:24:48,     1, 10221,   393, 1016.5, 300, 0.0, 0.0, 0.0,  0, 0.0000,  2216, 0.0,26.4, 0.0
M3,27/07/22,12:24:49,     1, 10222,   392, 1016.5, 300, 0.0, 0.0, 0.0,  0, 0.0000,  2211, 0.0,26.4, 0.0
M3,27/07/22,12:24:50,     1, 10223,   392, 1016.5, 300, 0.0, 0.0, 0.0,  0, 0.0000,  2209, 0.0,26.4, 0.0
M3,27/07/22,12:24:51,     1, 10224,   392, 1016.5, 300, 0.0, 0.0, 0.0,  0, 0.0000,  2208, 0.0,26.4, 0.0
M3,27/07/22,12:24:52,     1, 10225,   393, 1016.5, 300, 0.0, 0.0, 0.0,  0, 0.0000,  2206, 0.0,26.4, 0.0
M3,27/07/22,12:24:53,     1, 10226,   393, 1016.5, 300, 0.0, 0.0, 0.0,  0, 0.0000,  2204, 0.0,26.4, 0.0
M3,27/07/22,12:24:54,     1, 10227,   393, 1016.5, 300, 0.0, 0.0, 0.0,  0, 0.0000,  2203, 0.0,26.4, 0.0
M3,27/07/22,12:24:55,     1, 10228,   393, 1016.5, 300, 0.0, 0.0, 0.0,  0, 0.0000,  2202, 0.0,26.4, 0.0
M3,27/07/22,12:24:56,     1, 10229,   393, 1016.5, 300, 0.0, 0.0, 0.0,  0, 0.0000,  2200, 0.0,26.4, 0.0
M3,27/07/22,12:24:57,     1, 10230,   393, 1016.5, 300, 0.0, 0.0, 0.0,  0, 0.0000,  2199, 0.0,26.5, 0.0
M3,27/07/22,12:24:58,     1, 10231,   393, 1016.5, 300, 0.0, 0.0, 0.0,  0, 0.0000,  2198, 0.0,26.5, 0.0
M3,27/07/22,12:24:59,     1, 10232,   393, 1016.5, 300, 0.0, 0.0, 0.0,  0, 0.0000,  2197, 0.0,26.5, 0.0
M3,27/07/22,12:25:00,     1, 10233,   393, 1016.5, 300, 0.0, 0.0, 0.0,  0, 0.0000,  2196, 0.0,26.5, 0.0
M3,27/07/22,12:25:01,     1, 10234,   393, 1016.5, 300, 0.0, 0.0, 0.0,  0, 0.0000,  2197, 0.0,26.5, 0.0
M3,27/07/22,12:25:02,     1, 10235,   393, 1016.5, 300, 0.0, 0.0, 0.0,  0, 0.0000,  2196, 0.0,26.5, 0.0
M3,27/07/22,12:25:03,     1, 10236,   393, 1016.5, 300, 0.0, 0.0, 0.0,  0, 0.0000,  2196, 0.0,26.6, 0.0
M3,27/07/22,12:25:04,     1, 10237,   393, 1016.5, 300, 0.0, 0.0, 0.0,  0, 0.0000,  2196, 0.0,26.6, 0.0
M3,27/07/22,12:25:05,     1, 10238,   393, 1016.5, 300, 0.0, 0.0, 0.0,  0, 0.0000,  2195, 0.0,26.6, 0.0
M3,27/07/22,12:25:06,     1, 10239,   393, 1016.5, 300, 0.0, 0.0, 0.0,  0, 0.0000,  2197, 0.0,26.6, 0.0
M3,27/07/22,12:25:07,     1, 10240,   393, 1016.5, 300, 0.0, 0.0, 0.0,  0, 0.0000,  2198, 0.0,26.6, 0.0
M3,27/07/22,12:25:08,     1, 10241,   392, 1016.5, 300, 0.0, 0.0, 0.0,  0, 0.0000,  2198, 0.0,26.6, 0.0
M3,27/07/22,12:25:09,     1, 10242,   392, 1016.5, 300, 0.0, 0.0, 0.0,  0, 0.0000,  2199, 0.0,26.6, 0.0
M3,27/07/22,12:25:10,     1, 10243,   392, 1016.5, 300, 0.0, 0.0, 0.0,  0, 0.0000,  2197, 0.0,26.7, 0.0
M3,27/07/22,12:25:11,     1, 10244,   392, 1016.5, 300, 0.0, 0.0, 0.0,  0, 0.0000,  2197, 0.0,26.7, 0.0
M3,27/07/22,12:25:12,     1, 10245,   392, 1016.5, 300, 0.0, 0.0, 0.0,  0, 0.0000,  2196, 0.0,26.7, 0.0
M3,27/07/22,12:25:13,     1, 10246,   392, 1016.6, 300, 0.0, 0.0, 0.0,  0, 0.0000,  2191, 0.0,26.7, 0.0
M3,27/07/22,12:25:14,     1, 10247,   392, 1016.6, 300, 0.0, 0.0, 0.0,  0, 0.0000,  2188, 0.0,26.7, 0.0
M3,27/07/22,12:25:15,     1, 10248,   392, 1016.6, 300, 0.0, 0.0, 0.0,  0, 0.0000,  2188, 0.0,26.7, 0.0
M3,27/07/22,12:25:16,     1, 10249,   391, 1016.6, 300, 0.0, 0.0, 0.0,  0, 0.0000,  2184, 0.0,26.7, 0.0
M3,27/07/22,12:25:17,     1, 10250,   391, 1016.6, 300, 0.0, 0.0, 0.0,  0, 0.0000,  2188, 0.0,26.7, 0.0
M3,27/07/22,12:25:18,     1, 10251,   391, 1016.6, 300, 0.0, 0.0, 0.0,  0, 0.0000,  2198, 0.0,26.8, 0.0
M3,27/07/22,12:25:19,     1, 10252,   391, 1016.6, 300, 0.0, 0.0, 0.0,  0, 0.0000,  2199, 0.0,26.8, 0.0
M3,27/07/22,12:25:20,     1, 10253,   391, 1016.6, 300, 0.0, 0.0, 0.0,  0, 0.0000,  2200, 0.0,26.8, 0.0
M3,27/07/22,12:25:21,     1, 10254,   390, 1016.6, 300, 0.0, 0.0, 0.0,  0, 0.0000,  2200, 0.0,26.8, 0.0
M3,27/07/22,12:25:22,     1, 10255,   389, 1016.6, 300, 0.0, 0.0, 0.0,  0, 0.0000,  2198, 0.0,26.8, 0.0
M3,27/07/22,12:25:23,     1, 10256,   389, 1016.6, 300, 0.0, 0.0, 0.0,  0, 0.0000,  2200, 0.0,26.8, 0.0
M3,27/07/22,12:25:24,     1, 10257,   389, 1016.6, 300, 0.0, 0.0, 0.0,  0, 0.0000,  2203, 0.0,26.8, 0.0
M3,27/07/22,12:25:25,     1, 10258,   390, 1016.6, 300, 0.0, 0.0, 0.0,  0, 0.0000,  2204, 0.0,26.9, 0.0
M3,27/07/22,12:25:26,     1, 10259,   390, 1016.6, 300, 0.0, 0.0, 0.0, 24, 0.0000,  2202, 0.0,26.9, 0.0
M3,27/07/22,12:25:27,     1, 10260,   390, 1016.6, 300, 0.0, 0.0, 0.0, 24, 0.0000,  2203, 0.0,26.9, 0.0
M3,27/07/22,12:25:28,     1, 10261,   390, 1016.6, 300, 0.0, 0.0, 0.0, 24, 0.0000,  2204, 0.0,26.9, 0.0
M3,27/07/22,12:25:29,     1, 10262,   390, 1016.6, 300, 0.0, 0.0, 0.0, 24, 0.0000,  2206, 0.0,26.9, 0.0
M3,27/07/22,12:25:30,     1, 10263,   390, 1016.6, 300, 0.0, 0.0, 0.0, 24, 0.0000,  2204, 0.0,26.9, 0.0
M3,27/07/22,12:25:31,     1, 10264,   390, 1016.6, 300, 0.0, 0.0, 0.0,  0, 0.0000,  2205, 0.0,26.9, 0.0
M3,27/07/22,12:25:32,     1, 10265,   390, 1016.6, 300, 0.0, 0.0, 0.0,  0, 0.0000,  2209, 0.0,27.0, 0.0
M3,27/07/22,12:25:33,     1, 10266,   390, 1016.6, 300, 0.0, 0.0, 0.0,  0, 0.0000,  2209, 0.0,27.0, 0.0
M3,27/07/22,12:25:34,     1, 10267,   389, 1016.6, 300, 0.0, 0.0, 0.0,  0, 0.0000,  2209, 0.0,27.0, 0.0
M3,27/07/22,12:25:35,     1, 10268,   389, 1016.6, 300, 0.0, 0.0, 0.0,  0, 0.0000,  2210, 0.0,27.0, 0.0
M3,27/07/22,12:25:36,     1, 10269,   389, 1016.6, 300, 0.0, 0.0, 0.0,  0, 0.0000,  2214, 0.0,27.0, 0.0
M3,27/07/22,12:25:37,     1, 10270,   389, 1016.6, 300, 0.0, 0.0, 0.0,  0, 0.0000,  2212, 0.0,27.0, 0.0
M3,27/07/22,12:25:38,     1, 10271,   389, 1016.6, 300, 0.0, 0.0, 0.0,  0, 0.0000,  2211, 0.0,27.0, 0.0
M3,27/07/22,12:25:39,     1, 10272,   390, 1016.6, 300, 0.0, 0.0, 0.0,  0, 0.0000,  2213, 0.0,27.0, 0.0
M3,27/07/22,12:25:40,     1, 10273,   390, 1016.6, 300, 0.0, 0.0, 0.0,  0, 0.0000,  2216, 0.0,27.1, 0.0
M3,27/07/22,12:25:41,     1, 10274,   389, 1016.6, 300, 0.0, 0.0, 0.0,  0, 0.0000,  2215, 0.0,27.1, 0.0
M3,27/07/22,12:25:42,     1, 10275,   389, 1016.6, 300, 0.0, 0.0, 0.0,  0, 0.0000,  2216, 0.0,27.1, 0.0
M3,27/07/22,12:25:43,     1, 10276,   390, 1016.6, 300, 0.0, 0.0, 0.0,  0, 0.0000,  2217, 0.0,27.1, 0.0
M3,27/07/22,12:25:44,     1, 10277,   390, 1016.6, 300, 0.0, 0.0, 0.0,  0, 0.0000,  2219, 0.0,27.1, 0.0
M3,27/07/22,12:25:45,     1, 10278,   390, 1016.6, 300, 0.0, 0.0, 0.0,  0, 0.0000,  2222, 0.0,27.1, 0.0
M3,27/07/22,12:25:46,     1, 10279,   390, 1016.6, 300, 0.0, 0.0, 0.0,  0, 0.0000,  2226, 0.0,27.2, 0.0
M3,27/07/22,12:25:47,     1, 10280,   389, 1016.6, 300, 0.0, 0.0, 0.0,  0, 0.0000,  2228, 0.0,27.2, 0.0
M3,27/07/22,12:25:48,     1, 10281,   389, 1016.6, 300, 0.0, 0.0, 0.0,  0, 0.0000,  2231, 0.0,27.2, 0.0
M3,27/07/22,12:25:49,     1, 10282,   389, 1016.6, 300, 0.0, 0.0, 0.0,  0, 0.0000,  2234, 0.0,27.2, 0.0
M3,27/07/22,12:25:50,     1, 10283,   389, 1016.6, 300, 0.0, 0.0, 0.0,  0, 0.0000,  2228, 0.0,27.2, 0.0
M3,27/07/22,12:25:51,     1, 10284,   389, 1016.6, 300, 0.0, 0.0, 0.0,  0, 0.0000,  2215, 0.0,27.2, 0.0
M3,27/07/22,12:25:52,     1, 10285,   389, 1016.6, 300, 0.0, 0.0, 0.0,  0, 0.0000,  2196, 0.0,27.2, 0.0
M3,27/07/22,12:25:53,     1, 10286,   390, 1016.6, 300, 0.0, 0.0, 0.0,  0, 0.0000,  2174, 0.0,27.2, 0.0
M3,27/07/22,12:25:54,     1, 10287,   390, 1016.6, 300, 0.0, 0.0, 0.0,  0, 0.0000,  2181, 0.0,27.2, 0.0
M3,27/07/22,12:25:55,     1, 10288,   390, 1016.6, 300, 0.0, 0.0, 0.0,  0, 0.0000,  2202, 0.0,27.3, 0.0
M3,27/07/22,12:25:56,     1, 10289,   390, 1016.6, 300, 0.0, 0.0, 0.0,  0, 0.0000,  2206, 0.0,27.3, 0.0
M3,27/07/22,12:25:57,     1, 10290,   389, 1016.6, 300, 0.0, 0.0, 0.0,  0, 0.0000,  2206, 0.0,27.3, 0.0
M3,27/07/22,12:25:58,     1, 10291,   390, 1016.6, 300, 0.0, 0.0, 0.0,  0, 0.0000,  2208, 0.0,27.3, 0.0
M3,27/07/22,12:25:59,     1, 10292,   390, 1016.6, 300, 0.0, 0.0, 0.0,  0, 0.0000,  2122, 0.0,27.3, 0.0
M3,27/07/22,12:26:00,     1, 10293,   390, 1016.6, 300, 0.0, 0.0, 0.0,  0, 0.0000,  2080, 0.0,27.3, 0.0
M3,27/07/22,12:26:01,     1, 10294,   390, 1016.6, 300, 0.0, 0.0, 0.0,  0, 0.0000,  2114, 0.0,27.3, 0.0
M3,27/07/22,12:26:02,     1, 10295,   390, 1016.5, 300, 0.0, 0.0, 0.0,  0, 0.0000,  1811, 0.0,27.4, 0.0
M3,27/07/22,12:26:03,     1, 10296,   390, 1016.5, 300, 0.0, 0.0, 0.0,  0, 0.0000,  1130, 0.0,27.4, 0.0
M3,27/07/22,12:26:04,     1, 10297,   390, 1016.5, 300, 0.0, 0.0, 0.0,  0, 0.0000,   923, 0.0,27.4, 0.0
M3,27/07/22,12:26:05,     1, 10298,   390, 1016.5, 300, 0.0, 0.0, 0.0,  0, 0.0000,   929, 0.0,27.4, 0.0
M3,27/07/22,12:26:06,     1, 10299,   390, 1016.5, 300, 0.0, 0.0, 0.0,  0, 0.0000,   940, 0.0,27.4, 0.0
M3,27/07/22,12:26:07,     1, 10300,   391, 1016.5, 300, 0.0, 0.0, 0.0,  0, 0.0000,   936, 0.0,27.4, 0.0
M3,27/07/22,12:26:09,     1, 10301,   392, 1016.5, 300, 0.0, 0.0, 0.0,  0, 0.0000,   959, 0.0,27.4, 0.0
M3,27/07/22,12:26:10,     1, 10302,   392, 1016.5, 300, 0.0, 0.0, 0.0,  0, 0.0000,   967, 0.0,27.4, 0.0
M3,27/07/22,12:26:11,     1, 10303,   392, 1016.5, 300, 0.0, 0.0, 0.0,  0, 0.0000,   969, 0.0,27.3, 0.0
M3,27/07/22,12:26:12,     1, 10304,   393, 1016.5, 300, 0.0, 0.0, 0.0,  0, 0.0000,   972, 0.0,27.3, 0.0
M3,27/07/22,12:26:13,     1, 10305,   394, 1016.5, 300, 0.0, 0.0, 0.0,  0, 0.0000,   987, 0.0,27.3, 0.0
M3,27/07/22,12:26:14,     1, 10306,   394, 1016.5, 300, 0.0, 0.0, 0.0,  0, 0.0000,  1000, 0.0,27.3, 0.0
M3,27/07/22,12:26:15,     1, 10307,   395, 1016.5, 300, 0.0, 0.0, 0.0,  0, 0.0000,  1000, 0.0,27.3, 0.0
M3,27/07/22,12:26:16,     1, 10308,   395, 1016.6, 300, 0.0, 0.0, 0.0,  0, 0.0000,  1015, 0.0,27.2, 0.0
M3,27/07/22,12:26:17,     1, 10309,   395, 1016.6, 300, 0.0, 0.0, 0.0,  0, 0.0000,  1023, 0.0,27.2, 0.0
M3,27/07/22,12:26:18,     1, 10310,   396, 1016.6, 300, 0.0, 0.0, 0.0,  0, 0.0000,  1022, 0.0,27.2, 0.0
M3,27/07/22,12:26:19,     1, 10311,   395, 1016.6, 300, 0.0, 0.0, 0.0,  0, 0.0000,  1019, 0.0,27.2, 0.0
M3,27/07/22,12:26:20,     1, 10312,   395, 1016.6, 300, 0.0, 0.0, 0.0,  0, 0.0000,  1017, 0.0,27.2, 0.0
M3,27/07/22,12:26:21,     1, 10313,   395, 1016.6, 300, 0.0, 0.0, 0.0,  0, 0.0000,  1035, 0.0,27.2, 0.0
M3,27/07/22,12:26:22,     1, 10314,   395, 1016.6, 300, 0.0, 0.0, 0.0,  0, 0.0000,  1024, 0.0,27.2, 0.0
M3,27/07/22,12:26:23,     1, 10315,   396, 1016.5, 300, 0.0, 0.0, 0.0,  0, 0.0000,  1002, 0.0,27.2, 0.0
M3,27/07/22,12:26:24,     1, 10316,   396, 1016.5, 300, 0.0, 0.0, 0.0,  0, 0.0000,   989, 0.0,27.2, 0.0
M3,27/07/22,12:26:25,     1, 10317,   396, 1016.5, 300, 0.0, 0.0, 0.0,  0, 0.0000,   986, 0.0,27.1, 0.0
M3,27/07/22,12:26:26,     1, 10318,   396, 1016.5, 300, 0.0, 0.0, 0.0,  0, 0.0000,   975, 0.0,27.1, 0.0
M3,27/07/22,12:26:27,     1, 10319,   396, 1016.5, 300, 0.0, 0.0, 0.0, 25, 0.0000,   965, 0.0,27.0, 0.0
M3,27/07/22,12:26:28,     1, 10320,   397, 1016.5, 300, 0.0, 0.0, 0.0, 25, 0.0000,   998, 0.0,27.0, 0.0
M3,27/07/22,12:26:29,     1, 10321,   397, 1016.5, 300, 0.0, 0.0, 0.0, 25, 0.0000,  1014, 0.0,27.0, 0.0
M3,27/07/22,12:26:30,     1, 10322,   397, 1016.5, 300, 0.0, 0.0, 0.0, 25, 0.0000,  1025, 0.0,26.9, 0.0
M3,27/07/22,12:26:31,     1, 10323,   397, 1016.5, 301, 0.0, 0.0, 0.0, 25, 0.0000,  1178, 0.0,26.9, 0.0
M3,27/07/22,12:26:32,     1, 10324,   396, 1016.5, 300, 0.0, 0.0, 0.0,  0, 0.0000,  1941, 0.0,26.9, 0.0
M3,27/07/22,12:26:33,     1, 10325,   396, 1016.5, 299, 0.0, 0.0, 0.0,  0, 0.0000,  2155, 0.0,27.0, 0.0
M3,27/07/22,12:26:34,     1, 10326,   396, 1016.5, 300, 0.0, 0.0, 0.0,  0, 0.0000,  2186, 0.0,27.0, 0.0
M3,27/07/22,12:26:35,     1, 10327,   396, 1016.5, 300, 0.0, 0.0, 0.0,  0, 0.0000,  2186, 0.0,27.0, 0.0
M3,27/07/22,12:26:36,     1, 10328,   396, 1016.5, 300, 0.0, 0.0, 0.0,  0, 0.0000,  2206, 0.0,27.1, 0.0
M3,27/07/22,12:26:37,     1, 10329,   396, 1016.5, 300, 0.0, 0.0, 0.0,  0, 0.0000,  2152, 0.0,27.1, 0.0
M3,27/07/22,12:26:38,     1, 10330,   396, 1016.5, 300, 0.0, 0.0, 0.0,  0, 0.0000,  2043, 0.0,27.2, 0.0
M3,27/07/22,12:26:39,     1, 10331,   396, 1016.5, 300, 0.0, 0.0, 0.0,  0, 0.0000,  2087, 0.0,27.2, 0.0
M3,27/07/22,12:26:40,     1, 10332,   396, 1016.5, 300, 0.0, 0.0, 0.0,  0, 0.0000,  2194, 0.0,27.3, 0.0
M3,27/07/22,12:26:41,     1, 10333,   396, 1016.5, 300, 0.0, 0.0, 0.0,  0, 0.0000,  2218, 0.0,27.3, 0.0
M3,27/07/22,12:26:42,     1, 10334,   396, 1016.5, 300, 0.0, 0.0, 0.0,  0, 0.0000,  2086, 0.0,27.3, 0.0
M3,27/07/22,12:26:43,     1, 10335,   396, 1016.5, 300, 0.0, 0.0, 0.0,  0, 0.0000,   860, 0.0,27.3, 0.0
M3,27/07/22,12:26:44,     1, 10336,   396, 1016.5, 300, 0.0, 0.0, 0.0,  0, 0.0000,   915, 0.0,27.4, 0.0
M3,27/07/22,12:26:45,     1, 10337,   396, 1016.5, 300, 0.0, 0.0, 0.0,  0, 0.0000,   734, 0.0,27.4, 0.0
M3,27/07/22,12:26:46,     1, 10338,   396, 1016.5, 300, 0.0, 0.0, 0.0,  0, 0.0000,   795, 0.0,27.4, 0.0
M3,27/07/22,12:26:47,     1, 10339,   396, 1016.5, 300, 0.0, 0.0, 0.0,  0, 0.0000,   712, 0.0,27.4, 0.0
M3,27/07/22,12:26:48,     1, 10340,   396, 1016.5, 300, 0.0, 0.0, 0.0,  0, 0.0000,   670, 0.0,27.4, 0.0
M3,27/07/22,12:26:49,     1, 10341,   396, 1016.5, 300, 0.0, 0.0, 0.0,  0, 0.0000,   990, 0.0,27.4, 0.0
M3,27/07/22,12:26:50,     1, 10342,   396, 1016.5, 300, 0.0, 0.0, 0.0,  0, 0.0000,   849, 0.0,27.4, 0.0
M3,27/07/22,12:26:51,     1, 10343,   395, 1016.5, 300, 0.0, 0.0, 0.0,  0, 0.0000,  1267, 0.0,27.4, 0.0
M3,27/07/22,12:26:52,     1, 10344,   395, 1016.5, 300, 0.0, 0.0, 0.0,  0, 0.0000,  1262, 0.0,27.4, 0.0
M3,27/07/22,12:26:53,     1, 10345,   395, 1016.5, 300, 0.0, 0.0, 0.0,  0, 0.0000,  1000, 0.0,27.4, 0.0
M3,27/07/22,12:26:54,     1, 10346,   395, 1016.5, 300, 0.0, 0.0, 0.0,  0, 0.0000,   720, 0.0,27.5, 0.0
M3,27/07/22,12:26:55,     1, 10347,   395, 1016.5, 300, 0.0, 0.0, 0.0,  0, 0.0000,   923, 0.0,27.5, 0.0
M3,27/07/22,12:26:56,     1, 10348,   395, 1016.5, 300, 0.0, 0.0, 0.0,  0, 0.0000,   972, 0.0,27.5, 0.0
M3,27/07/22,12:26:57,     1, 10349,   395, 1016.6, 300, 0.0, 0.0, 0.0,  0, 0.0000,   835, 0.0,27.5, 0.0
M3,27/07/22,12:26:58,     1, 10350,   394, 1016.6, 300, 0.0, 0.0, 0.0,  0, 0.0000,   756, 0.0,27.5, 0.0
M3,27/07/22,12:26:59,     1, 10351,   394, 1016.6, 300, 0.0, 0.0, 0.0,  0, 0.0000,   731, 0.0,27.5, 0.0
M3,27/07/22,12:27:00,     1, 10352,   394, 1016.5, 300, 0.0, 0.0, 0.0,  0, 0.0000,   733, 0.0,27.5, 0.0
