Tag(M3),Date,Time,Plot_No,Rec_No,CO2,Pressure,Flow,H2O,Tsen,O2,Error,Aux_V,PAR,Tsoil,Tair,Msoil
M3,13/07/22,12:01:05,     1, 11841,   406, 1015.4, 299, 0.0, 0.0, 0.0, 61, 0.0000,   537, 0.0,24.7, 0.0
M3,13/07/22,12:01:06,     1, 11842,   406, 1015.4, 300, 0.0, 0.0, 0.0,  0, 0.0000,   538, 0.0,24.7, 0.0
M3,13/07/22,12:01:07,     1, 11843,   406, 1015.4, 300, 0.0, 0.0, 0.0,  0, 0.0000,   539, 0.0,24.7, 0.0
M3,13/07/22,12:01:08,     1, 11844,   406, 1015.4, 300, 0.0, 0.0, 0.0,  0, 0.0000,   540, 0.0,24.7, 0.0
M3,13/07/22,12:01:09,     1, 11845,   406, 1015.4, 300, 0.0, 0.0, 0.0,  0, 0.0000,   542, 0.0,24.7, 0.0
M3,13/07/22,12:01:10,     1, 11846,   405, 1015.4, 300, 0.0, 0.0, 0.0,  0, 0.0000,   544, 0.0,24.7, 0.0
M3,13/07/22,12:01:11,     1, 11847,   405, 1015.4, 300, 0.0, 0.0, 0.0,  0, 0.0000,   546, 0.0,24.7, 0.0
M3,13/07/22,12:01:12,     1, 11848,   405, 1015.4, 300, 0.0, 0.0, 0.0,  0, 0.0000,   549, 0.0,24.7, 0.0
M3,13/07/22,12:01:13,     1, 11849,   405, 1015.4, 300, 0.0, 0.0, 0.0,  0, 0.0000,   552, 0.0,24.7, 0.0
M3,13/07/22,12:01:14,     1, 11850,   405, 1015.4, 300, 0.0, 0.0, 0.0,  0, 0.0000,   556, 0.0,24.7, 0.0
M3,13/07/22,12:01:15,     1, 11851,   405, 1015.4, 300, 0.0, 0.0, 0.0,  0, 0.0000,   562, 0.0,24.7, 0.0
M3,13/07/22,12:01:16,     1, 11852,   405, 1015.4, 300, 0.0, 0.0, 0.0,  0, 0.0000,   568, 0.0,24.7, 0.0
M3,13/07/22,12:01:17,     1, 11853,   405, 1015.4, 300, 0.0, 0.0, 0.0,  0, 0.0000,   576, 0.0,24.7, 0.0
M3,13/07/22,12:01:18,     1, 11854,   405, 1015.4, 300, 0.0, 0.0, 0.0,  0, 0.0000,   587, 0.0,24.7, 0.0
M3,13/07/22,12:01:19,     1, 11855,   405, 1015.4, 300, 0.0, 0.0, 0.0,  0, 0.0000,   601, 0.0,24.7, 0.0
M3,13/07/22,12:01:20,     1, 11856,   405, 1015.4, 300, 0.0, 0.0, 0.0,  0, 0.0000,   628, 0.0,24.7, 0.0
M3,13/07/22,12:01:21,     1, 11857,   405, 1015.4, 300, 0.0, 0.0, 0.0,  0, 0.0000,   669, 0.0,24.7, 0.0
M3,13/07/22,12:01:22,     1, 11858,   405, 1015.4, 300, 0.0, 0.0, 0.0,  0, 0.0000,   707, 0.0,24.7, 0.0
M3,13/07/22,12:01:23,     1, 11859,   404, 1015.4, 300, 0.0, 0.0, 0.0,  0, 0.0000,   716, 0.0,24.7, 0.0
M3,13/07/22,12:01:24,     1, 11860,   404, 1015.4, 300, 0.0, 0.0, 0.0,  0, 0.0000,   733, 0.0,24.7, 0.0
M3,13/07/22,12:01:25,     1, 11861,   404, 1015.4, 300, 0.0, 0.0, 0.0,  0, 0.0000,   779, 0.0,24.7, 0.0
M3,13/07/22,12:01:26,     1, 11862,   404, 1015.4, 300, 0.0, 0.0, 0.0,  0, 0.0000,   900, 0.0,24.7, 0.0
M3,13/07/22,12:01:27,     1, 11863,   404, 1015.4, 300, 0.0, 0.0, 0.0,  0, 0.0000,  1088, 0.0,24.7, 0.0
M3,13/07/22,12:01:28,     1, 11864,   404, 1015.4, 300, 0.0, 0.0, 0.0,  0, 0.0000,  1219, 0.0,24.7, 0.0
M3,13/07/22,12:01:29,     1, 11865,   404, 1015.4, 300, 0.0, 0.0, 0.0,  0, 0.0000,  1260, 0.0,24.7, 0.0
M3,13/07/22,12:01:30,     1, 11866,   404, 1015.4, 300, 0.0, 0.0, 0.0,  0, 0.0000,  1247, 0.0,24.7, 0.0
M3,13/07/22,12:01:31,     1, 11867,   403, 1015.4, 300, 0.0, 0.0, 0.0,  0, 0.0000,  1101, 0.0,24.8, 0.0
M3,13/07/22,12:01:32,     1, 11868,   403, 1015.4, 300, 0.0, 0.0, 0.0,  0, 0.0000,   915, 0.0,24.8, 0.0
M3,13/07/22,12:01:33,     1, 11869,   403, 1015.4, 300, 0.0, 0.0, 0.0,  0, 0.0000,   840, 0.0,24.8, 0.0
M3,13/07/22,12:01:34,     1, 11870,   404, 1015.4, 300, 0.0, 0.0, 0.0,  0, 0.0000,   818, 0.0,24.8, 0.0
M3,13/07/22,12:01:35,     1, 11871,   404, 1015.4, 300, 0.0, 0.0, 0.0,  0, 0.0000,   795, 0.0,24.8, 0.0
M3,13/07/22,12:01:36,     1, 11872,   404, 1015.4, 300, 0.0, 0.0, 0.0,  0, 0.0000,   787, 0.0,24.8, 0.0
M3,13/07/22,12:01:37,     1, 11873,   403, 1015.4, 300, 0.0, 0.0, 0.0,  0, 0.0000,   787, 0.0,24.8, 0.0
M3,13/07/22,12:01:38,     1, 11874,   403, 1015.4, 300, 0.0, 0.0, 0.0,  0, 0.0000,   795, 0.0,24.8, 0.0
M3,13/07/22,12:01:39,     1, 11875,   403, 1015.4, 300, 0.0, 0.0, 0.0,  0, 0.0000,   830, 0.0,24.8, 0.0
M3,13/07/22,12:01:40,     1, 11876,   402, 1015.4, 300, 0.0, 0.0, 0.0,  0, 0.0000,   932, 0.0,24.8, 0.0
M3,13/07/22,12:01:41,     1, 11877,   402, 1015.4, 300, 0.0, 0.0, 0.0,  0, 0.0000,  1045, 0.0,24.8, 0.0
M3,13/07/22,12:01:43,     1, 11878,   402, 1015.4, 300, 0.0, 0.0, 0.0,  0, 0.0000,  1117, 0.0,24.8, 0.0
M3,13/07/22,12:01:44,     1, 11879,   402, 1015.4, 300, 0.0, 0.0, 0.0,  0, 0.0000,  1276, 0.0,24.8, 0.0
M3,13/07/22,12:01:45,     1, 11880,   401, 1015.4, 300, 0.0, 0.0, 0.0,  0, 0.0000,  1453, 0.0,24.8, 0.0
M3,13/07/22,12:01:46,     1, 11881,   401, 1015.4, 300, 0.0, 0.0, 0.0,  0, 0.0000,  1438, 0.0,24.8, 0.0
M3,13/07/22,12:01:47,     1, 11882,   401, 1015.4, 300, 0.0, 0.0, 0.0,  0, 0.0000,  1413, 0.0,24.8, 0.0
M3,13/07/22,12:01:48,     1, 11883,   401, 1015.4, 300, 0.0, 0.0, 0.0,  0, 0.0000,  1583, 0.0,24.8, 0.0
M3,13/07/22,12:01:49,     1, 11884,   401, 1015.4, 300, 0.0, 0.0, 0.0,  0, 0.0000,  1714, 0.0,24.8, 0.0
M3,13/07/22,12:01:50,     1, 11885,   401, 1015.4, 300, 0.0, 0.0, 0.0,  0, 0.0000,  1644, 0.0,24.8, 0.0
M3,13/07/22,12:01:51,     1, 11886,   401, 1015.4, 300, 0.0, 0.0, 0.0,  0, 0.0000,  1376, 0.0,24.8, 0.0
M3,13/07/22,12:01:52,     1, 11887,   401, 1015.4, 300, 0.0, 0.0, 0.0,  0, 0.0000,  1147, 0.0,24.8, 0.0
M3,13/07/22,12:01:53,     1, 11888,   400, 1015.4, 300, 0.0, 0.0, 0.0,  0, 0.0000,   965, 0.0,24.8, 0.0
M3,13/07/22,12:01:54,     1, 11889,   400, 1015.5, 300, 0.0, 0.0, 0.0,  0, 0.0000,  1004, 0.0,24.8, 0.0
M3,13/07/22,12:01:55,     1, 11890,   400, 1015.5, 300, 0.0, 0.0, 0.0,  0, 0.0000,  1324, 0.0,24.8, 0.0
M3,13/07/22,12:01:56,     1, 11891,   400, 1015.5, 300, 0.0, 0.0, 0.0,  0, 0.0000,  1537, 0.0,24.9, 0.0
M3,13/07/22,12:01:57,     1, 11892,   400, 1015.5, 300, 0.0, 0.0, 0.0,  0, 0.0000,  1558, 0.0,24.9, 0.0
M3,13/07/22,12:01:58,     1, 11893,   400, 1015.5, 300, 0.0, 0.0, 0.0,  0, 0.0000,  1573, 0.0,24.9, 0.0
M3,13/07/22,12:01:59,     1, 11894,   400, 1015.5, 300, 0.0, 0.0, 0.0,  0, 0.0000,  1721, 0.0,24.9, 0.0
M3,13/07/22,12:02:00,     1, 11895,   400, 1015.5, 300, 0.0, 0.0, 0.0,  0, 0.0000,  1780, 0.0,24.9, 0.0
M3,13/07/22,12:02:01,     1, 11896,   400, 1015.5, 300, 0.0, 0.0, 0.0,  0, 0.0000,  1779, 0.0,24.9, 0.0
M3,13/07/22,12:02:02,     1, 11897,   400, 1015.5, 300, 0.0, 0.0, 0.0,  0, 0.0000,  1752, 0.0,24.9, 0.0
M3,13/07/22,12:02:03,     1, 11898,   400, 1015.5, 300, 0.0, 0.0, 0.0,  0, 0.0000,  1815, 0.0,24.9, 0.0
M3,13/07/22,12:02:04,     1, 11899,   399, 1015.5, 300, 0.0, 0.0, 0.0,  0, 0.0000,  1916, 0.0,24.9, 0.0
M3,13/07/22,12:02:05,     1, 11900,   399, 1015.5, 300, 0.0, 0.0, 0.0,  0, 0.0000,  1937, 0.0,24.9, 0.0
M3,13/07/22,12:02:06,     1, 11901,   399, 1015.5, 300, 0.0, 0.0, 0.0,  0, 0.0000,  1932, 0.0,24.9, 0.0
M3,13/07/22,12:02:07,     1, 11902,   399, 1015.5, 300, 0.0, 0.0, 0.0,  0, 0.0000,  1927, 0.0,25.0, 0.0
M3,13/07/22,12:02:08,     1, 11903,   399, 1015.5, 300, 0.0, 0.0, 0.0,  0, 0.0000,  1925, 0.0,25.0, 0.0
M3,13/07/22,12:02:09,     1, 11904,   399, 1015.5, 300, 0.0, 0.0, 0.0,  0, 0.0000,  1923, 0.0,25.0, 0.0
M3,13/07/22,12:02:10,     1, 11905,   399, 1015.5, 300, 0.0, 0.0, 0.0,  0, 0.0000,  1922, 0.0,25.0, 0.0
M3,13/07/22,12:02:11,     1, 11906,   398, 1015.5, 300, 0.0, 0.0, 0.0,  0, 0.0000,  1918, 0.0,25.0, 0.0
M3,13/07/22,12:02:12,     1, 11907,   398, 1015.5, 300, 0.0, 0.0, 0.0,  0, 0.0000,  1912, 0.0,25.0, 0.0
M3,13/07/22,12:02:13,     1, 11908,   398, 1015.5, 300, 0.0, 0.0, 0.0,  0, 0.0000,  1903, 0.0,25.0, 0.0
M3,13/07/22,12:02:14,     1, 11909,   397, 1015.5, 300, 0.0, 0.0, 0.0,  0, 0.0000,  1893, 0.0,25.0, 0.0
M3,13/07/22,12:02:15,     1, 11910,   397, 1015.5, 300, 0.0, 0.0, 0.0,  0, 0.0000,  1884, 0.0,25.0, 0.0
M3,13/07/22,12:02:16,     1, 11911,   397, 1015.5, 300, 0.0, 0.0, 0.0,  0, 0.0000,  1877, 0.0,25.0, 0.0
M3,13/07/22,12:02:17,     1, 11912,   397, 1015.5, 300, 0.0, 0.0, 0.0,  0, 0.0000,  1870, 0.0,25.0, 0.0
M3,13/07/22,12:02:18,     1, 11913,   397, 1015.5, 300, 0.0, 0.0, 0.0,  0, 0.0000,  1862, 0.0,25.1, 0.0
M3,13/07/22,12:02:19,     1, 11914,   397, 1015.5, 300, 0.0, 0.0, 0.0,  0, 0.0000,  1855, 0.0,25.1, 0.0
M3,13/07/22,12:02:20,     1, 11915,   397, 1015.5, 300, 0.0, 0.0, 0.0,  0, 0.0000,  1847, 0.0,25.1, 0.0
M3,13/07/22,12:02:21,     1, 11916,   397, 1015.5, 300, 0.0, 0.0, 0.0,  0, 0.0000,  1840, 0.0,25.1, 0.0
M3,13/07/22,12:02:22,     1, 11917,   397, 1015.5, 300, 0.0, 0.0, 0.0,  0, 0.0000,  1836, 0.0,25.1, 0.0
M3,13/07/22,12:02:23,     1, 11918,   396, 1015.5, 300, 0.0, 0.0, 0.0,  0, 0.0000,  1835, 0.0,25.1, 0.0
M3,13/07/22,12:02:24,     1, 11919,   396, 1015.5, 300, 0.0, 0.0, 0.0,  0, 0.0000,  1837, 0.0,25.1, 0.0
M3,13/07/22,12:02:25,     1, 11920,   396, 1015.5, 300, 0.0, 0.0, 0.0,  0, 0.0000,  1842, 0.0,25.1, 0.0
M3,13/07/22,12:02:26,     1, 11921,   396, 1015.5, 300, 0.0, 0.0, 0.0,  0, 0.0000,  1851, 0.0,25.1, 0.0
M3,13/07/22,12:02:27,     1, 11922,   396, 1015.5, 300, 0.0, 0.0, 0.0,  0, 0.0000,  1859, 0.0,25.1, 0.0
M3,13/07/22,12:02:28,     1, 11923,   396, 1015.5, 300, 0.0, 0.0, 0.0,  0, 0.0000,  1862, 0.0,25.1, 0.0
M3,13/07/22,12:02:29,     1, 11924,   396, 1015.5, 300, 0.0, 0.0, 0.0,  0, 0.0000,  1860, 0.0,25.1, 0.0
M3,13/07/22,12:02:30,     1, 11925,   396, 1015.5, 300, 0.0, 0.0, 0.0,  0, 0.0000,  1856, 0.0,25.2, 0.0
M3,13/07/22,12:02:31,     1, 11926,   396, 1015.5, 300, 0.0, 0.0, 0.0,  0, 0.0000,  1848, 0.0,25.2, 0.0
M3,13/07/22,12:02:32,     1, 11927,   396, 1015.5, 300, 0.0, 0.0, 0.0,  0, 0.0000,  1841, 0.0,25.2, 0.0
M3,13/07/22,12:02:33,     1, 11928,   396, 1015.5, 300, 0.0, 0.0, 0.0,  0, 0.0000,  1839, 0.0,25.2, 0.0
M3,13/07/22,12:02:34,     1, 11929,   396, 1015.5, 300, 0.0, 0.0, 0.0,  0, 0.0000,  1842, 0.0,25.2, 0.0
M3,13/07/22,12:02:35,     1, 11930,   395, 1015.5, 300, 0.0, 0.0, 0.0,  0, 0.0000,  1851, 0.0,25.2, 0.0
M3,13/07/22,12:02:36,     1, 11931,   395, 1015.5, 300, 0.0, 0.0, 0.0,  0, 0.0000,  1865, 0.0,25.2, 0.0
M3,13/07/22,12:02:37,     1, 11932,   395, 1015.5, 300, 0.0, 0.0, 0.0,  0, 0.0000,  1879, 0.0,25.2, 0.0
M3,13/07/22,12:02:38,     1, 11933,   394, 1015.5, 300, 0.0, 0.0, 0.0,  0, 0.0000,  1889, 0.0,25.2, 0.0
M3,13/07/22,12:02:39,     1, 11934,   394, 1015.5, 300, 0.0, 0.0, 0.0,  0, 0.0000,  1897, 0.0,25.2, 0.0
M3,13/07/22,12:02:40,     1, 11935,   394, 1015.5, 300, 0.0, 0.0, 0.0,  0, 0.0000,  1904, 0.0,25.2, 0.0
M3,13/07/22,12:02:41,     1, 11936,   394, 1015.5, 300, 0.0, 0.0, 0.0,  0, 0.0000,  1912, 0.0,25.3, 0.0
M3,13/07/22,12:02:42,     1, 11937,   394, 1015.5, 300, 0.0, 0.0, 0.0,  0, 0.0000,  1916, 0.0,25.3, 0.0
M3,13/07/22,12:02:43,     1, 11938,   394, 1015.5, 300, 0.0, 0.0, 0.0,  0, 0.0000,  1921, 0.0,25.3, 0.0
M3,13/07/22,12:02:44,     1, 11939,   394, 1015.5, 300, 0.0, 0.0, 0.0,  0, 0.0000,  1926, 0.0,25.3, 0.0
M3,13/07/22,12:02:45,     1, 11940,   393, 1015.5, 300, 0.0, 0.0, 0.0,  0, 0.0000,  1931, 0.0,25.3, 0.0
M3,13/07/22,12:02:46,     1, 11941,   393, 1015.5, 300, 0.0, 0.0, 0.0,  0, 0.0000,  1936, 0.0,25.3, 0.0
M3,13/07/22,12:02:47,     1, 11942,   393, 1015.5, 300, 0.0, 0.0, 0.0,  0, 0.0000,  1941, 0.0,25.3, 0.0
M3,13/07/22,12:02:48,     1, 11943,   393, 1015.5, 300, 0.0, 0.0, 0.0,  0, 0.0000,  1943, 0.0,25.3, 0.0
M3,13/07/22,12:02:49,     1, 11944,   393, 1015.5, 300, 0.0, 0.0, 0.0,  0, 0.0000,  1948, 0.0,25.3, 0.0
M3,13/07/22,12:02:50,     1, 11945,   393, 1015.5, 300, 0.0, 0.0, 0.0,  0, 0.0000,  1952, 0.0,25.3, 0.0
M3,13/07/22,12:02:51,     1, 11946,   392, 1015.5, 300, 0.0, 0.0, 0.0,  0, 0.0000,  1956, 0.0,25.3, 0.0
M3,13/07/22,12:02:52,     1, 11947,   392, 1015.5, 300, 0.0, 0.0, 0.0,  0, 0.0000,  1958, 0.0,25.3, 0.0
M3,13/07/22,12:02:53,     1, 11948,   392, 1015.5, 300, 0.0, 0.0, 0.0,  0, 0.0000,  1956, 0.0,25.4, 0.0
M3,13/07/22,12:02:54,     1, 11949,   392, 1015.5, 300, 0.0, 0.0, 0.0,  0, 0.0000,  1950, 0.0,25.4, 0.0
M3,13/07/22,12:02:55,     1, 11950,   392, 1015.5, 300, 0.0, 0.0, 0.0,  0, 0.0000,  1945, 0.0,25.4, 0.0
M3,13/07/22,12:02:56,     1, 11951,   392, 1015.5, 300, 0.0, 0.0, 0.0,  0, 0.0000,  1944, 0.0,25.4, 0.0
M3,13/07/22,12:02:57,     1, 11952,   392, 1015.5, 300, 0.0, 0.0, 0.0,  0, 0.0000,  1946, 0.0,25.4, 0.0
M3,13/07/22,12:02:58,     1, 11953,   392, 1015.5, 300, 0.0, 0.0, 0.0,  0, 0.0000,  1952, 0.0,25.4, 0.0
M3,13/07/22,12:02:59,     1, 11954,   392, 1015.5, 300, 0.0, 0.0, 0.0,  0, 0.0000,  1960, 0.0,25.4, 0.0
M3,13/07/22,12:03:00,     1, 11955,   392, 1015.5, 300, 0.0, 0.0, 0.0,  0, 0.0000,  1967, 0.0,25.4, 0.0
M3,13/07/22,12:03:01,     1, 11956,   392, 1015.5, 300, 0.0, 0.0, 0.0,  0, 0.0000,  1972, 0.0,25.4, 0.0
M3,13/07/22,12:03:02,     1, 11957,   392, 1015.5, 300, 0.0, 0.0, 0.0,  0, 0.0000,  1975, 0.0,25.4, 0.0
M3,13/07/22,12:03:03,     1, 11958,   392, 1015.5, 300, 0.0, 0.0, 0.0,  0, 0.0000,  1980, 0.0,25.4, 0.0
M3,13/07/22,12:03:04,     1, 11959,   392, 1015.5, 300, 0.0, 0.0, 0.0,  0, 0.0000,  1985, 0.0,25.5, 0.0
M3,13/07/22,12:03:05,     1, 11960,   392, 1015.5, 300, 0.0, 0.0, 0.0,  0, 0.0000,  1996, 0.0,25.5, 0.0
M3,13/07/22,12:03:06,     1, 11961,   392, 1015.4, 300, 0.0, 0.0, 0.0,  0, 0.0000,  1996, 0.0,25.5, 0.0
M3,13/07/22,12:03:07,     1, 11962,   392, 1015.4, 300, 0.0, 0.0, 0.0,  0, 0.0000,  1940, 0.0,25.5, 0.0
M3,13/07/22,12:03:08,     1, 11963,   392, 1015.4, 300, 0.0, 0.0, 0.0,  0, 0.0000,  1884, 0.0,25.5, 0.0
M3,13/07/22,12:03:09,     1, 11964,   391, 1015.4, 300, 0.0, 0.0, 0.0,  0, 0.0000,  1835, 0.0,25.5, 0.0
M3,13/07/22,12:03:10,     1, 11965,   391, 1015.4, 300, 0.0, 0.0, 0.0,  0, 0.0000,  1740, 0.0,25.5, 0.0
M3,13/07/22,12:03:11,     1, 11966,   391, 1015.4, 300, 0.0, 0.0, 0.0,  0, 0.0000,  1660, 0.0,25.5, 0.0
M3,13/07/22,12:03:12,     1, 11967,   391, 1015.4, 300, 0.0, 0.0, 0.0,  0, 0.0000,  1507, 0.0,25.5, 0.0
M3,13/07/22,12:03:13,     1, 11968,   391, 1015.4, 300, 0.0, 0.0, 0.0,  0, 0.0000,  1480, 0.0,25.5, 0.0
M3,13/07/22,12:03:14,     1, 11969,   390, 1015.4, 300, 0.0, 0.0, 0.0,  0, 0.0000,  1749, 0.0,25.5, 0.0
M3,13/07/22,12:03:15,     1, 11970,   390, 1015.4, 300, 0.0, 0.0, 0.0,  0, 0.0000,  1819, 0.0,25.5, 0.0
M3,13/07/22,12:03:16,     1, 11971,   390, 1015.4, 300, 0.0, 0.0, 0.0,  0, 0.0000,  1687, 0.0,25.5, 0.0
M3,13/07/22,12:03:17,     1, 11972,   390, 1015.5, 300, 0.0, 0.0, 0.0,  0, 0.0000,  1706, 0.0,25.6, 0.0
M3,13/07/22,12:03:18,     1, 11973,   390, 1015.5, 300, 0.0, 0.0, 0.0,  0, 0.0000,  1865, 0.0,25.6, 0.0
