Tag(M3),Date,Time,Plot_No,Rec_No,CO2,Pressure,Flow,H2O,Tsen,O2,Error,Aux_V,PAR,Tsoil,Tair,Msoil
M3,14/07/22,11:59:46,     1, 10701,   415, 1024.7, 300, 0.0, 0.0, 0.0, 61, 0.0000,     2, 0.0,35.7, 0.0
M3,14/07/22,11:59:47,     1, 10702,   415, 1024.7, 300, 0.0, 0.0, 0.0,  0, 0.0000,     2, 0.0,35.7, 0.0
M3,14/07/22,11:59:48,     1, 10703,   415, 1024.7, 300, 0.0, 0.0, 0.0,  0, 0.0000,     2, 0.0,35.7, 0.0
M3,14/07/22,11:59:49,     1, 10704,   415, 1024.7, 300, 0.0, 0.0, 0.0,  0, 0.0000,     2, 0.0,35.7, 0.0
M3,14/07/22,11:59:50,     1, 10705,   415, 1024.7, 300, 0.0, 0.0, 0.0,  0, 0.0000,     2, 0.0,35.7, 0.0
M3,14/07/22,11:59:51,     1, 10706,   415, 1024.7, 300, 0.0, 0.0, 0.0,  0, 0.0000,     2, 0.0,35.7, 0.0
M3,14/07/22,11:59:52,     1, 10707,   415, 1024.7, 300, 0.0, 0.0, 0.0,  0, 0.0000,     2, 0.0,35.7, 0.0
M3,14/07/22,11:59:53,     1, 10708,   415, 1024.7, 300, 0.0, 0.0, 0.0,  0, 0.0000,     2, 0.0,35.7, 0.0
M3,14/07/22,11:59:54,     1, 10709,   416, 1024.7, 300, 0.0, 0.0, 0.0,  0, 0.0000,     2, 0.0,35.7, 0.0
M3,14/07/22,11:59:55,     1, 10710,   416, 1024.7, 300, 0.0, 0.0, 0.0,  0, 0.0000,     2, 0.0,35.7, 0.0
M3,14/07/22,11:59:56,     1, 10711,   416, 1024.7, 300, 0.0, 0.0, 0.0,  0, 0.0000,     2, 0.0,35.7, 0.0
M3,14/07/22,11:59:57,     1, 10712,   416, 1024.7, 300, 0.0, 0.0, 0.0,  0, 0.0000,     2, 0.0,35.7, 0.0
M3,14/07/22,11:59:58,     1, 10713,   416, 1024.7, 300, 0.0, 0.0, 0.0,  0, 0.0000,     2, 0.0,35.7, 0.0
M3,14/07/22,11:59:59,     1, 10714,   416, 1024.7, 300, 0.0, 0.0, 0.0,  0, 0.0000,     2, 0.0,35.7, 0.0
M3,14/07/22,12:00:00,     1, 10715,   416, 1024.7, 300, 0.0, 0.0, 0.0,  0, 0.0000,     2, 0.0,35.7, 0.0
M3,14/07/22,12:00:01,     1, 10716,   415, 1024.7, 300, 0.0, 0.0, 0.0,  0, 0.0000,     2, 0.0,35.7, 0.0
M3,14/07/22,12:00:02,     1, 10717,   415, 1024.7, 300, 0.0, 0.0, 0.0,  0, 0.0000,     2, 0.0,35.7, 0.0
M3,14/07/22,12:00:03,     1, 10718,   416, 1024.7, 300, 0.0, 0.0, 0.0,  0, 0.0000,     2, 0.0,35.6, 0.0
M3,14/07/22,12:00:04,     1, 10719,   416, 1024.7, 300, 0.0, 0.0, 0.0,  0, 0.0000,     2, 0.0,35.6, 0.0
M3,14/07/22,12:00:05,     1, 10720,   416, 1024.7, 300, 0.0, 0.0, 0.0,  0, 0.0000,     2, 0.0,35.6, 0.0
M3,14/07/22,12:00:06,     1, 10721,   416, 1024.7, 300, 0.0, 0.0, 0.0,  0, 0.0000,     2, 0.0,35.6, 0.0
M3,14/07/22,12:00:07,     1, 10722,   416, 1024.7, 300, 0.0, 0.0, 0.0,  0, 0.0000,     2, 0.0,35.6, 0.0
M3,14/07/22,12:00:08,     1, 10723,   416, 1024.7, 300, 0.0, 0.0, 0.0,  0, 0.0000,     2, 0.0,35.6, 0.0
M3,14/07/22,12:00:09,     1, 10724,   416, 1024.7, 300, 0.0, 0.0, 0.0,  0, 0.0000,     2, 0.0,35.6, 0.0
M3,14/07/22,12:00:10,     1, 10725,   416, 1024.7, 300, 0.0, 0.0, 0.0,  0, 0.0000,     2, 0.0,35.6, 0.0
M3,14/07/22,12:00:11,     1, 10726,   417, 1024.7, 300, 0.0, 0.0, 0.0,  0, 0.0000,     2, 0.0,35.6, 0.0
M3,14/07/22,12:00:12,     1, 10727,   417, 1024.7, 300, 0.0, 0.0, 0.0,  0, 0.0000,     2, 0.0,35.6, 0.0
M3,14/07/22,12:00:13,     1, 10728,   417, 1024.7, 300, 0.0, 0.0, 0.0,  0, 0.0000,     2, 0.0,35.6, 0.0
M3,14/07/22,12:00:14,     1, 10729,   418, 1024.7, 300, 0.0, 0.0, 0.0,  0, 0.0000,     2, 0.0,35.6, 0.0
M3,14/07/22,12:00:15,     1, 10730,   418, 1024.7, 300, 0.0, 0.0, 0.0,  0, 0.0000,     2, 0.0,35.6, 0.0
M3,14/07/22,12:00:16,     1, 10731,   418, 1024.7, 300, 0.0, 0.0, 0.0,  0, 0.0000,     2, 0.0,35.6, 0.0
M3,14/07/22,12:00:17,     1, 10732,   418, 1024.7, 300, 0.0, 0.0, 0.0,  0, 0.0000,     2, 0.0,35.6, 0.0
M3,14/07/22,12:00:18,     1, 10733,   418, 1024.7, 300, 0.0, 0.0, 0.0,  0, 0.0000,     2, 0.0,35.6, 0.0
M3,14/07/22,12:00:19,     1, 10734,   418, 1024.7, 300, 0.0, 0.0, 0.0,  0, 0.0000,     2, 0.0,35.6, 0.0
M3,14/07/22,12:00:20,     1, 10735,   418, 1024.7, 300, 0.0, 0.0, 0.0,  0, 0.0000,     2, 0.0,35.6, 0.0
M3,14/07/22,12:00:21,     1, 10736,   418, 1024.7, 300, 0.0, 0.0, 0.0,  0, 0.0000,     2, 0.0,35.5, 0.0
M3,14/07/22,12:00:22,     1, 10737,   418, 1024.7, 300, 0.0, 0.0, 0.0,  0, 0.0000,     2, 0.0,35.5, 0.0
M3,14/07/22,12:00:23,     1, 10738,   418, 1024.7, 300, 0.0, 0.0, 0.0,  0, 0.0000,     2, 0.0,35.5, 0.0
M3,14/07/22,12:00:24,     1, 10739,   418, 1024.7, 300, 0.0, 0.0, 0.0,  0, 0.0000,     2, 0.0,35.5, 0.0
M3,14/07/22,12:00:25,     1, 10740,   419, 1024.7, 300, 0.0, 0.0, 0.0,  0, 0.0000,     2, 0.0,35.5, 0.0
M3,14/07/22,12:00:26,     1, 10741,   419, 1024.7, 300, 0.0, 0.0, 0.0,  0, 0.0000,     2, 0.0,35.5, 0.0
M3,14/07/22,12:00:27,     1, 10742,   419, 1024.7, 300, 0.0, 0.0, 0.0,  0, 0.0000,     2, 0.0,35.5, 0.0
M3,14/07/22,12:00:28,     1, 10743,   420, 1024.7, 300, 0.0, 0.0, 0.0,  0, 0.0000,     2, 0.0,35.5, 0.0
M3,14/07/22,12:00:29,     1, 10744,   419, 1024.7, 300, 0.0, 0.0, 0.0,  0, 0.0000,     2, 0.0,35.5, 0.0
M3,14/07/22,12:00:30,     1, 10745,   419, 1024.7, 300, 0.0, 0.0, 0.0,  0, 0.0000,     2, 0.0,35.5, 0.0
M3,14/07/22,12:00:31,     1, 10746,   419, 1024.7, 300, 0.0, 0.0, 0.0,  0, 0.0000,     2, 0.0,35.5, 0.0
M3,14/07/22,12:00:32,     1, 10747,   419, 1024.7, 300, 0.0, 0.0, 0.0,  0, 0.0000,     2, 0.0,35.5, 0.0
M3,14/07/22,12:00:33,     1, 10748,   419, 1024.7, 300, 0.0, 0.0, 0.0,  0, 0.0000,     2, 0.0,35.5, 0.0
M3,14/07/22,12:00:34,     1, 10749,   420, 1024.7, 300, 0.0, 0.0, 0.0,  0, 0.0000,     2, 0.0,35.5, 0.0
M3,14/07/22,12:00:35,     1, 10750,   420, 1024.7, 300, 0.0, 0.0, 0.0,  0, 0.0000,     2, 0.0,35.5, 0.0
M3,14/07/22,12:00:36,     1, 10751,   420, 1024.7, 300, 0.0, 0.0, 0.0,  0, 0.0000,     2, 0.0,35.5, 0.0
M3,14/07/22,12:00:37,     1, 10752,   420, 1024.7, 300, 0.0, 0.0, 0.0,  0, 0.0000,     2, 0.0,35.5, 0.0
M3,14/07/22,12:00:38,     1, 10753,   420, 1024.7, 300, 0.0, 0.0, 0.0,  0, 0.0000,     2, 0.0,35.5, 0.0
M3,14/07/22,12:00:39,     1, 10754,   421, 1024.7, 300, 0.0, 0.0, 0.0,  0, 0.0000,     2, 0.0,35.5, 0.0
M3,14/07/22,12:00:40,     1, 10755,   421, 1024.7, 300, 0.0, 0.0, 0.0,  0, 0.0000,     2, 0.0,35.5, 0.0
M3,14/07/22,12:00:41,     1, 10756,   422, 1024.7, 300, 0.0, 0.0, 0.0,  0, 0.0000,     2, 0.0,35.5, 0.0
M3,14/07/22,12:00:42,     1, 10757,   422, 1024.7, 300, 0.0, 0.0, 0.0,  0, 0.0000,     2, 0.0,35.4, 0.0
M3,14/07/22,12:00:43,     1, 10758,   422, 1024.7, 300, 0.0, 0.0, 0.0,  0, 0.0000,     2, 0.0,35.4, 0.0
M3,14/07/22,12:00:44,     1, 10759,   422, 1024.7, 300, 0.0, 0.0, 0.0,  0, 0.0000,     2, 0.0,35.4, 0.0
M3,14/07/22,12:00:45,     1, 10760,   422, 1024.7, 300, 0.0, 0.0, 0.0,  0, 0.0000,     2, 0.0,35.4, 0.0
M3,14/07/22,12:00:46,     1, 10761,   422, 1024.7, 300, 0.0, 0.0, 0.0,  0, 0.0000,     2, 0.0,35.4, 0.0
M3,14/07/22,12:00:48,     1, 10762,   422, 1024.7, 300, 0.0, 0.0, 0.0,  0, 0.0000,     2, 0.0,35.4, 0.0
M3,14/07/22,12:00:49,     1, 10763,   422, 1024.7, 300, 0.0, 0.0, 0.0,  0, 0.0000,     2, 0.0,35.4, 0.0
M3,14/07/22,12:00:50,     1, 10764,   423, 1024.7, 300, 0.0, 0.0, 0.0,  0, 0.0000,     2, 0.0,35.4, 0.0
M3,14/07/22,12:00:51,     1, 10765,   423, 1024.7, 300, 0.0, 0.0, 0.0,  0, 0.0000,     2, 0.0,35.4, 0.0
M3,14/07/22,12:00:52,     1, 10766,   423, 1024.7, 300, 0.0, 0.0, 0.0,  0, 0.0000,     2, 0.0,35.4, 0.0
M3,14/07/22,12:00:53,     1, 10767,   424, 1024.7, 300, 0.0, 0.0, 0.0,  0, 0.0000,     2, 0.0,35.4, 0.0
M3,14/07/22,12:00:54,     1, 10768,   424, 1024.7, 300, 0.0, 0.0, 0.0,  0, 0.0000,     2, 0.0,35.4, 0.0
M3,14/07/22,12:00:55,     1, 10769,   424, 1024.7, 300, 0.0, 0.0, 0.0,  0, 0.0000,     2, 0.0,35.4, 0.0
M3,14/07/22,12:00:56,     1, 10770,   424, 1024.7, 300, 0.0, 0.0, 0.0,  0, 0.0000,     2, 0.0,35.4, 0.0
M3,14/07/22,12:00:57,     1, 10771,   424, 1024.7, 300, 0.0, 0.0, 0.0,  0, 0.0000,     2, 0.0,35.4, 0.0
M3,14/07/22,12:00:58,     1, 10772,   424, 1024.7, 300, 0.0, 0.0, 0.0,  0, 0.0000,     2, 0.0,35.4, 0.0
M3,14/07/22,12:00:59,     1, 10773,   424, 1024.7, 300, 0.0, 0.0, 0.0,  0, 0.0000,     2, 0.0,35.4, 0.0
M3,14/07/22,12:01:00,     1, 10774,   424, 1024.7, 300, 0.0, 0.0, 0.0,  0, 0.0000,     2, 0.0,35.4, 0.0
M3,14/07/22,12:01:01,     1, 10775,   425, 1024.7, 300, 0.0, 0.0, 0.0,  0, 0.0000,     2, 0.0,35.4, 0.0
M3,14/07/22,12:01:02,     1, 10776,   425, 1024.7, 300, 0.0, 0.0, 0.0,  0, 0.0000,     2, 0.0,35.4, 0.0
M3,14/07/22,12:01:03,     1, 10777,   425, 1024.7, 300, 0.0, 0.0, 0.0,  0, 0.0000,     2, 0.0,35.4, 0.0
M3,14/07/22,12:01:04,     1, 10778,   425, 1024.7, 300, 0.0, 0.0, 0.0,  0, 0.0000,     2, 0.0,35.3, 0.0
M3,14/07/22,12:01:05,     1, 10779,   425, 1024.7, 300, 0.0, 0.0, 0.0,  0, 0.0000,     2, 0.0,35.3, 0.0
M3,14/07/22,12:01:06,     1, 10780,   425, 1024.7, 300, 0.0, 0.0, 0.0,  0, 0.0000,     2, 0.0,35.3, 0.0
M3,14/07/22,12:01:07,     1, 10781,   425, 1024.7, 300, 0.0, 0.0, 0.0,  0, 0.0000,     2, 0.0,35.3, 0.0
M3,14/07/22,12:01:08,     1, 10782,   425, 1024.7, 300, 0.0, 0.0, 0.0,  0, 0.0000,     2, 0.0,35.3, 0.0
M3,14/07/22,12:01:09,     1, 10783,   425, 1024.7, 300, 0.0, 0.0, 0.0,  0, 0.0000,     2, 0.0,35.3, 0.0
M3,14/07/22,12:01:10,     1, 10784,   425, 1024.7, 300, 0.0, 0.0, 0.0,  0, 0.0000,     2, 0.0,35.3, 0.0
M3,14/07/22,12:01:11,     1, 10785,   426, 1024.7, 300, 0.0, 0.0, 0.0,  0, 0.0000,     2, 0.0,35.3, 0.0
M3,14/07/22,12:01:12,     1, 10786,   426, 1024.7, 300, 0.0, 0.0, 0.0,  0, 0.0000,     2, 0.0,35.3, 0.0
M3,14/07/22,12:01:13,     1, 10787,   426, 1024.7, 300, 0.0, 0.0, 0.0,  0, 0.0000,     2, 0.0,35.3, 0.0
M3,14/07/22,12:01:14,     1, 10788,   427, 1024.7, 300, 0.0, 0.0, 0.0,  0, 0.0000,     2, 0.0,35.3, 0.0
M3,14/07/22,12:01:15,     1, 10789,   427, 1024.7, 300, 0.0, 0.0, 0.0,  0, 0.0000,     2, 0.0,35.3, 0.0
M3,14/07/22,12:01:16,     1, 10790,   427, 1024.7, 300, 0.0, 0.0, 0.0,  0, 0.0000,     2, 0.0,35.3, 0.0
M3,14/07/22,12:01:17,     1, 10791,   427, 1024.7, 300, 0.0, 0.0, 0.0,  0, 0.0000,     2, 0.0,35.3, 0.0
M3,14/07/22,12:01:18,     1, 10792,   427, 1024.7, 300, 0.0, 0.0, 0.0,  0, 0.0000,     2, 0.0,35.3, 0.0
M3,14/07/22,12:01:19,     1, 10793,   427, 1024.7, 300, 0.0, 0.0, 0.0,  0, 0.0000,     2, 0.0,35.3, 0.0
M3,14/07/22,12:01:20,     1, 10794,   428, 1024.7, 300, 0.0, 0.0, 0.0,  0, 0.0000,     2, 0.0,35.3, 0.0
M3,14/07/22,12:01:21,     1, 10795,   428, 1024.7, 300, 0.0, 0.0, 0.0,  0, 0.0000,     2, 0.0,35.3, 0.0
M3,14/07/22,12:01:22,     1, 10796,   428, 1024.7, 300, 0.0, 0.0, 0.0,  0, 0.0000,     2, 0.0,35.3, 0.0
M3,14/07/22,12:01:23,     1, 10797,   428, 1024.7, 300, 0.0, 0.0, 0.0,  0, 0.0000,     2, 0.0,35.3, 0.0
M3,14/07/22,12:01:24,     1, 10798,   428, 1024.7, 300, 0.0, 0.0, 0.0,  0, 0.0000,     2, 0.0,35.3, 0.0
M3,14/07/22,12:01:25,     1, 10799,   428, 1024.7, 300, 0.0, 0.0, 0.0,  0, 0.0000,     2, 0.0,35.3, 0.0
M3,14/07/22,12:01:26,     1, 10800,   428, 1024.7, 300, 0.0, 0.0, 0.0,  0, 0.0000,     2, 0.0,35.3, 0.0
M3,14/07/22,12:01:27,     1, 10801,   428, 1024.7, 300, 0.0, 0.0, 0.0,  0, 0.0000,     2, 0.0,35.2, 0.0
M3,14/07/22,12:01:28,     1, 10802,   428, 1024.7, 300, 0.0, 0.0, 0.0,  0, 0.0000,     2, 0.0,35.2, 0.0
M3,14/07/22,12:01:29,     1, 10803,   428, 1024.7, 300, 0.0, 0.0, 0.0,  0, 0.0000,     2, 0.0,35.2, 0.0
M3,14/07/22,12:01:30,     1, 10804,   428, 1024.7, 300, 0.0, 0.0, 0.0,  0, 0.0000,     2, 0.0,35.2, 0.0
M3,14/07/22,12:01:31,     1, 10805,   428, 1024.7, 300, 0.0, 0.0, 0.0,  0, 0.0000,     2, 0.0,35.2, 0.0
M3,14/07/22,12:01:32,     1, 10806,   428, 1024.7, 300, 0.0, 0.0, 0.0,  0, 0.0000,     2, 0.0,35.2, 0.0
M3,14/07/22,12:01:33,     1, 10807,   429, 1024.7, 300, 0.0, 0.0, 0.0,  0, 0.0000,     2, 0.0,35.2, 0.0
M3,14/07/22,12:01:34,     1, 10808,   429, 1024.7, 300, 0.0, 0.0, 0.0,  0, 0.0000,     2, 0.0,35.2, 0.0
M3,14/07/22,12:01:35,     1, 10809,   430, 1024.7, 300, 0.0, 0.0, 0.0,  0, 0.0000,     2, 0.0,35.2, 0.0
M3,14/07/22,12:01:36,     1, 10810,   430, 1024.7, 300, 0.0, 0.0, 0.0,  0, 0.0000,     2, 0.0,35.2, 0.0
M3,14/07/22,12:01:37,     1, 10811,   430, 1024.7, 300, 0.0, 0.0, 0.0,  0, 0.0000,     2, 0.0,35.2, 0.0
M3,14/07/22,12:01:38,     1, 10812,   430, 1024.7, 300, 0.0, 0.0, 0.0,  0, 0.0000,     2, 0.0,35.2, 0.0
M3,14/07/22,12:01:39,     1, 10813,   430, 1024.7, 300, 0.0, 0.0, 0.0,  0, 0.0000,     2, 0.0,35.2, 0.0
M3,14/07/22,12:01:40,     1, 10814,   430, 1024.7, 300, 0.0, 0.0, 0.0,  0, 0.0000,     2, 0.0,35.2, 0.0
M3,14/07/22,12:01:41,     1, 10815,   430, 1024.7, 300, 0.0, 0.0, 0.0,  0, 0.0000,     2, 0.0,35.2, 0.0
M3,14/07/22,12:01:42,     1, 10816,   431, 1024.6, 300, 0.0, 0.0, 0.0,  0, 0.0000,     2, 0.0,35.2, 0.0
M3,14/07/22,12:01:43,     1, 10817,   431, 1024.6, 300, 0.0, 0.0, 0.0,  0, 0.0000,     2, 0.0,35.2, 0.0
M3,14/07/22,12:01:44,     1, 10818,   431, 1024.6, 300, 0.0, 0.0, 0.0,  0, 0.0000,     2, 0.0,35.2, 0.0
M3,14/07/22,12:01:45,     1, 10819,   432, 1024.6, 300, 0.0, 0.0, 0.0,  0, 0.0000,     2, 0.0,35.2, 0.0
M3,14/07/22,12:01:46,     1, 10820,   432, 1024.6, 300, 0.0, 0.0, 0.0,  0, 0.0000,     2, 0.0,35.2, 0.0
M3,14/07/22,12:01:47,     1, 10821,   432, 1024.6, 300, 0.0, 0.0, 0.0,  0, 0.0000,     2, 0.0,35.1, 0.0
M3,14/07/22,12:01:48,     1, 10822,   432, 1024.6, 300, 0.0, 0.0, 0.0,  0, 0.0000,     2, 0.0,35.1, 0.0
M3,14/07/22,12:01:49,     1, 10823,   432, 1024.7, 300, 0.0, 0.0, 0.0,  0, 0.0000,     2, 0.0,35.1, 0.0
M3,14/07/22,12:01:50,     1, 10824,   433, 1024.7, 300, 0.0, 0.0, 0.0,  0, 0.0000,     2, 0.0,35.1, 0.0
M3,14/07/22,12:01:51,     1, 10825,   433, 1024.7, 300, 0.0, 0.0, 0.0,  0, 0.0000,     2, 0.0,35.1, 0.0
M3,14/07/22,12:01:52,     1, 10826,   433, 1024.7, 300, 0.0, 0.0, 0.0,  0, 0.0000,     2, 0.0,35.1, 0.0
M3,14/07/22,12:01:53,     1, 10827,   433, 1024.7, 300, 0.0, 0.0, 0.0,  0, 0.0000,     2, 0.0,35.1, 0.0
M3,14/07/22,12:01:54,     1, 10828,   433, 1024.7, 300, 0.0, 0.0, 0.0,  0, 0.0000,     2, 0.0,35.1, 0.0
M3,14/07/22,12:01:55,     1, 10829,   433, 1024.7, 300, 0.0, 0.0, 0.0,  0, 0.0000,     2, 0.0,35.1, 0.0
M3,14/07/22,12:01:56,     1, 10830,   434, 1024.7, 300, 0.0, 0.0, 0.0,  0, 0.0000,     2, 0.0,35.1, 0.0
M3,14/07/22,12:01:57,     1, 10831,   434, 1024.7, 300, 0.0, 0.0, 0.0,  0, 0.0000,     2, 0.0,35.1, 0.0
M3,14/07/22,12:01:58,     1, 10832,   434, 1024.7, 300, 0.0, 0.0, 0.0,  0, 0.0000,     2, 0.0,35.1, 0.0
M3,14/07/22,12:01:59,     1, 10833,   434, 1024.7, 300, 0.0, 0.0, 0.0,  0, 0.0000,     2, 0.0,35.1, 0.0
M3,14/07/22,12:02:00,     1, 10834,   434, 1024.7, 300, 0.0, 0.0, 0.0,  0, 0.0000,     2, 0.0,35.1, 0.0
M3,14/07/22,12:02:01,     1, 10835,   434, 1024.7, 300, 0.0, 0.0, 0.0,  0, 0.0000,     2, 0.0,35.1, 0.0
M3,14/07/22,12:02:02,     1, 10836,   435, 1024.7, 300, 0.0, 0.0, 0.0,  0, 0.0000,     2, 0.0,35.1, 0.0
M3,14/07/22,12:02:03,     1, 10837,   435, 1024.7, 300, 0.0, 0.0, 0.0,  0, 0.0000,     2, 0.0,35.1, 0.0
M3,14/07/22,12:02:04,     1, 10838,   435, 1024.7, 300, 0.0, 0.0, 0.0,  0, 0.0000,     2, 0.0,35.1, 0.0
M3,14/07/22,12:02:05,     1, 10839,   436, 1024.7, 300, 0.0, 0.0, 0.0,  0, 0.0000,     2, 0.0,35.1, 0.0
M3,14/07/22,12:02:06,     1, 10840,   436, 1024.7, 300, 0.0, 0.0, 0.0,  0, 0.0000,     2, 0.0,35.1, 0.0
