Tag(M3),Date,Time,Plot_No,Rec_No,CO2,Pressure,Flow,H2O,Tsen,O2,Error,Aux_V,PAR,Tsoil,Tair,Msoil
M3,04/07/22,11:59:11,     1,   113,   410, 1019.5, 300, 0.0, 0.0, 0.0,  0, 0.0000,     1, 0.0,26.0, 0.0
M3,04/07/22,11:59:12,     1,   114,   410, 1019.5, 300, 0.0, 0.0, 0.0,  0, 0.0000,     1, 0.0,26.0, 0.0
M3,04/07/22,11:59:13,     1,   115,   410, 1019.5, 300, 0.0, 0.0, 0.0,  0, 0.0000,     1, 0.0,26.0, 0.0
M3,04/07/22,11:59:14,     1,   116,   410, 1019.5, 300, 0.0, 0.0, 0.0,  0, 0.0000,     1, 0.0,26.0, 0.0
M3,04/07/22,11:59:15,     1,   117,   410, 1019.5, 300, 0.0, 0.0, 0.0,  0, 0.0000,     1, 0.0,25.9, 0.0
M3,04/07/22,11:59:16,     1,   118,   410, 1019.5, 300, 0.0, 0.0, 0.0,  0, 0.0000,     1, 0.0,25.9, 0.0
M3,04/07/22,11:59:17,     1,   119,   410, 1019.5, 300, 0.0, 0.0, 0.0,  0, 0.0000,     1, 0.0,25.9, 0.0
M3,04/07/22,11:59:18,     1,   120,   410, 1019.5, 300, 0.0, 0.0, 0.0,  0, 0.0000,     1, 0.0,25.9, 0.0
M3,04/07/22,11:59:19,     1,   121,   410, 1019.5, 300, 0.0, 0.0, 0.0,  0, 0.0000,     1, 0.0,25.9, 0.0
M3,04/07/22,11:59:20,     1,   122,   411, 1019.6, 300, 0.0, 0.0, 0.0,  0, 0.0000,     1, 0.0,25.9, 0.0
M3,04/07/22,11:59:21,     1,   123,   411, 1019.6, 300, 0.0, 0.0, 0.0,  0, 0.0000,     1, 0.0,25.9, 0.0
M3,04/07/22,11:59:22,     1,   124,   410, 1019.6, 300, 0.0, 0.0, 0.0,  0, 0.0000,     1, 0.0,25.9, 0.0
M3,04/07/22,11:59:23,     1,   125,   410, 1019.6, 300, 0.0, 0.0, 0.0,  0, 0.0000,     1, 0.0,25.9, 0.0
M3,04/07/22,11:59:24,     1,   126,   410, 1019.6, 300, 0.0, 0.0, 0.0,  0, 0.0000,     1, 0.0,25.9, 0.0
M3,04/07/22,11:59:25,     1,   127,   410, 1019.6, 300, 0.0, 0.0, 0.0,  0, 0.0000,     1, 0.0,25.9, 0.0
M3,04/07/22,11:59:26,     1,   128,   410, 1019.6, 300, 0.0, 0.0, 0.0,  0, 0.0000,     1, 0.0,25.9, 0.0
M3,04/07/22,11:59:27,     1,   129,   410, 1019.6, 300, 0.0, 0.0, 0.0,  0, 0.0000,     1, 0.0,25.9, 0.0
M3,04/07/22,11:59:28,     1,   130,   411, 1019.6, 300, 0.0, 0.0, 0.0,  0, 0.0000,     1, 0.0,25.9, 0.0
M3,04/07/22,11:59:29,     1,   131,   411, 1019.6, 300, 0.0, 0.0, 0.0,  0, 0.0000,     1, 0.0,25.9, 0.0
M3,04/07/22,11:59:30,     1,   132,   411, 1019.6, 300, 0.0, 0.0, 0.0,  0, 0.0000,     1, 0.0,25.9, 0.0
M3,04/07/22,11:59:31,     1,   133,   411, 1019.6, 300, 0.0, 0.0, 0.0,  0, 0.0000,     1, 0.0,25.9, 0.0
M3,04/07/22,11:59:32,     1,   134,   411, 1019.6, 300, 0.0, 0.0, 0.0,  0, 0.0000,     0, 0.0,25.9, 0.0
M3,04/07/22,11:59:33,     1,   135,   411, 1019.6, 300, 0.0, 0.0, 0.0,  0, 0.0000,     0, 0.0,25.9, 0.0
M3,04/07/22,11:59:34,     1,   136,   411, 1019.6, 300, 0.0, 0.0, 0.0,  0, 0.0000,     0, 0.0,25.9, 0.0
M3,04/07/22,11:59:35,     1,   137,   412, 1019.6, 300, 0.0, 0.0, 0.0,  0, 0.0000,     0, 0.0,25.9, 0.0
M3,04/07/22,11:59:36,     1,   138,   412, 1019.6, 300, 0.0, 0.0, 0.0,  0, 0.0000,     0, 0.0,25.8, 0.0
M3,04/07/22,11:59:37,     1,   139,   412, 1019.6, 300, 0.0, 0.0, 0.0,  0, 0.0000,     0, 0.0,25.8, 0.0
M3,04/07/22,11:59:38,     1,   140,   412, 1019.6, 300, 0.0, 0.0, 0.0,  0, 0.0000,     0, 0.0,25.8, 0.0
M3,04/07/22,11:59:39,     1,   141,   412, 1019.6, 300, 0.0, 0.0, 0.0,  0, 0.0000,     0, 0.0,25.8, 0.0
M3,04/07/22,11:59:40,     1,   142,   412, 1019.6, 300, 0.0, 0.0, 0.0,  0, 0.0000,     0, 0.0,25.8, 0.0
M3,04/07/22,11:59:41,     1,   143,   412, 1019.6, 300, 0.0, 0.0, 0.0,  0, 0.0000,     1, 0.0,25.8, 0.0
M3,04/07/22,11:59:42,     1,   144,   412, 1019.6, 300, 0.0, 0.0, 0.0,  0, 0.0000,     0, 0.0,25.8, 0.0
M3,04/07/22,11:59:43,     1,   145,   412, 1019.6, 300, 0.0, 0.0, 0.0,  0, 0.0000,     0, 0.0,25.8, 0.0
M3,04/07/22,11:59:44,     1,   146,   413, 1019.6, 300, 0.0, 0.0, 0.0,  0, 0.0000,     0, 0.0,25.8, 0.0
M3,04/07/22,11:59:45,     1,   147,   413, 1019.6, 300, 0.0, 0.0, 0.0,  0, 0.0000,     0, 0.0,25.8, 0.0
M3,04/07/22,11:59:46,     1,   148,   413, 1019.6, 300, 0.0, 0.0, 0.0,  0, 0.0000,     0, 0.0,25.8, 0.0
M3,04/07/22,11:59:47,     1,   149,   413, 1019.6, 300, 0.0, 0.0, 0.0,  0, 0.0000,     0, 0.0,25.8, 0.0
M3,04/07/22,11:59:48,     1,   150,   413, 1019.6, 300, 0.0, 0.0, 0.0,  0, 0.0000,     0, 0.0,25.8, 0.0
M3,04/07/22,11:59:49,     1,   151,   413, 1019.6, 300, 0.0, 0.0, 0.0,  0, 0.0000,     0, 0.0,25.8, 0.0
M3,04/07/22,11:59:50,     1,   152,   413, 1019.6, 300, 0.0, 0.0, 0.0,  0, 0.0000,     0, 0.0,25.8, 0.0
M3,04/07/22,11:59:51,     1,   153,   413, 1019.6, 300, 0.0, 0.0, 0.0,  0, 0.0000,     0, 0.0,25.8, 0.0
M3,04/07/22,11:59:52,     1,   154,   413, 1019.6, 300, 0.0, 0.0, 0.0,  0, 0.0000,     0, 0.0,25.8, 0.0
M3,04/07/22,11:59:53,     1,   155,   413, 1019.6, 300, 0.0, 0.0, 0.0,  0, 0.0000,     0, 0.0,25.8, 0.0
M3,04/07/22,11:59:54,     1,   156,   413, 1019.5, 300, 0.0, 0.0, 0.0,  0, 0.0000,     0, 0.0,25.8, 0.0
M3,04/07/22,11:59:55,     1,   157,   413, 1019.5, 300, 0.0, 0.0, 0.0,  0, 0.0000,     0, 0.0,25.8, 0.0
M3,04/07/22,11:59:56,     1,   158,   414, 1019.5, 300, 0.0, 0.0, 0.0,  0, 0.0000,     0, 0.0,25.8, 0.0
M3,04/07/22,11:59:57,     1,   159,   414, 1019.6, 300, 0.0, 0.0, 0.0,  0, 0.0000,     0, 0.0,25.7, 0.0
M3,04/07/22,11:59:58,     1,   160,   414, 1019.6, 300, 0.0, 0.0, 0.0,  0, 0.0000,     0, 0.0,25.7, 0.0
M3,04/07/22,11:59:59,     1,   161,   414, 1019.6, 300, 0.0, 0.0, 0.0,  0, 0.0000,     0, 0.0,25.7, 0.0
M3,04/07/22,12:00:00,     1,   162,   414, 1019.6, 300, 0.0, 0.0, 0.0,  0, 0.0000,     0, 0.0,25.7, 0.0
M3,04/07/22,12:00:01,     1,   163,   414, 1019.6, 300, 0.0, 0.0, 0.0,  0, 0.0000,     0, 0.0,25.7, 0.0
M3,04/07/22,12:00:02,     1,   164,   414, 1019.6, 300, 0.0, 0.0, 0.0,  0, 0.0000,     0, 0.0,25.7, 0.0
M3,04/07/22,12:00:03,     1,   165,   414, 1019.6, 300, 0.0, 0.0, 0.0,  0, 0.0000,     0, 0.0,25.7, 0.0
M3,04/07/22,12:00:04,     1,   166,   415, 1019.6, 300, 0.0, 0.0, 0.0,  0, 0.0000,     0, 0.0,25.7, 0.0
M3,04/07/22,12:00:05,     1,   167,   415, 1019.6, 300, 0.0, 0.0, 0.0,  0, 0.0000,     0, 0.0,25.7, 0.0
M3,04/07/22,12:00:06,     1,   168,   414, 1019.6, 300, 0.0, 0.0, 0.0,  0, 0.0000,     0, 0.0,25.7, 0.0
M3,04/07/22,12:00:07,     1,   169,   414, 1019.6, 300, 0.0, 0.0, 0.0,  0, 0.0000,     0, 0.0,25.7, 0.0
M3,04/07/22,12:00:08,     1,   170,   414, 1019.6, 300, 0.0, 0.0, 0.0,  0, 0.0000,     0, 0.0,25.7, 0.0
M3,04/07/22,12:00:09,     1,   171,   415, 1019.5, 300, 0.0, 0.0, 0.0,  0, 0.0000,     0, 0.0,25.7, 0.0
M3,04/07/22,12:00:10,     1,   172,   415, 1019.5, 300, 0.0, 0.0, 0.0,  0, 0.0000,     0, 0.0,25.7, 0.0
M3,04/07/22,12:00:11,     1,   173,   415, 1019.5, 300, 0.0, 0.0, 0.0,  0, 0.0000,     0, 0.0,25.7, 0.0
M3,04/07/22,12:00:12,     1,   174,   415, 1019.6, 300, 0.0, 0.0, 0.0,  0, 0.0000,     0, 0.0,25.7, 0.0
M3,04/07/22,12:00:13,     1,   175,   415, 1019.6, 300, 0.0, 0.0, 0.0,  0, 0.0000,     0, 0.0,25.7, 0.0
M3,04/07/22,12:00:14,     1,   176,   415, 1019.6, 300, 0.0, 0.0, 0.0,  0, 0.0000,     0, 0.0,25.7, 0.0
M3,04/07/22,12:00:15,     1,   177,   416, 1019.6, 300, 0.0, 0.0, 0.0,  0, 0.0000,     0, 0.0,25.7, 0.0
M3,04/07/22,12:00:16,     1,   178,   416, 1019.6, 300, 0.0, 0.0, 0.0,  0, 0.0000,     0, 0.0,25.6, 0.0
M3,04/07/22,12:00:18,     1,   179,   416, 1019.6, 300, 0.0, 0.0, 0.0,  0, 0.0000,     0, 0.0,25.6, 0.0
M3,04/07/22,12:00:19,     1,   180,   416, 1019.6, 300, 0.0, 0.0, 0.0,  0, 0.0000,     0, 0.0,25.6, 0.0
M3,04/07/22,12:00:20,     1,   181,   417, 1019.6, 300, 0.0, 0.0, 0.0,  0, 0.0000,     0, 0.0,25.6, 0.0
M3,04/07/22,12:00:21,     1,   182,   417, 1019.6, 300, 0.0, 0.0, 0.0,  0, 0.0000,     0, 0.0,25.6, 0.0
M3,04/07/22,12:00:22,     1,   183,   417, 1019.6, 300, 0.0, 0.0, 0.0,  0, 0.0000,     0, 0.0,25.6, 0.0
M3,04/07/22,12:00:23,     1,   184,   417, 1019.6, 300, 0.0, 0.0, 0.0,  0, 0.0000,     0, 0.0,25.6, 0.0
M3,04/07/22,12:00:24,     1,   185,   417, 1019.6, 300, 0.0, 0.0, 0.0,  0, 0.0000,     0, 0.0,25.6, 0.0
M3,04/07/22,12:00:25,     1,   186,   417, 1019.6, 300, 0.0, 0.0, 0.0,  0, 0.0000,     0, 0.0,25.6, 0.0
M3,04/07/22,12:00:26,     1,   187,   418, 1019.6, 300, 0.0, 0.0, 0.0,  0, 0.0000,     0, 0.0,25.6, 0.0
M3,04/07/22,12:00:27,     1,   188,   418, 1019.6, 300, 0.0, 0.0, 0.0,  0, 0.0000,     0, 0.0,25.6, 0.0
M3,04/07/22,12:00:28,     1,   189,   418, 1019.6, 300, 0.0, 0.0, 0.0,  0, 0.0000,     0, 0.0,25.6, 0.0
M3,04/07/22,12:00:29,     1,   190,   418, 1019.6, 300, 0.0, 0.0, 0.0,  0, 0.0000,     0, 0.0,25.6, 0.0
M3,04/07/22,12:00:30,     1,   191,   417, 1019.7, 300, 0.0, 0.0, 0.0,  0, 0.0000,     0, 0.0,25.6, 0.0
M3,04/07/22,12:00:31,     1,   192,   417, 1019.7, 300, 0.0, 0.0, 0.0,  0, 0.0000,     0, 0.0,25.6, 0.0
M3,04/07/22,12:00:32,     1,   193,   418, 1019.7, 300, 0.0, 0.0, 0.0,  0, 0.0000,     0, 0.0,25.6, 0.0
M3,04/07/22,12:00:33,     1,   194,   418, 1019.6, 300, 0.0, 0.0, 0.0,  0, 0.0000,     0, 0.0,25.6, 0.0
M3,04/07/22,12:00:34,     1,   195,   418, 1019.6, 300, 0.0, 0.0, 0.0,  0, 0.0000,     0, 0.0,25.6, 0.0
M3,04/07/22,12:00:35,     1,   196,   418, 1019.7, 300, 0.0, 0.0, 0.0,  0, 0.0000,     0, 0.0,25.6, 0.0
M3,04/07/22,12:00:36,     1,   197,   418, 1019.7, 300, 0.0, 0.0, 0.0,  0, 0.0000,     0, 0.0,25.6, 0.0
M3,04/07/22,12:00:37,     1,   198,   418, 1019.7, 300, 0.0, 0.0, 0.0,  0, 0.0000,     0, 0.0,25.6, 0.0
M3,04/07/22,12:00:38,     1,   199,   418, 1019.6, 300, 0.0, 0.0, 0.0,  0, 0.0000,     0, 0.0,25.6, 0.0
M3,04/07/22,12:00:39,     1,   200,   418, 1019.6, 300, 0.0, 0.0, 0.0,  0, 0.0000,     0, 0.0,25.5, 0.0
M3,04/07/22,12:00:40,     1,   201,   419, 1019.6, 300, 0.0, 0.0, 0.0,  0, 0.0000,     0, 0.0,25.5, 0.0
M3,04/07/22,12:00:41,     1,   202,   419, 1019.6, 300, 0.0, 0.0, 0.0,  0, 0.0000,     0, 0.0,25.5, 0.0
M3,04/07/22,12:00:42,     1,   203,   419, 1019.6, 300, 0.0, 0.0, 0.0,  0, 0.0000,     0, 0.0,25.5, 0.0
M3,04/07/22,12:00:43,     1,   204,   419, 1019.6, 300, 0.0, 0.0, 0.0,  0, 0.0000,     0, 0.0,25.5, 0.0
M3,04/07/22,12:00:44,     1,   205,   419, 1019.6, 300, 0.0, 0.0, 0.0,  0, 0.0000,     0, 0.0,25.5, 0.0
M3,04/07/22,12:00:45,     1,   206,   419, 1019.6, 300, 0.0, 0.0, 0.0,  0, 0.0000,     0, 0.0,25.5, 0.0
M3,04/07/22,12:00:46,     1,   207,   419, 1019.6, 300, 0.0, 0.0, 0.0,  0, 0.0000,     0, 0.0,25.5, 0.0
M3,04/07/22,12:00:47,     1,   208,   419, 1019.6, 300, 0.0, 0.0, 0.0,  0, 0.0000,     0, 0.0,25.5, 0.0
M3,04/07/22,12:00:48,     1,   209,   419, 1019.6, 300, 0.0, 0.0, 0.0,  0, 0.0000,     0, 0.0,25.5, 0.0
M3,04/07/22,12:00:49,     1,   210,   420, 1019.6, 300, 0.0, 0.0, 0.0,  0, 0.0000,     0, 0.0,25.5, 0.0
M3,04/07/22,12:00:50,     1,   211,   420, 1019.6, 300, 0.0, 0.0, 0.0,  0, 0.0000,     0, 0.0,25.5, 0.0
M3,04/07/22,12:00:51,     1,   212,   419, 1019.6, 300, 0.0, 0.0, 0.0,  0, 0.0000,     0, 0.0,25.5, 0.0
M3,04/07/22,12:00:52,     1,   213,   419, 1019.6, 300, 0.0, 0.0, 0.0,  0, 0.0000,     0, 0.0,25.5, 0.0
M3,04/07/22,12:00:53,     1,   214,   419, 1019.7, 300, 0.0, 0.0, 0.0,  0, 0.0000,     0, 0.0,25.5, 0.0
M3,04/07/22,12:00:54,     1,   215,   419, 1019.7, 300, 0.0, 0.0, 0.0,  0, 0.0000,     0, 0.0,25.5, 0.0
M3,04/07/22,12:00:55,     1,   216,   419, 1019.7, 300, 0.0, 0.0, 0.0,  0, 0.0000,     0, 0.0,25.5, 0.0
M3,04/07/22,12:00:56,     1,   217,   419, 1019.7, 300, 0.0, 0.0, 0.0,  0, 0.0000,     0, 0.0,25.5, 0.0
M3,04/07/22,12:00:57,     1,   218,   419, 1019.7, 300, 0.0, 0.0, 0.0,  0, 0.0000,     0, 0.0,25.5, 0.0
M3,04/07/22,12:00:58,     1,   219,   419, 1019.7, 300, 0.0, 0.0, 0.0,  0, 0.0000,     0, 0.0,25.5, 0.0
M3,04/07/22,12:00:59,     1,   220,   419, 1019.7, 300, 0.0, 0.0, 0.0,  0, 0.0000,     0, 0.0,25.5, 0.0
M3,04/07/22,12:01:00,     1,   221,   419, 1019.7, 300, 0.0, 0.0, 0.0,  0, 0.0000,     0, 0.0,25.4, 0.0
M3,04/07/22,12:01:01,     1,   222,   420, 1019.7, 300, 0.0, 0.0, 0.0,  0, 0.0000,     0, 0.0,25.4, 0.0
M3,04/07/22,12:01:02,     1,   223,   420, 1019.7, 300, 0.0, 0.0, 0.0,  0, 0.0000,     0, 0.0,25.4, 0.0
M3,04/07/22,12:01:03,     1,   224,   421, 1019.7, 300, 0.0, 0.0, 0.0,  0, 0.0000,     0, 0.0,25.4, 0.0
M3,04/07/22,12:01:04,     1,   225,   421, 1019.7, 300, 0.0, 0.0, 0.0,  0, 0.0000,     0, 0.0,25.4, 0.0
M3,04/07/22,12:01:05,     1,   226,   421, 1019.7, 300, 0.0, 0.0, 0.0,  0, 0.0000,     0, 0.0,25.4, 0.0
M3,04/07/22,12:01:06,     1,   227,   420, 1019.7, 300, 0.0, 0.0, 0.0,  0, 0.0000,     0, 0.0,25.4, 0.0
M3,04/07/22,12:01:07,     1,   228,   420, 1019.7, 300, 0.0, 0.0, 0.0,  0, 0.0000,     0, 0.0,25.4, 0.0
M3,04/07/22,12:01:08,     1,   229,   420, 1019.7, 300, 0.0, 0.0, 0.0,  0, 0.0000,     0, 0.0,25.4, 0.0
M3,04/07/22,12:01:09,     1,   230,   420, 1019.7, 300, 0.0, 0.0, 0.0,  0, 0.0000,     0, 0.0,25.4, 0.0
M3,04/07/22,12:01:10,     1,   231,   420, 1019.7, 300, 0.0, 0.0, 0.0,  0, 0.0000,     0, 0.0,25.4, 0.0
M3,04/07/22,12:01:11,     1,   232,   420, 1019.7, 300, 0.0, 0.0, 0.0,  0, 0.0000,     0, 0.0,25.4, 0.0
M3,04/07/22,12:01:12,     1,   233,   420, 1019.7, 300, 0.0, 0.0, 0.0,  0, 0.0000,     0, 0.0,25.4, 0.0
M3,04/07/22,12:01:13,     1,   234,   420, 1019.7, 300, 0.0, 0.0, 0.0,  0, 0.0000,     0, 0.0,25.4, 0.0
M3,04/07/22,12:01:14,     1,   235,   420, 1019.7, 300, 0.0, 0.0, 0.0,  0, 0.0000,     0, 0.0,25.4, 0.0
M3,04/07/22,12:01:15,     1,   236,   420, 1019.7, 300, 0.0, 0.0, 0.0,  0, 0.0000,     0, 0.0,25.4, 0.0
M3,04/07/22,12:01:16,     1,   237,   420, 1019.7, 300, 0.0, 0.0, 0.0,  0, 0.0000,     0, 0.0,25.4, 0.0
M3,04/07/22,12:01:17,     1,   238,   421, 1019.7, 300, 0.0, 0.0, 0.0,  0, 0.0000,     0, 0.0,25.4, 0.0
M3,04/07/22,12:01:18,     1,   239,   421, 1019.7, 300, 0.0, 0.0, 0.0,  0, 0.0000,     0, 0.0,25.4, 0.0
M3,04/07/22,12:01:19,     1,   240,   420, 1019.7, 300, 0.0, 0.0, 0.0,  0, 0.0000,     0, 0.0,25.4, 0.0
M3,04/07/22,12:01:20,     1,   241,   420, 1019.7, 300, 0.0, 0.0, 0.0,  0, 0.0000,     0, 0.0,25.4, 0.0
M3,04/07/22,12:01:21,     1,   242,   421, 1019.7, 300, 0.0, 0.0, 0.0,  0, 0.0000,     0, 0.0,25.3, 0.0
M3,04/07/22,12:01:22,     1,   243,   421, 1019.7, 300, 0.0, 0.0, 0.0,  0, 0.0000,     0, 0.0,25.3, 0.0
M3,04/07/22,12:01:23,     1,   244,   421, 1019.7, 300, 0.0, 0.0, 0.0,  0, 0.0000,     0, 0.0,25.3, 0.0
M3,04/07/22,12:01:24,     1,   245,   421, 1019.7, 300, 0.0, 0.0, 0.0,  0, 0.0000,     0, 0.0,25.3, 0.0
M3,04/07/22,12:01:25,     1,   246,   421, 1019.7, 300, 0.0, 0.0, 0.0,  0, 0.0000,     0, 0.0,25.3, 0.0
M3,04/07/22,12:01:26,     1,   247,   422, 1019.7, 300, 0.0, 0.0, 0.0,  0, 0.0000,     0, 0.0,25.3, 0.0
M3,04/07/22,12:01:27,     1,   248,   422, 1019.7, 300, 0.0, 0.0, 0.0,  0, 0.0000,     0, 0.0,25.3, 0.0
M3,04/07/22,12:01:28,     1,   249,   422, 1019.7, 300, 0.0, 0.0, 0.0,  0, 0.0000,     0, 0.0,25.3, 0.0
M3,04/07/22,12:01:29,     1,   250,   422, 1019.7, 300, 0.0, 0.0, 0.0,  0, 0.0000,     0, 0.0,25.3, 0.0
M3,04/07/22,12:01:30,     1,   251,   422, 1019.7, 300, 0.0, 0.0, 0.0,  0, 0.0000,     0, 0.0,25.3, 0.0
M3,04/07/22,12:01:31,     1,   252,   422, 1019.7, 300, 0.0, 0.0, 0.0,  0, 0.0000,     0, 0.0,25.3, 0.0
M3,04/07/22,12:01:32,     1,   253,   422, 1019.7, 300, 0.0, 0.0, 0.0,  0, 0.0000,     0, 0.0,25.3, 0.0
M3,04/07/22,12:01:33,     1,   254,   422, 1019.7, 300, 0.0, 0.0, 0.0,  0, 0.0000,     0, 0.0,25.3, 0.0
M3,04/07/22,12:01:34,     1,   255,   422, 1019.7, 300, 0.0, 0.0, 0.0,  0, 0.0000,     0, 0.0,25.3, 0.0
M3,04/07/22,12:01:35,     1,   256,   422, 1019.7, 300, 0.0, 0.0, 0.0,  0, 0.0000,     0, 0.0,25.3, 0.0
M3,04/07/22,12:01:36,     1,   257,   422, 1019.7, 300, 0.0, 0.0, 0.0,  0, 0.0000,     0, 0.0,25.3, 0.0
M3,04/07/22,12:01:37,     1,   258,   423, 1019.7, 300, 0.0, 0.0, 0.0,  0, 0.0000,     0, 0.0,25.3, 0.0
M3,04/07/22,12:01:38,     1,   259,   423, 1019.7, 300, 0.0, 0.0, 0.0,  0, 0.0000,     0, 0.0,25.3, 0.0
M3,04/07/22,12:01:39,     1,   260,   423, 1019.7, 300, 0.0, 0.0, 0.0,  0, 0.0000,     0, 0.0,25.3, 0.0
M3,04/07/22,12:01:40,     1,   261,   423, 1019.7, 300, 0.0, 0.0, 0.0,  0, 0.0000,     0, 0.0,25.3, 0.0
M3,04/07/22,12:01:41,     1,   262,   424, 1019.7, 300, 0.0, 0.0, 0.0,  0, 0.0000,     0, 0.0,25.3, 0.0
M3,04/07/22,12:01:42,     1,   263,   424, 1019.7, 299, 0.0, 0.0, 0.0,  0, 0.0000,     0, 0.0,25.3, 0.0
M3,04/07/22,12:01:43,     1,   264,   424, 1019.7, 300, 0.0, 0.0, 0.0,  0, 0.0000,     0, 0.0,25.3, 0.0
M3,04/07/22,12:01:44,     1,   265,   424, 1019.7, 300, 0.0, 0.0, 0.0,  0, 0.0000,     0, 0.0,25.2, 0.0
M3,04/07/22,12:01:45,     1,   266,   424, 1019.7, 300, 0.0, 0.0, 0.0,  0, 0.0000,     0, 0.0,25.2, 0.0
M3,04/07/22,12:01:46,     1,   267,   424, 1019.7, 300, 0.0, 0.0, 0.0,  0, 0.0000,     0, 0.0,25.2, 0.0
M3,04/07/22,12:01:47,     1,   268,   424, 1019.7, 300, 0.0, 0.0, 0.0,  0, 0.0000,     0, 0.0,25.2, 0.0
M3,04/07/22,12:01:48,     1,   269,   425, 1019.7, 300, 0.0, 0.0, 0.0,  0, 0.0000,     0, 0.0,25.2, 0.0
M3,04/07/22,12:01:49,     1,   270,   425, 1019.7, 300, 0.0, 0.0, 0.0,  0, 0.0000,     0, 0.0,25.2, 0.0
M3,04/07/22,12:01:50,     1,   271,   425, 1019.7, 300, 0.0, 0.0, 0.0,  0, 0.0000,     0, 0.0,25.2, 0.0
M3,04/07/22,12:01:51,     1,   272,   425, 1019.7, 300, 0.0, 0.0, 0.0,  0, 0.0000,     0, 0.0,25.2, 0.0
M3,04/07/22,12:01:52,     1,   273,   425, 1019.7, 300, 0.0, 0.0, 0.0,  0, 0.0000,     0, 0.0,25.2, 0.0
M3,04/07/22,12:01:53,     1,   274,   425, 1019.7, 300, 0.0, 0.0, 0.0,  0, 0.0000,     0, 0.0,25.2, 0.0
M3,04/07/22,12:01:54,     1,   275,   425, 1019.7, 301, 0.0, 0.0, 0.0,  0, 0.0000,     0, 0.0,25.2, 0.0
M3,04/07/22,12:01:55,     1,   276,   425, 1019.8, 298, 0.0, 0.0, 0.0,  0, 0.0000,     0, 0.0,25.2, 0.0
M3,04/07/22,12:01:56,     1,   277,   425, 1019.8, 296, 0.0, 0.0, 0.0,  0, 0.0000,     0, 0.0,25.2, 0.0
M3,04/07/22,12:01:57,     1,   278,   425, 1019.9, 299, 0.0, 0.0, 0.0,  0, 0.0000,     0, 0.0,25.2, 0.0
M3,04/07/22,12:01:58,     1,   279,   426, 1020.0, 300, 0.0, 0.0, 0.0,  0, 0.0000,     0, 0.0,25.2, 0.0
M3,04/07/22,12:01:59,     1,   280,   426, 1020.0, 300, 0.0, 0.0, 0.0,  0, 0.0000,     0, 0.0,25.2, 0.0
M3,04/07/22,12:02:00,     1,   281,   426, 1020.1, 299, 0.0, 0.0, 0.0,  0, 0.0000,     0, 0.0,25.2, 0.0
M3,04/07/22,12:02:01,     1,   282,   425, 1020.1, 300, 0.0, 0.0, 0.0,  0, 0.0000,     0, 0.0,25.2, 0.0
M3,04/07/22,12:02:02,     1,   283,   425, 1020.1, 300, 0.0, 0.0, 0.0,  0, 0.0000,     0, 0.0,25.2, 0.0
M3,04/07/22,12:02:03,     1,   284,   425, 1020.2, 300, 0.0, 0.0, 0.0,  0, 0.0000,     0, 0.0,25.2, 0.0
M3,04/07/22,12:02:04,     1,   285,   425, 1020.2, 300, 0.0, 0.0, 0.0,  0, 0.0000,     0, 0.0,25.2, 0.0
M3,04/07/22,12:02:05,     1,   286,   425, 1020.3, 299, 0.0, 0.0, 0.0,  0, 0.0000,     0, 0.0,25.2, 0.0
M3,04/07/22,12:02:06,     1,   287,   425, 1020.3, 299, 0.0, 0.0, 0.0,  0, 0.0000,     0, 0.0,25.2, 0.0
M3,04/07/22,12:02:07,     1,   288,   426, 1020.3, 302, 0.0, 0.0, 0.0,  0, 0.0000,     0, 0.0,25.2, 0.0
M3,04/07/22,12:02:08,     1,   289,   426, 1020.3, 302, 0.0, 0.0, 0.0,  0, 0.0000,     0, 0.0,25.2, 0.0
M3,04/07/22,12:02:09,     1,   290,   426, 1020.2, 300, 0.0, 0.0, 0.0,  0, 0.0000,     0, 0.0,25.2, 0.0
M3,04/07/22,12:02:10,     1,   291,   427, 1020.2, 300, 0.0, 0.0, 0.0,  0, 0.0000,     0, 0.0,25.2, 0.0
M3,04/07/22,12:02:11,     1,   292,   427, 1020.2, 300, 0.0, 0.0, 0.0,  0, 0.0000,     0, 0.0,25.2, 0.0
M3,04/07/22,12:02:12,     1,   293,   427, 1020.2, 300, 0.0, 0.0, 0.0,  0, 0.0000,     0, 0.0,25.2, 0.0
M3,04/07/22,12:02:13,     1,   294,   427, 1020.2, 300, 0.0, 0.0, 0.0,  0, 0.0000,     0, 0.0,25.2, 0.0
M3,04/07/22,12:02:14,     1,   295,   427, 1020.2, 300, 0.0, 0.0, 0.0,  0, 0.0000,     0, 0.0,25.2, 0.0
M3,04/07/22,12:02:15,     1,   296,   427, 1020.2, 300, 0.0, 0.0, 0.0,  0, 0.0000,     0, 0.0,25.2, 0.0
M3,04/07/22,12:02:16,     1,   297,   428, 1020.2, 300, 0.0, 0.0, 0.0,  0, 0.0000,     0, 0.0,25.2, 0.0
M3,04/07/22,12:02:17,     1,   298,   428, 1020.2, 300, 0.0, 0.0, 0.0,  0, 0.0000,     0, 0.0,25.2, 0.0
M3,04/07/22,12:02:18,     1,   299,   427, 1020.2, 300, 0.0, 0.0, 0.0,  0, 0.0000,     0, 0.0,25.2, 0.0
M3,04/07/22,12:02:19,     1,   300,   427, 1020.2, 300, 0.0, 0.0, 0.0,  0, 0.0000,     0, 0.0,25.2, 0.0
M3,04/07/22,12:02:20,     1,   301,   427, 1020.2, 300, 0.0, 0.0, 0.0,  0, 0.0000,     0, 0.0,25.1, 0.0
M3,04/07/22,12:02:21,     1,   302,   428, 1020.2, 300, 0.0, 0.0, 0.0,  0, 0.0000,     0, 0.0,25.1, 0.0
M3,04/07/22,12:02:22,     1,   303,   428, 1020.3, 300, 0.0, 0.0, 0.0,  0, 0.0000,     0, 0.0,25.1, 0.0
M3,04/07/22,12:02:23,     1,   304,   428, 1020.3, 300, 0.0, 0.0, 0.0,  0, 0.0000,     0, 0.0,25.1, 0.0
M3,04/07/22,12:02:24,     1,   305,   428, 1020.3, 300, 0.0, 0.0, 0.0,  0, 0.0000,     0, 0.0,25.1, 0.0
M3,04/07/22,12:02:25,     1,   306,   428, 1020.3, 300, 0.0, 0.0, 0.0,  0, 0.0000,     0, 0.0,25.1, 0.0
M3,04/07/22,12:02:26,     1,   307,   429, 1020.3, 300, 0.0, 0.0, 0.0,  0, 0.0000,     0, 0.0,25.1, 0.0
M3,04/07/22,12:02:27,     1,   308,   429, 1020.3, 300, 0.0, 0.0, 0.0,  0, 0.0000,     0, 0.0,25.1, 0.0
M3,04/07/22,12:02:28,     1,   309,   429, 1020.3, 300, 0.0, 0.0, 0.0,  0, 0.0000,     0, 0.0,25.1, 0.0
M3,04/07/22,12:02:29,     1,   310,   428, 1020.3, 300, 0.0, 0.0, 0.0,  0, 0.0000,     0, 0.0,25.1, 0.0
M3,04/07/22,12:02:30,     1,   311,   427, 1020.3, 300, 0.0, 0.0, 0.0,  0, 0.0000,     0, 0.0,25.1, 0.0
M3,04/07/22,12:02:31,     1,   312,   427, 1020.4, 300, 0.0, 0.0, 0.0,  0, 0.0000,     0, 0.0,25.1, 0.0
M3,04/07/22,12:02:32,     1,   313,   427, 1020.4, 300, 0.0, 0.0, 0.0,  0, 0.0000,     0, 0.0,25.1, 0.0
M3,04/07/22,12:02:33,     1,   314,   427, 1020.4, 299, 0.0, 0.0, 0.0,  0, 0.0000,     0, 0.0,25.1, 0.0
M3,04/07/22,12:02:34,     1,   315,   428, 1020.4, 299, 0.0, 0.0, 0.0,  0, 0.0000,     0, 0.0,25.1, 0.0
M3,04/07/22,12:02:35,     1,   316,   429, 1020.4, 301, 0.0, 0.0, 0.0,  0, 0.0000,     0, 0.0,25.1, 0.0
M3,04/07/22,12:02:36,     1,   317,   429, 1020.3, 304, 0.0, 0.0, 0.0,  0, 0.0000,     0, 0.0,25.1, 0.0
M3,04/07/22,12:02:37,     1,   318,   429, 1020.2, 304, 0.0, 0.0, 0.0,  0, 0.0000,     0, 0.0,25.1, 0.0
M3,04/07/22,12:02:38,     1,   319,   429, 1020.1, 301, 0.0, 0.0, 0.0,  0, 0.0000,     0, 0.0,25.1, 0.0
M3,04/07/22,12:02:40,     1,   320,   429, 1020.0, 300, 0.0, 0.0, 0.0,  0, 0.0000,     0, 0.0,25.1, 0.0
M3,04/07/22,12:02:41,     1,   321,   430, 1019.9, 300, 0.0, 0.0, 0.0,  0, 0.0000,     0, 0.0,25.1, 0.0
M3,04/07/22,12:02:42,     1,   322,   430, 1019.8, 300, 0.0, 0.0, 0.0,  0, 0.0000,     0, 0.0,25.1, 0.0
M3,04/07/22,12:02:43,     1,   323,   430, 1019.8, 300, 0.0, 0.0, 0.0,  0, 0.0000,     0, 0.0,25.1, 0.0
M3,04/07/22,12:02:44,     1,   324,   431, 1019.7, 300, 0.0, 0.0, 0.0,  0, 0.0000,     0, 0.0,25.1, 0.0
M3,04/07/22,12:02:45,     1,   325,   431, 1019.7, 300, 0.0, 0.0, 0.0,  0, 0.0000,     0, 0.0,25.1, 0.0
M3,04/07/22,12:02:46,     1,   326,   430, 1019.7, 300, 0.0, 0.0, 0.0,  0, 0.0000,     0, 0.0,25.1, 0.0
M3,04/07/22,12:02:47,     1,   327,   430, 1019.6, 300, 0.0, 0.0, 0.0,  0, 0.0000,     0, 0.0,25.1, 0.0
M3,04/07/22,12:02:48,     1,   328,   430, 1019.6, 300, 0.0, 0.0, 0.0,  0, 0.0000,     0, 0.0,25.1, 0.0
M3,04/07/22,12:02:49,     1,   329,   430, 1019.6, 300, 0.0, 0.0, 0.0,  0, 0.0000,     0, 0.0,25.1, 0.0
M3,04/07/22,12:02:50,     1,   330,   431, 1019.6, 300, 0.0, 0.0, 0.0,  0, 0.0000,     0, 0.0,25.1, 0.0
M3,04/07/22,12:02:51,     1,   331,   431, 1019.6, 300, 0.0, 0.0, 0.0,  0, 0.0000,     0, 0.0,25.1, 0.0
M3,04/07/22,12:02:52,     1,   332,   430, 1019.6, 300, 0.0, 0.0, 0.0,  0, 0.0000,     0, 0.0,25.1, 0.0
M3,04/07/22,12:02:53,     1,   333,   429, 1019.5, 300, 0.0, 0.0, 0.0,  0, 0.0000,     0, 0.0,25.1, 0.0
M3,04/07/22,12:02:54,     1,   334,   429, 1019.5, 300, 0.0, 0.0, 0.0,  0, 0.0000,     0, 0.0,25.1, 0.0
M3,04/07/22,12:02:55,     1,   335,   429, 1019.5, 300, 0.0, 0.0, 0.0,  0, 0.0000,     0, 0.0,25.1, 0.0
M3,04/07/22,12:02:56,     1,   336,   429, 1019.5, 300, 0.0, 0.0, 0.0,  0, 0.0000,     0, 0.0,25.1, 0.0
M3,04/07/22,12:02:57,     1,   337,   430, 1019.5, 300, 0.0, 0.0, 0.0,  0, 0.0000,     0, 0.0,25.1, 0.0
M3,04/07/22,12:02:58,     1,   338,   430, 1019.5, 300, 0.0, 0.0, 0.0,  0, 0.0000,     0, 0.0,25.0, 0.0
M3,04/07/22,12:02:59,     1,   339,   431, 1019.5, 300, 0.0, 0.0, 0.0,  0, 0.0000,     0, 0.0,25.0, 0.0
M3,04/07/22,12:03:00,     1,   340,   430, 1019.5, 300, 0.0, 0.0, 0.0,  0, 0.0000,     0, 0.0,25.0, 0.0
M3,04/07/22,12:03:01,     1,   341,   429, 1019.5, 300, 0.0, 0.0, 0.0,  0, 0.0000,     0, 0.0,25.0, 0.0
M3,04/07/22,12:03:02,     1,   342,   428, 1019.5, 300, 0.0, 0.0, 0.0,  0, 0.0000,     0, 0.0,25.0, 0.0
M3,04/07/22,12:03:03,     1,   343,   427, 1019.5, 300, 0.0, 0.0, 0.0,  0, 0.0000,     0, 0.0,25.0, 0.0
M3,04/07/22,12:03:04,     1,   344,   428, 1019.5, 300, 0.0, 0.0, 0.0,  0, 0.0000,     0, 0.0,25.0, 0.0
M3,04/07/22,12:03:05,     1,   345,   428, 1019.5, 300, 0.0, 0.0, 0.0,  0, 0.0000,     0, 0.0,25.0, 0.0
M3,04/07/22,12:03:06,     1,   346,   429, 1019.6, 293, 0.0, 0.0, 0.0,  0, 0.0000,    17, 0.0,25.1, 0.0
M3,04/07/22,12:03:07,     1,   347,   429, 1019.8, 300, 0.0, 0.0, 0.0,  0, 0.0000,    16, 0.0,25.0, 0.0
M3,04/07/22,12:03:08,     1,   348,   429, 1019.7, 306, 0.0, 0.0, 0.0,  0, 0.0000,   136, 0.0,25.0, 0.0
M3,04/07/22,12:03:09,     1,   349,   429, 1019.7, 300, 0.0, 0.0, 0.0,  0, 0.0000,  1383, 0.0,25.0, 0.0
M3,04/07/22,12:03:10,     1,   350,   429, 1019.7, 300, 0.0, 0.0, 0.0,  0, 0.0000,  1497, 0.0,25.1, 0.0
M3,04/07/22,12:03:11,     1,   351,   430, 1019.7, 300, 0.0, 0.0, 0.0,  0, 0.0000,  1501, 0.0,25.1, 0.0
M3,04/07/22,12:03:12,     1,   352,   430, 1019.6, 300, 0.0, 0.0, 0.0,  0, 0.0000,  1504, 0.0,25.1, 0.0
M3,04/07/22,12:03:13,     1,   353,   430, 1019.6, 300, 0.0, 0.0, 0.0,  0, 0.0000,  1502, 0.0,25.1, 0.0
M3,04/07/22,12:03:14,     1,   354,   429, 1019.6, 300, 0.0, 0.0, 0.0,  0, 0.0000,  1504, 0.0,25.1, 0.0
M3,04/07/22,12:03:15,     1,   355,   429, 1019.6, 300, 0.0, 0.0, 0.0,  0, 0.0000,  1506, 0.0,25.1, 0.0
M3,04/07/22,12:03:16,     1,   356,   428, 1019.6, 300, 0.0, 0.0, 0.0,  0, 0.0000,  1625, 0.0,25.2, 0.0
M3,04/07/22,12:03:17,     1,   357,   428, 1019.6, 300, 0.0, 0.0, 0.0,  0, 0.0000,  1168, 0.0,24.9, 0.0
M3,04/07/22,12:03:18,     1,   358,   428, 1019.6, 300, 0.0, 0.0, 0.0,  0, 0.0000,  1704, 0.0,24.8, 0.0
M3,04/07/22,12:03:19,     1,   359,   427, 1019.6, 298, 0.0, 0.0, 0.0,  0, 0.0000,   912, 0.0,24.7, 0.0
M3,04/07/22,12:03:20,     1,   360,   422, 1019.7, 300, 0.0, 0.0, 0.0,  0, 0.0000,   873, 0.0,24.7, 0.0
M3,04/07/22,12:03:21,     1,   361,   417, 1019.7, 302, 0.0, 0.0, 0.0,  0, 0.0000,  1297, 0.0,24.6, 0.0
M3,04/07/22,12:03:22,     1,   362,   413, 1019.7, 300, 0.0, 0.0, 0.0,  0, 0.0000,  1425, 0.0,24.6, 0.0
M3,04/07/22,12:03:23,     1,   363,   411, 1019.7, 300, 0.0, 0.0, 0.0,  0, 0.0000,  1821, 0.0,24.5, 0.0
M3,04/07/22,12:03:24,     1,   364,   410, 1019.7, 300, 0.0, 0.0, 0.0,  0, 0.0000,  1863, 0.0,24.5, 0.0
M3,04/07/22,12:03:25,     1,   365,   410, 1019.6, 300, 0.0, 0.0, 0.0,  0, 0.0000,  1773, 0.0,24.4, 0.0
M3,04/07/22,12:03:26,     1,   366,   410, 1019.6, 300, 0.0, 0.0, 0.0,  0, 0.0000,  1726, 0.0,24.4, 0.0
M3,04/07/22,12:03:27,     1,   367,   411, 1019.6, 300, 0.0, 0.0, 0.0,  0, 0.0000,  1720, 0.0,24.4, 0.0
M3,04/07/22,12:03:28,     1,   368,   411, 1019.6, 300, 0.0, 0.0, 0.0,  0, 0.0000,  1713, 0.0,24.4, 0.0
M3,04/07/22,12:03:29,     1,   369,   411, 1019.6, 300, 0.0, 0.0, 0.0,  0, 0.0000,  1710, 0.0,24.5, 0.0
M3,04/07/22,12:03:30,     1,   370,   411, 1019.6, 300, 0.0, 0.0, 0.0,  0, 0.0000,  1708, 0.0,24.5, 0.0
M3,04/07/22,12:03:31,     1,   371,   411, 1019.6, 300, 0.0, 0.0, 0.0,  0, 0.0000,  1706, 0.0,24.5, 0.0
M3,04/07/22,12:03:32,     1,   372,   410, 1019.6, 300, 0.0, 0.0, 0.0,  0, 0.0000,  1705, 0.0,24.5, 0.0
M3,04/07/22,12:03:33,     1,   373,   410, 1019.6, 300, 0.0, 0.0, 0.0,  0, 0.0000,  1648, 0.0,24.5, 0.0
M3,04/07/22,12:03:34,     1,   374,   410, 1019.6, 300, 0.0, 0.0, 0.0,  0, 0.0000,  1703, 0.0,24.5, 0.0
M3,04/07/22,12:03:35,     1,   375,   410, 1019.6, 300, 0.0, 0.0, 0.0,  0, 0.0000,  1704, 0.0,24.5, 0.0
M3,04/07/22,12:03:36,     1,   376,   410, 1019.6, 300, 0.0, 0.0, 0.0,  0, 0.0000,  1700, 0.0,24.5, 0.0
M3,04/07/22,12:03:37,     1,   377,   410, 1019.6, 300, 0.0, 0.0, 0.0,  0, 0.0000,  1692, 0.0,24.5, 0.0
M3,04/07/22,12:03:38,     1,   378,   410, 1019.6, 300, 0.0, 0.0, 0.0,  0, 0.0000,  1647, 0.0,24.5, 0.0
M3,04/07/22,12:03:39,     1,   379,   410, 1019.6, 300, 0.0, 0.0, 0.0,  0, 0.0000,   451, 0.0,24.5, 0.0
M3,04/07/22,12:03:40,     1,   380,   410, 1019.6, 300, 0.0, 0.0, 0.0,  0, 0.0000,   949, 0.0,24.5, 0.0
M3,04/07/22,12:03:41,     1,   381,   410, 1019.6, 300, 0.0, 0.0, 0.0,  0, 0.0000,  1619, 0.0,24.5, 0.0
M3,04/07/22,12:03:42,     1,   382,   410, 1019.6, 300, 0.0, 0.0, 0.0,  0, 0.0000,  1301, 0.0,24.6, 0.0
M3,04/07/22,12:03:43,     1,   383,   410, 1019.6, 300, 0.0, 0.0, 0.0,  0, 0.0000,  1208, 0.0,24.6, 0.0
M3,04/07/22,12:03:44,     1,   384,   410, 1019.6, 300, 0.0, 0.0, 0.0,  0, 0.0000,  1443, 0.0,24.6, 0.0
M3,04/07/22,12:03:45,     1,   385,   410, 1019.6, 300, 0.0, 0.0, 0.0,  0, 0.0000,  1366, 0.0,24.6, 0.0
M3,04/07/22,12:03:46,     1,   386,   409, 1019.6, 300, 0.0, 0.0, 0.0,  0, 0.0000,  1614, 0.0,24.6, 0.0
M3,04/07/22,12:03:47,     1,   387,   409, 1019.6, 300, 0.0, 0.0, 0.0,  0, 0.0000,  1670, 0.0,24.6, 0.0
M3,04/07/22,12:03:48,     1,   388,   409, 1019.6, 300, 0.0, 0.0, 0.0,  0, 0.0000,  1680, 0.0,24.5, 0.0
M3,04/07/22,12:03:49,     1,   389,   409, 1019.6, 300, 0.0, 0.0, 0.0,  0, 0.0000,  1683, 0.0,24.5, 0.0
M3,04/07/22,12:03:50,     1,   390,   410, 1019.6, 300, 0.0, 0.0, 0.0,  0, 0.0000,  1683, 0.0,24.4, 0.0
M3,04/07/22,12:03:51,     1,   391,   410, 1019.6, 300, 0.0, 0.0, 0.0,  0, 0.0000,  1682, 0.0,24.4, 0.0
M3,04/07/22,12:03:52,     1,   392,   411, 1019.6, 300, 0.0, 0.0, 0.0,  0, 0.0000,  1676, 0.0,24.4, 0.0
M3,04/07/22,12:03:53,     1,   393,   411, 1019.6, 300, 0.0, 0.0, 0.0,  0, 0.0000,  1671, 0.0,24.4, 0.0
M3,04/07/22,12:03:54,     1,   394,   411, 1019.6, 300, 0.0, 0.0, 0.0,  0, 0.0000,  1665, 0.0,24.3, 0.0
M3,04/07/22,12:03:55,     1,   395,   411, 1019.6, 300, 0.0, 0.0, 0.0,  0, 0.0000,  1666, 0.0,24.4, 0.0
M3,04/07/22,12:03:56,     1,   396,   411, 1019.6, 300, 0.0, 0.0, 0.0,  0, 0.0000,  1667, 0.0,24.4, 0.0
M3,04/07/22,12:03:57,     1,   397,   411, 1019.6, 301, 0.0, 0.0, 0.0,  0, 0.0000,  1667, 0.0,24.4, 0.0
M3,04/07/22,12:03:58,     1,   398,   411, 1019.6, 300, 0.0, 0.0, 0.0,  0, 0.0000,  1668, 0.0,24.4, 0.0
M3,04/07/22,12:03:59,     1,   399,   411, 1019.6, 300, 0.0, 0.0, 0.0,  0, 0.0000,  1668, 0.0,24.4, 0.0
M3,04/07/22,12:04:00,     1,   400,   410, 1019.6, 300, 0.0, 0.0, 0.0,  0, 0.0000,  1668, 0.0,24.4, 0.0
M3,04/07/22,12:04:01,     1,   401,   410, 1019.6, 300, 0.0, 0.0, 0.0,  0, 0.0000,  1669, 0.0,24.4, 0.0
M3,04/07/22,12:04:02,     1,   402,   410, 1019.6, 300, 0.0, 0.0, 0.0,  0, 0.0000,  1668, 0.0,24.4, 0.0
M3,04/07/22,12:04:03,     1,   403,   410, 1019.6, 300, 0.0, 0.0, 0.0,  0, 0.0000,  1668, 0.0,24.4, 0.0
M3,04/07/22,12:04:04,     1,   404,   410, 1019.6, 300, 0.0, 0.0, 0.0,  0, 0.0000,  1667, 0.0,24.4, 0.0
M3,04/07/22,12:04:05,     1,   405,   410, 1019.6, 300, 0.0, 0.0, 0.0,  0, 0.0000,  1666, 0.0,24.4, 0.0
M3,04/07/22,12:04:06,     1,   406,   410, 1019.6, 300, 0.0, 0.0, 0.0,  0, 0.0000,  1667, 0.0,24.4, 0.0
M3,04/07/22,12:04:07,     1,   407,   410, 1019.5, 300, 0.0, 0.0, 0.0,  0, 0.0000,  1665, 0.0,24.4, 0.0
M3,04/07/22,12:04:08,     1,   408,   410, 1019.5, 300, 0.0, 0.0, 0.0,  0, 0.0000,  1664, 0.0,24.4, 0.0
M3,04/07/22,12:04:09,     1,   409,   410, 1019.5, 300, 0.0, 0.0, 0.0,  0, 0.0000,  1664, 0.0,24.3, 0.0
M3,04/07/22,12:04:10,     1,   410,   410, 1019.5, 300, 0.0, 0.0, 0.0,  0, 0.0000,  1663, 0.0,24.4, 0.0
M3,04/07/22,12:04:11,     1,   411,   410, 1019.5, 300, 0.0, 0.0, 0.0,  0, 0.0000,  1666, 0.0,24.4, 0.0
M3,04/07/22,12:04:12,     1,   412,   411, 1019.5, 300, 0.0, 0.0, 0.0,  0, 0.0000,  1661, 0.0,24.4, 0.0
M3,04/07/22,12:04:13,     1,   413,   411, 1019.5, 300, 0.0, 0.0, 0.0,  0, 0.0000,  1662, 0.0,24.4, 0.0
M3,04/07/22,12:04:14,     1,   414,   411, 1019.5, 300, 0.0, 0.0, 0.0,  0, 0.0000,  1658, 0.0,24.4, 0.0
M3,04/07/22,12:04:15,     1,   415,   410, 1019.5, 300, 0.0, 0.0, 0.0,  0, 0.0000,  1659, 0.0,24.4, 0.0
M3,04/07/22,12:04:16,     1,   416,   410, 1019.5, 300, 0.0, 0.0, 0.0,  0, 0.0000,  1660, 0.0,24.4, 0.0
M3,04/07/22,12:04:17,     1,   417,   410, 1019.5, 300, 0.0, 0.0, 0.0,  0, 0.0000,  1661, 0.0,24.4, 0.0
M3,04/07/22,12:04:18,     1,   418,   410, 1019.5, 300, 0.0, 0.0, 0.0,  0, 0.0000,  1661, 0.0,24.4, 0.0
M3,04/07/22,12:04:19,     1,   419,   410, 1019.5, 300, 0.0, 0.0, 0.0,  0, 0.0000,  1661, 0.0,24.4, 0.0
M3,04/07/22,12:04:20,     1,   420,   410, 1019.5, 300, 0.0, 0.0, 0.0,  0, 0.0000,  1661, 0.0,24.4, 0.0
M3,04/07/22,12:04:21,     1,   421,   410, 1019.5, 300, 0.0, 0.0, 0.0,  0, 0.0000,  1663, 0.0,24.4, 0.0
M3,04/07/22,12:04:22,     1,   422,   410, 1019.5, 300, 0.0, 0.0, 0.0,  0, 0.0000,  1667, 0.0,24.4, 0.0
M3,04/07/22,12:04:23,     1,   423,   410, 1019.5, 300, 0.0, 0.0, 0.0,  0, 0.0000,  1662, 0.0,24.3, 0.0
M3,04/07/22,12:04:24,     1,   424,   410, 1019.5, 300, 0.0, 0.0, 0.0,  0, 0.0000,  1662, 0.0,24.3, 0.0
M3,04/07/22,12:04:25,     1,   425,   410, 1019.5, 300, 0.0, 0.0, 0.0,  0, 0.0000,  1649, 0.0,24.4, 0.0
M3,04/07/22,12:04:26,     1,   426,   410, 1019.5, 300, 0.0, 0.0, 0.0,  0, 0.0000,  1650, 0.0,24.4, 0.0
M3,04/07/22,12:04:27,     1,   427,   411, 1019.5, 300, 0.0, 0.0, 0.0,  0, 0.0000,  1650, 0.0,24.4, 0.0
M3,04/07/22,12:04:28,     1,   428,   411, 1019.5, 300, 0.0, 0.0, 0.0,  0, 0.0000,  1649, 0.0,24.4, 0.0
M3,04/07/22,12:04:29,     1,   429,   411, 1019.5, 300, 0.0, 0.0, 0.0,  0, 0.0000,  1630, 0.0,24.4, 0.0
M3,04/07/22,12:04:30,     1,   430,   411, 1019.5, 300, 0.0, 0.0, 0.0,  0, 0.0000,   808, 0.0,24.4, 0.0
M3,04/07/22,12:04:31,     1,   431,   411, 1019.5, 300, 0.0, 0.0, 0.0,  0, 0.0000,   803, 0.0,24.4, 0.0
M3,04/07/22,12:04:32,     1,   432,   410, 1019.5, 300, 0.0, 0.0, 0.0,  0, 0.0000,  1191, 0.0,24.4, 0.0
M3,04/07/22,12:04:33,     1,   433,   410, 1019.5, 300, 0.0, 0.0, 0.0,  0, 0.0000,  1646, 0.0,24.4, 0.0
M3,04/07/22,12:04:34,     1,   434,   409, 1019.5, 300, 0.0, 0.0, 0.0,  0, 0.0000,  1651, 0.0,24.4, 0.0
M3,04/07/22,12:04:35,     1,   435,   409, 1019.5, 300, 0.0, 0.0, 0.0,  0, 0.0000,  1648, 0.0,24.4, 0.0
M3,04/07/22,12:04:36,     1,   436,   410, 1019.5, 300, 0.0, 0.0, 0.0,  0, 0.0000,  1647, 0.0,24.4, 0.0
M3,04/07/22,12:04:37,     1,   437,   410, 1019.5, 300, 0.0, 0.0, 0.0,  0, 0.0000,  1653, 0.0,24.4, 0.0
M3,04/07/22,12:04:38,     1,   438,   410, 1019.5, 300, 0.0, 0.0, 0.0,  0, 0.0000,  1655, 0.0,24.4, 0.0
M3,04/07/22,12:04:39,     1,   439,   410, 1019.5, 300, 0.0, 0.0, 0.0,  0, 0.0000,  1653, 0.0,24.4, 0.0
M3,04/07/22,12:04:40,     1,   440,   410, 1019.5, 300, 0.0, 0.0, 0.0,  0, 0.0000,  1653, 0.0,24.4, 0.0
M3,04/07/22,12:04:41,     1,   441,   410, 1019.5, 300, 0.0, 0.0, 0.0,  0, 0.0000,  1656, 0.0,24.4, 0.0
M3,04/07/22,12:04:42,     1,   442,   410, 1019.6, 300, 0.0, 0.0, 0.0,  0, 0.0000,  1656, 0.0,24.4, 0.0
M3,04/07/22,12:04:43,     1,   443,   410, 1019.6, 300, 0.0, 0.0, 0.0,  0, 0.0000,  1655, 0.0,24.4, 0.0
M3,04/07/22,12:04:44,     1,   444,   410, 1019.6, 300, 0.0, 0.0, 0.0,  0, 0.0000,  1651, 0.0,24.3, 0.0
M3,04/07/22,12:04:45,     1,   445,   409, 1019.6, 300, 0.0, 0.0, 0.0,  0, 0.0000,  1656, 0.0,24.3, 0.0
M3,04/07/22,12:04:46,     1,   446,   409, 1019.6, 300, 0.0, 0.0, 0.0,  0, 0.0000,  1656, 0.0,24.3, 0.0
M3,04/07/22,12:04:47,     1,   447,   410, 1019.6, 300, 0.0, 0.0, 0.0,  0, 0.0000,  1656, 0.0,24.3, 0.0
M3,04/07/22,12:04:48,     1,   448,   410, 1019.6, 300, 0.0, 0.0, 0.0,  0, 0.0000,  1656, 0.0,24.3, 0.0
M3,04/07/22,12:04:49,     1,   449,   410, 1019.6, 300, 0.0, 0.0, 0.0,  0, 0.0000,  1652, 0.0,24.3, 0.0
M3,04/07/22,12:04:50,     1,   450,   410, 1019.6, 300, 0.0, 0.0, 0.0,  0, 0.0000,  1603, 0.0,24.3, 0.0
M3,04/07/22,12:04:51,     1,   451,   410, 1019.6, 300, 0.0, 0.0, 0.0,  0, 0.0000,  1515, 0.0,24.4, 0.0
M3,04/07/22,12:04:52,     1,   452,   410, 1019.6, 300, 0.0, 0.0, 0.0,  0, 0.0000,  1574, 0.0,24.4, 0.0
M3,04/07/22,12:04:53,     1,   453,   410, 1019.5, 300, 0.0, 0.0, 0.0,  0, 0.0000,  1672, 0.0,24.3, 0.0
M3,04/07/22,12:04:54,     1,   454,   410, 1019.5, 300, 0.0, 0.0, 0.0,  0, 0.0000,  1757, 0.0,24.3, 0.0
M3,04/07/22,12:04:55,     1,   455,   409, 1019.5, 300, 0.0, 0.0, 0.0,  0, 0.0000,  1761, 0.0,24.3, 0.0
M3,04/07/22,12:04:56,     1,   456,   408, 1019.5, 300, 0.0, 0.0, 0.0,  0, 0.0000,  1757, 0.0,24.3, 0.0
M3,04/07/22,12:04:57,     1,   457,   408, 1019.5, 300, 0.0, 0.0, 0.0,  0, 0.0000,  1757, 0.0,24.2, 0.0
M3,04/07/22,12:04:58,     1,   458,   408, 1019.5, 300, 0.0, 0.0, 0.0,  0, 0.0000,  1753, 0.0,24.2, 0.0
M3,04/07/22,12:04:59,     1,   459,   409, 1019.5, 300, 0.0, 0.0, 0.0,  0, 0.0000,  1754, 0.0,24.2, 0.0
M3,04/07/22,12:05:00,     1,   460,   409, 1019.5, 300, 0.0, 0.0, 0.0,  0, 0.0000,  1754, 0.0,24.2, 0.0
M3,04/07/22,12:05:01,     1,   461,   409, 1019.5, 300, 0.0, 0.0, 0.0,  0, 0.0000,  1754, 0.0,24.2, 0.0
M3,04/07/22,12:05:02,     1,   462,   410, 1019.5, 300, 0.0, 0.0, 0.0,  0, 0.0000,  1754, 0.0,24.2, 0.0
M3,04/07/22,12:05:04,     1,   463,   410, 1019.5, 300, 0.0, 0.0, 0.0,  0, 0.0000,  1752, 0.0,24.2, 0.0
M3,04/07/22,12:05:05,     1,   464,   410, 1019.5, 300, 0.0, 0.0, 0.0,  0, 0.0000,  1752, 0.0,24.3, 0.0
M3,04/07/22,12:05:06,     1,   465,   409, 1019.5, 300, 0.0, 0.0, 0.0,  0, 0.0000,  1752, 0.0,24.3, 0.0
M3,04/07/22,12:05:07,     1,   466,   409, 1019.5, 300, 0.0, 0.0, 0.0,  0, 0.0000,  1751, 0.0,24.3, 0.0
M3,04/07/22,12:05:08,     1,   467,   409, 1019.5, 300, 0.0, 0.0, 0.0,  0, 0.0000,  1752, 0.0,24.3, 0.0
M3,04/07/22,12:05:09,     1,   468,   409, 1019.5, 300, 0.0, 0.0, 0.0,  0, 0.0000,  1753, 0.0,24.3, 0.0
M3,04/07/22,12:05:10,     1,   469,   409, 1019.5, 300, 0.0, 0.0, 0.0,  0, 0.0000,  1755, 0.0,24.3, 0.0
M3,04/07/22,12:05:11,     1,   470,   409, 1019.5, 300, 0.0, 0.0, 0.0,  0, 0.0000,  1754, 0.0,24.3, 0.0
M3,04/07/22,12:05:12,     1,   471,   409, 1019.5, 300, 0.0, 0.0, 0.0,  0, 0.0000,  1754, 0.0,24.3, 0.0
M3,04/07/22,12:05:13,     1,   472,   410, 1019.5, 300, 0.0, 0.0, 0.0,  0, 0.0000,  1754, 0.0,24.3, 0.0
M3,04/07/22,12:05:14,     1,   473,   410, 1019.5, 300, 0.0, 0.0, 0.0,  0, 0.0000,  1754, 0.0,24.3, 0.0
M3,04/07/22,12:05:15,     1,   474,   410, 1019.5, 300, 0.0, 0.0, 0.0,  0, 0.0000,  1753, 0.0,24.3, 0.0
M3,04/07/22,12:05:16,     1,   475,   410, 1019.5, 300, 0.0, 0.0, 0.0,  0, 0.0000,  1752, 0.0,24.3, 0.0
M3,04/07/22,12:05:17,     1,   476,   410, 1019.5, 300, 0.0, 0.0, 0.0,  0, 0.0000,  1752, 0.0,24.3, 0.0
M3,04/07/22,12:05:18,     1,   477,   410, 1019.5, 300, 0.0, 0.0, 0.0,  0, 0.0000,  1754, 0.0,24.3, 0.0
M3,04/07/22,12:05:19,     1,   478,   410, 1019.5, 300, 0.0, 0.0, 0.0,  0, 0.0000,  1754, 0.0,24.4, 0.0
M3,04/07/22,12:05:20,     1,   479,   410, 1019.5, 300, 0.0, 0.0, 0.0,  0, 0.0000,  1752, 0.0,24.4, 0.0
M3,04/07/22,12:05:21,     1,   480,   410, 1019.5, 300, 0.0, 0.0, 0.0,  0, 0.0000,  1752, 0.0,24.3, 0.0
M3,04/07/22,12:05:22,     1,   481,   410, 1019.5, 300, 0.0, 0.0, 0.0,  0, 0.0000,  1756, 0.0,24.4, 0.0
M3,04/07/22,12:05:23,     1,   482,   409, 1019.5, 300, 0.0, 0.0, 0.0,  0, 0.0000,  1755, 0.0,24.4, 0.0
M3,04/07/22,12:05:24,     1,   483,   409, 1019.5, 300, 0.0, 0.0, 0.0,  0, 0.0000,  1752, 0.0,24.4, 0.0
M3,04/07/22,12:05:25,     1,   484,   409, 1019.5, 300, 0.0, 0.0, 0.0,  0, 0.0000,  1736, 0.0,24.3, 0.0
M3,04/07/22,12:05:26,     1,   485,   409, 1019.5, 300, 0.0, 0.0, 0.0,  0, 0.0000,  1677, 0.0,24.3, 0.0
M3,04/07/22,12:05:27,     1,   486,   409, 1019.5, 300, 0.0, 0.0, 0.0,  0, 0.0000,  1595, 0.0,24.3, 0.0
M3,04/07/22,12:05:28,     1,   487,   409, 1019.5, 300, 0.0, 0.0, 0.0,  0, 0.0000,  1589, 0.0,24.3, 0.0
M3,04/07/22,12:05:29,     1,   488,   409, 1019.5, 300, 0.0, 0.0, 0.0,  0, 0.0000,  1605, 0.0,24.3, 0.0
M3,04/07/22,12:05:30,     1,   489,   409, 1019.5, 300, 0.0, 0.0, 0.0,  0, 0.0000,  1570, 0.0,24.3, 0.0
M3,04/07/22,12:05:31,     1,   490,   409, 1019.5, 300, 0.0, 0.0, 0.0,  0, 0.0000,  1605, 0.0,24.3, 0.0
M3,04/07/22,12:05:32,     1,   491,   409, 1019.5, 300, 0.0, 0.0, 0.0,  0, 0.0000,  1662, 0.0,24.3, 0.0
M3,04/07/22,12:05:33,     1,   492,   409, 1019.5, 300, 0.0, 0.0, 0.0,  0, 0.0000,  1680, 0.0,24.3, 0.0
M3,04/07/22,12:05:34,     1,   493,   409, 1019.5, 300, 0.0, 0.0, 0.0,  0, 0.0000,  1681, 0.0,24.3, 0.0
M3,04/07/22,12:05:35,     1,   494,   409, 1019.5, 300, 0.0, 0.0, 0.0,  0, 0.0000,  1725, 0.0,24.3, 0.0
M3,04/07/22,12:05:36,     1,   495,   409, 1019.5, 300, 0.0, 0.0, 0.0,  0, 0.0000,  1757, 0.0,24.2, 0.0
M3,04/07/22,12:05:37,     1,   496,   409, 1019.5, 300, 0.0, 0.0, 0.0,  0, 0.0000,  1760, 0.0,24.2, 0.0
M3,04/07/22,12:05:38,     1,   497,   409, 1019.5, 300, 0.0, 0.0, 0.0,  0, 0.0000,  1760, 0.0,24.2, 0.0
M3,04/07/22,12:05:39,     1,   498,   409, 1019.5, 300, 0.0, 0.0, 0.0,  0, 0.0000,  1760, 0.0,24.3, 0.0
M3,04/07/22,12:05:40,     1,   499,   409, 1019.5, 300, 0.0, 0.0, 0.0,  0, 0.0000,  1762, 0.0,24.3, 0.0
M3,04/07/22,12:05:41,     1,   500,   410, 1019.5, 300, 0.0, 0.0, 0.0,  0, 0.0000,  1761, 0.0,24.3, 0.0
M3,04/07/22,12:05:42,     1,   501,   410, 1019.5, 300, 0.0, 0.0, 0.0,  0, 0.0000,  1762, 0.0,24.3, 0.0
M3,04/07/22,12:05:43,     1,   502,   409, 1019.5, 300, 0.0, 0.0, 0.0,  0, 0.0000,  1761, 0.0,24.3, 0.0
M3,04/07/22,12:05:44,     1,   503,   409, 1019.5, 300, 0.0, 0.0, 0.0,  0, 0.0000,  1760, 0.0,24.3, 0.0
M3,04/07/22,12:05:45,     1,   504,   409, 1019.5, 300, 0.0, 0.0, 0.0,  0, 0.0000,  1760, 0.0,24.3, 0.0
M3,04/07/22,12:05:46,     1,   505,   409, 1019.5, 300, 0.0, 0.0, 0.0,  0, 0.0000,  1759, 0.0,24.3, 0.0
M3,04/07/22,12:05:47,     1,   506,   409, 1019.5, 300, 0.0, 0.0, 0.0,  0, 0.0000,  1760, 0.0,24.3, 0.0
M3,04/07/22,12:05:48,     1,   507,   409, 1019.5, 300, 0.0, 0.0, 0.0,  0, 0.0000,  1760, 0.0,24.3, 0.0
M3,04/07/22,12:05:49,     1,   508,   409, 1019.5, 300, 0.0, 0.0, 0.0,  0, 0.0000,  1758, 0.0,24.3, 0.0
M3,04/07/22,12:05:50,     1,   509,   409, 1019.5, 300, 0.0, 0.0, 0.0,  0, 0.0000,  1757, 0.0,24.3, 0.0
M3,04/07/22,12:05:51,     1,   510,   409, 1019.6, 300, 0.0, 0.0, 0.0,  0, 0.0000,  1758, 0.0,24.3, 0.0
M3,04/07/22,12:05:52,     1,   511,   409, 1019.6, 300, 0.0, 0.0, 0.0,  0, 0.0000,  1757, 0.0,24.3, 0.0
M3,04/07/22,12:05:53,     1,   512,   409, 1019.6, 300, 0.0, 0.0, 0.0,  0, 0.0000,  1756, 0.0,24.3, 0.0
M3,04/07/22,12:05:54,     1,   513,   409, 1019.6, 300, 0.0, 0.0, 0.0,  0, 0.0000,  1756, 0.0,24.3, 0.0
M3,04/07/22,12:05:55,     1,   514,   409, 1019.6, 300, 0.0, 0.0, 0.0,  0, 0.0000,  1754, 0.0,24.3, 0.0
M3,04/07/22,12:05:56,     1,   515,   409, 1019.6, 300, 0.0, 0.0, 0.0,  0, 0.0000,  1756, 0.0,24.3, 0.0
M3,04/07/22,12:05:57,     1,   516,   409, 1019.6, 300, 0.0, 0.0, 0.0,  0, 0.0000,  1755, 0.0,24.3, 0.0
M3,04/07/22,12:05:58,     1,   517,   409, 1019.6, 300, 0.0, 0.0, 0.0,  0, 0.0000,  1755, 0.0,24.3, 0.0
M3,04/07/22,12:05:59,     1,   518,   409, 1019.6, 300, 0.0, 0.0, 0.0,  0, 0.0000,  1756, 0.0,24.4, 0.0
M3,04/07/22,12:06:00,     1,   519,   409, 1019.6, 300, 0.0, 0.0, 0.0,  0, 0.0000,  1754, 0.0,24.4, 0.0
M3,04/07/22,12:06:01,     1,   520,   409, 1019.6, 300, 0.0, 0.0, 0.0,  0, 0.0000,  1754, 0.0,24.4, 0.0
M3,04/07/22,12:06:02,     1,   521,   409, 1019.6, 300, 0.0, 0.0, 0.0,  0, 0.0000,  1755, 0.0,24.4, 0.0
M3,04/07/22,12:06:03,     1,   522,   409, 1019.6, 300, 0.0, 0.0, 0.0,  0, 0.0000,  1755, 0.0,24.4, 0.0
M3,04/07/22,12:06:04,     1,   523,   409, 1019.6, 300, 0.0, 0.0, 0.0,  0, 0.0000,  1755, 0.0,24.4, 0.0
M3,04/07/22,12:06:05,     1,   524,   408, 1019.6, 300, 0.0, 0.0, 0.0,  0, 0.0000,  1753, 0.0,24.4, 0.0
M3,04/07/22,12:06:06,     1,   525,   408, 1019.6, 300, 0.0, 0.0, 0.0,  0, 0.0000,  1752, 0.0,24.4, 0.0
M3,04/07/22,12:06:07,     1,   526,   408, 1019.6, 300, 0.0, 0.0, 0.0,  0, 0.0000,  1751, 0.0,24.4, 0.0
M3,04/07/22,12:06:08,     1,   527,   408, 1019.6, 300, 0.0, 0.0, 0.0,  0, 0.0000,  1752, 0.0,24.4, 0.0
M3,04/07/22,12:06:09,     1,   528,   409, 1019.6, 300, 0.0, 0.0, 0.0,  0, 0.0000,  1753, 0.0,24.3, 0.0
M3,04/07/22,12:06:10,     1,   529,   409, 1019.6, 300, 0.0, 0.0, 0.0,  0, 0.0000,  1753, 0.0,24.3, 0.0
M3,04/07/22,12:06:11,     1,   530,   410, 1019.6, 300, 0.0, 0.0, 0.0,  0, 0.0000,  1753, 0.0,24.3, 0.0
M3,04/07/22,12:06:12,     1,   531,   410, 1019.6, 300, 0.0, 0.0, 0.0,  0, 0.0000,  1751, 0.0,24.4, 0.0
M3,04/07/22,12:06:13,     1,   532,   410, 1019.6, 300, 0.0, 0.0, 0.0,  0, 0.0000,  1752, 0.0,24.4, 0.0
M3,04/07/22,12:06:14,     1,   533,   409, 1019.6, 300, 0.0, 0.0, 0.0,  0, 0.0000,  1752, 0.0,24.3, 0.0
M3,04/07/22,12:06:15,     1,   534,   409, 1019.6, 300, 0.0, 0.0, 0.0,  0, 0.0000,  1750, 0.0,24.3, 0.0
M3,04/07/22,12:06:16,     1,   535,   408, 1019.6, 300, 0.0, 0.0, 0.0,  0, 0.0000,  1750, 0.0,24.3, 0.0
M3,04/07/22,12:06:17,     1,   536,   408, 1019.6, 300, 0.0, 0.0, 0.0,  0, 0.0000,  1751, 0.0,24.3, 0.0
M3,04/07/22,12:06:18,     1,   537,   409, 1019.6, 300, 0.0, 0.0, 0.0,  0, 0.0000,  1751, 0.0,24.3, 0.0
M3,04/07/22,12:06:19,     1,   538,   409, 1019.6, 300, 0.0, 0.0, 0.0,  0, 0.0000,  1749, 0.0,24.3, 0.0
M3,04/07/22,12:06:20,     1,   539,   409, 1019.6, 300, 0.0, 0.0, 0.0,  0, 0.0000,  1749, 0.0,24.3, 0.0
M3,04/07/22,12:06:21,     1,   540,   409, 1019.6, 300, 0.0, 0.0, 0.0,  0, 0.0000,  1750, 0.0,24.3, 0.0
M3,04/07/22,12:06:22,     1,   541,   409, 1019.6, 300, 0.0, 0.0, 0.0,  0, 0.0000,  1748, 0.0,24.2, 0.0
M3,04/07/22,12:06:23,     1,   542,   409, 1019.5, 300, 0.0, 0.0, 0.0,  0, 0.0000,  1748, 0.0,24.2, 0.0
M3,04/07/22,12:06:24,     1,   543,   409, 1019.5, 300, 0.0, 0.0, 0.0,  0, 0.0000,  1749, 0.0,24.3, 0.0
M3,04/07/22,12:06:25,     1,   544,   410, 1019.5, 300, 0.0, 0.0, 0.0,  0, 0.0000,  1748, 0.0,24.3, 0.0
M3,04/07/22,12:06:26,     1,   545,   410, 1019.6, 300, 0.0, 0.0, 0.0,  0, 0.0000,  1748, 0.0,24.3, 0.0
M3,04/07/22,12:06:27,     1,   546,   410, 1019.6, 300, 0.0, 0.0, 0.0,  0, 0.0000,  1748, 0.0,24.3, 0.0
M3,04/07/22,12:06:28,     1,   547,   410, 1019.6, 300, 0.0, 0.0, 0.0,  0, 0.0000,  1747, 0.0,24.3, 0.0
M3,04/07/22,12:06:29,     1,   548,   409, 1019.6, 300, 0.0, 0.0, 0.0,  0, 0.0000,  1747, 0.0,24.3, 0.0
M3,04/07/22,12:06:30,     1,   549,   409, 1019.6, 300, 0.0, 0.0, 0.0,  0, 0.0000,  1745, 0.0,24.3, 0.0
M3,04/07/22,12:06:31,     1,   550,   409, 1019.6, 300, 0.0, 0.0, 0.0,  0, 0.0000,  1743, 0.0,24.3, 0.0
M3,04/07/22,12:06:32,     1,   551,   409, 1019.6, 300, 0.0, 0.0, 0.0,  0, 0.0000,  1744, 0.0,24.3, 0.0
M3,04/07/22,12:06:33,     1,   552,   409, 1019.6, 300, 0.0, 0.0, 0.0,  0, 0.0000,  1743, 0.0,24.2, 0.0
M3,04/07/22,12:06:34,     1,   553,   409, 1019.6, 300, 0.0, 0.0, 0.0,  0, 0.0000,  1744, 0.0,24.2, 0.0
M3,04/07/22,12:06:35,     1,   554,   409, 1019.6, 300, 0.0, 0.0, 0.0,  0, 0.0000,  1744, 0.0,24.3, 0.0
M3,04/07/22,12:06:36,     1,   555,   410, 1019.6, 300, 0.0, 0.0, 0.0,  0, 0.0000,  1742, 0.0,24.2, 0.0
M3,04/07/22,12:06:37,     1,   556,   410, 1019.6, 300, 0.0, 0.0, 0.0,  0, 0.0000,  1743, 0.0,24.3, 0.0
M3,04/07/22,12:06:38,     1,   557,   410, 1019.6, 300, 0.0, 0.0, 0.0,  0, 0.0000,  1741, 0.0,24.3, 0.0
M3,04/07/22,12:06:39,     1,   558,   409, 1019.6, 300, 0.0, 0.0, 0.0,  0, 0.0000,  1741, 0.0,24.3, 0.0
M3,04/07/22,12:06:40,     1,   559,   409, 1019.6, 300, 0.0, 0.0, 0.0,  0, 0.0000,  1741, 0.0,24.3, 0.0
M3,04/07/22,12:06:41,     1,   560,   409, 1019.6, 300, 0.0, 0.0, 0.0,  0, 0.0000,  1741, 0.0,24.3, 0.0
M3,04/07/22,12:06:42,     1,   561,   409, 1019.6, 300, 0.0, 0.0, 0.0,  0, 0.0000,  1742, 0.0,24.3, 0.0
M3,04/07/22,12:06:43,     1,   562,   409, 1019.6, 300, 0.0, 0.0, 0.0,  0, 0.0000,  1742, 0.0,24.3, 0.0
M3,04/07/22,12:06:44,     1,   563,   408, 1019.6, 300, 0.0, 0.0, 0.0,  0, 0.0000,  1741, 0.0,24.3, 0.0
M3,04/07/22,12:06:45,     1,   564,   408, 1019.6, 300, 0.0, 0.0, 0.0,  0, 0.0000,  1741, 0.0,24.3, 0.0
M3,04/07/22,12:06:46,     1,   565,   408, 1019.6, 300, 0.0, 0.0, 0.0,  0, 0.0000,  1741, 0.0,24.3, 0.0
M3,04/07/22,12:06:47,     1,   566,   408, 1019.6, 300, 0.0, 0.0, 0.0,  0, 0.0000,  1741, 0.0,24.3, 0.0
M3,04/07/22,12:06:48,     1,   567,   408, 1019.6, 300, 0.0, 0.0, 0.0,  0, 0.0000,  1741, 0.0,24.3, 0.0
M3,04/07/22,12:06:49,     1,   568,   408, 1019.6, 300, 0.0, 0.0, 0.0,  0, 0.0000,  1739, 0.0,24.3, 0.0
M3,04/07/22,12:06:50,     1,   569,   408, 1019.6, 300, 0.0, 0.0, 0.0,  0, 0.0000,  1739, 0.0,24.4, 0.0
M3,04/07/22,12:06:51,     1,   570,   408, 1019.6, 300, 0.0, 0.0, 0.0,  0, 0.0000,  1739, 0.0,24.3, 0.0
M3,04/07/22,12:06:52,     1,   571,   408, 1019.6, 300, 0.0, 0.0, 0.0,  0, 0.0000,  1738, 0.0,24.3, 0.0
M3,04/07/22,12:06:53,     1,   572,   408, 1019.6, 300, 0.0, 0.0, 0.0,  0, 0.0000,  1740, 0.0,24.3, 0.0
M3,04/07/22,12:06:54,     1,   573,   408, 1019.6, 300, 0.0, 0.0, 0.0,  0, 0.0000,  1740, 0.0,24.3, 0.0
M3,04/07/22,12:06:55,     1,   574,   408, 1019.6, 300, 0.0, 0.0, 0.0,  0, 0.0000,  1739, 0.0,24.3, 0.0
M3,04/07/22,12:06:56,     1,   575,   409, 1019.6, 300, 0.0, 0.0, 0.0,  0, 0.0000,  1738, 0.0,24.3, 0.0
M3,04/07/22,12:06:57,     1,   576,   409, 1019.6, 300, 0.0, 0.0, 0.0,  0, 0.0000,  1739, 0.0,24.3, 0.0
M3,04/07/22,12:06:58,     1,   577,   409, 1019.6, 300, 0.0, 0.0, 0.0,  0, 0.0000,  1739, 0.0,24.4, 0.0
M3,04/07/22,12:06:59,     1,   578,   409, 1019.6, 300, 0.0, 0.0, 0.0,  0, 0.0000,  1738, 0.0,24.4, 0.0
M3,04/07/22,12:07:00,     1,   579,   408, 1019.6, 300, 0.0, 0.0, 0.0,  0, 0.0000,  1738, 0.0,24.4, 0.0
M3,04/07/22,12:07:01,     1,   580,   409, 1019.6, 300, 0.0, 0.0, 0.0,  0, 0.0000,  1739, 0.0,24.4, 0.0
M3,04/07/22,12:07:02,     1,   581,   409, 1019.6, 300, 0.0, 0.0, 0.0,  0, 0.0000,  1738, 0.0,24.4, 0.0
M3,04/07/22,12:07:03,     1,   582,   409, 1019.6, 300, 0.0, 0.0, 0.0,  0, 0.0000,  1738, 0.0,24.4, 0.0
M3,04/07/22,12:07:04,     1,   583,   410, 1019.6, 300, 0.0, 0.0, 0.0,  0, 0.0000,  1739, 0.0,24.4, 0.0
M3,04/07/22,12:07:05,     1,   584,   410, 1019.6, 300, 0.0, 0.0, 0.0,  0, 0.0000,  1738, 0.0,24.4, 0.0
M3,04/07/22,12:07:06,     1,   585,   410, 1019.6, 300, 0.0, 0.0, 0.0,  0, 0.0000,  1737, 0.0,24.4, 0.0
M3,04/07/22,12:07:07,     1,   586,   409, 1019.6, 300, 0.0, 0.0, 0.0,  0, 0.0000,  1738, 0.0,24.4, 0.0
M3,04/07/22,12:07:08,     1,   587,   409, 1019.6, 300, 0.0, 0.0, 0.0,  0, 0.0000,  1737, 0.0,24.4, 0.0
M3,04/07/22,12:07:09,     1,   588,   408, 1019.6, 300, 0.0, 0.0, 0.0,  0, 0.0000,  1737, 0.0,24.4, 0.0
M3,04/07/22,12:07:10,     1,   589,   409, 1019.6, 300, 0.0, 0.0, 0.0,  0, 0.0000,  1737, 0.0,24.4, 0.0
M3,04/07/22,12:07:11,     1,   590,   409, 1019.6, 300, 0.0, 0.0, 0.0,  0, 0.0000,  1738, 0.0,24.4, 0.0
M3,04/07/22,12:07:12,     1,   591,   409, 1019.6, 300, 0.0, 0.0, 0.0,  0, 0.0000,  1738, 0.0,24.4, 0.0
M3,04/07/22,12:07:13,     1,   592,   410, 1019.6, 300, 0.0, 0.0, 0.0,  0, 0.0000,  1737, 0.0,24.4, 0.0
M3,04/07/22,12:07:14,     1,   593,   409, 1019.6, 300, 0.0, 0.0, 0.0,  0, 0.0000,  1737, 0.0,24.4, 0.0
M3,04/07/22,12:07:15,     1,   594,   409, 1019.6, 300, 0.0, 0.0, 0.0,  0, 0.0000,  1737, 0.0,24.4, 0.0
M3,04/07/22,12:07:16,     1,   595,   409, 1019.6, 300, 0.0, 0.0, 0.0,  0, 0.0000,  1737, 0.0,24.4, 0.0
M3,04/07/22,12:07:17,     1,   596,   409, 1019.6, 300, 0.0, 0.0, 0.0,  0, 0.0000,  1736, 0.0,24.4, 0.0
M3,04/07/22,12:07:18,     1,   597,   409, 1019.6, 300, 0.0, 0.0, 0.0,  0, 0.0000,  1736, 0.0,24.4, 0.0
M3,04/07/22,12:07:19,     1,   598,   409, 1019.6, 300, 0.0, 0.0, 0.0,  0, 0.0000,  1736, 0.0,24.4, 0.0
M3,04/07/22,12:07:20,     1,   599,   409, 1019.6, 300, 0.0, 0.0, 0.0,  0, 0.0000,  1737, 0.0,24.4, 0.0
M3,04/07/22,12:07:21,     1,   600,   409, 1019.6, 300, 0.0, 0.0, 0.0,  0, 0.0000,  1736, 0.0,24.4, 0.0
M3,04/07/22,12:07:22,     1,   601,   408, 1019.6, 300, 0.0, 0.0, 0.0,  0, 0.0000,  1736, 0.0,24.4, 0.0
M3,04/07/22,12:07:23,     1,   602,   409, 1019.6, 300, 0.0, 0.0, 0.0,  0, 0.0000,  1736, 0.0,24.4, 0.0
M3,04/07/22,12:07:24,     1,   603,   409, 1019.6, 300, 0.0, 0.0, 0.0,  0, 0.0000,  1736, 0.0,24.4, 0.0
M3,04/07/22,12:07:25,     1,   604,   410, 1019.6, 300, 0.0, 0.0, 0.0,  0, 0.0000,  1736, 0.0,24.4, 0.0
M3,04/07/22,12:07:26,     1,   605,   410, 1019.6, 300, 0.0, 0.0, 0.0,  0, 0.0000,  1735, 0.0,24.4, 0.0
M3,04/07/22,12:07:27,     1,   606,   410, 1019.6, 300, 0.0, 0.0, 0.0,  0, 0.0000,  1736, 0.0,24.5, 0.0
M3,04/07/22,12:07:29,     1,   607,   410, 1019.6, 300, 0.0, 0.0, 0.0,  0, 0.0000,  1735, 0.0,24.5, 0.0
M3,04/07/22,12:07:30,     1,   608,   409, 1019.6, 300, 0.0, 0.0, 0.0,  0, 0.0000,  1735, 0.0,24.5, 0.0
M3,04/07/22,12:07:31,     1,   609,   409, 1019.6, 300, 0.0, 0.0, 0.0,  0, 0.0000,  1735, 0.0,24.5, 0.0
M3,04/07/22,12:07:32,     1,   610,   410, 1019.6, 300, 0.0, 0.0, 0.0,  0, 0.0000,  1735, 0.0,24.5, 0.0
M3,04/07/22,12:07:33,     1,   611,   410, 1019.6, 300, 0.0, 0.0, 0.0,  0, 0.0000,  1735, 0.0,24.5, 0.0
M3,04/07/22,12:07:34,     1,   612,   409, 1019.6, 300, 0.0, 0.0, 0.0,  0, 0.0000,  1735, 0.0,24.5, 0.0
M3,04/07/22,12:07:35,     1,   613,   409, 1019.6, 300, 0.0, 0.0, 0.0,  0, 0.0000,  1735, 0.0,24.5, 0.0
M3,04/07/22,12:07:36,     1,   614,   409, 1019.5, 300, 0.0, 0.0, 0.0,  0, 0.0000,  1735, 0.0,24.5, 0.0
M3,04/07/22,12:07:37,     1,   615,   409, 1019.5, 300, 0.0, 0.0, 0.0,  0, 0.0000,  1736, 0.0,24.5, 0.0
M3,04/07/22,12:07:38,     1,   616,   409, 1019.5, 300, 0.0, 0.0, 0.0,  0, 0.0000,  1735, 0.0,24.5, 0.0
M3,04/07/22,12:07:39,     1,   617,   410, 1019.5, 300, 0.0, 0.0, 0.0,  0, 0.0000,  1734, 0.0,24.5, 0.0
M3,04/07/22,12:07:40,     1,   618,   410, 1019.5, 300, 0.0, 0.0, 0.0,  0, 0.0000,  1736, 0.0,24.5, 0.0
M3,04/07/22,12:07:41,     1,   619,   410, 1019.5, 300, 0.0, 0.0, 0.0,  0, 0.0000,  1735, 0.0,24.5, 0.0
M3,04/07/22,12:07:42,     1,   620,   410, 1019.5, 300, 0.0, 0.0, 0.0,  0, 0.0000,  1735, 0.0,24.5, 0.0
M3,04/07/22,12:07:43,     1,   621,   410, 1019.5, 300, 0.0, 0.0, 0.0,  0, 0.0000,  1735, 0.0,24.5, 0.0
M3,04/07/22,12:07:44,     1,   622,   409, 1019.5, 300, 0.0, 0.0, 0.0,  0, 0.0000,  1735, 0.0,24.5, 0.0
M3,04/07/22,12:07:45,     1,   623,   409, 1019.5, 300, 0.0, 0.0, 0.0,  0, 0.0000,  1735, 0.0,24.5, 0.0
M3,04/07/22,12:07:46,     1,   624,   409, 1019.5, 300, 0.0, 0.0, 0.0,  0, 0.0000,  1735, 0.0,24.5, 0.0
M3,04/07/22,12:07:47,     1,   625,   409, 1019.5, 300, 0.0, 0.0, 0.0,  0, 0.0000,  1736, 0.0,24.5, 0.0
M3,04/07/22,12:07:48,     1,   626,   409, 1019.5, 300, 0.0, 0.0, 0.0,  0, 0.0000,  1736, 0.0,24.5, 0.0
M3,04/07/22,12:07:49,     1,   627,   410, 1019.5, 300, 0.0, 0.0, 0.0,  0, 0.0000,  1735, 0.0,24.5, 0.0
M3,04/07/22,12:07:50,     1,   628,   410, 1019.5, 300, 0.0, 0.0, 0.0,  0, 0.0000,  1735, 0.0,24.5, 0.0
M3,04/07/22,12:07:51,     1,   629,   410, 1019.5, 300, 0.0, 0.0, 0.0,  0, 0.0000,  1735, 0.0,24.5, 0.0
M3,04/07/22,12:07:52,     1,   630,   410, 1019.5, 300, 0.0, 0.0, 0.0,  0, 0.0000,  1736, 0.0,24.5, 0.0
M3,04/07/22,12:07:53,     1,   631,   409, 1019.5, 300, 0.0, 0.0, 0.0,  0, 0.0000,  1735, 0.0,24.6, 0.0
M3,04/07/22,12:07:54,     1,   632,   408, 1019.6, 300, 0.0, 0.0, 0.0,  0, 0.0000,  1735, 0.0,24.6, 0.0
M3,04/07/22,12:07:55,     1,   633,   408, 1019.6, 300, 0.0, 0.0, 0.0,  0, 0.0000,  1736, 0.0,24.6, 0.0
M3,04/07/22,12:07:56,     1,   634,   407, 1019.6, 300, 0.0, 0.0, 0.0,  0, 0.0000,  1734, 0.0,24.6, 0.0
M3,04/07/22,12:07:57,     1,   635,   407, 1019.6, 300, 0.0, 0.0, 0.0,  0, 0.0000,  1734, 0.0,24.6, 0.0
M3,04/07/22,12:07:58,     1,   636,   406, 1019.6, 300, 0.0, 0.0, 0.0,  0, 0.0000,  1735, 0.0,24.6, 0.0
M3,04/07/22,12:07:59,     1,   637,   406, 1019.6, 300, 0.0, 0.0, 0.0,  0, 0.0000,  1735, 0.0,24.6, 0.0
M3,04/07/22,12:08:00,     1,   638,   406, 1019.6, 300, 0.0, 0.0, 0.0,  0, 0.0000,  1736, 0.0,24.6, 0.0
M3,04/07/22,12:08:01,     1,   639,   406, 1019.6, 300, 0.0, 0.0, 0.0,  0, 0.0000,  1735, 0.0,24.6, 0.0
M3,04/07/22,12:08:02,     1,   640,   406, 1019.6, 300, 0.0, 0.0, 0.0,  0, 0.0000,  1736, 0.0,24.6, 0.0
M3,04/07/22,12:08:03,     1,   641,   406, 1019.6, 300, 0.0, 0.0, 0.0,  0, 0.0000,  1735, 0.0,24.7, 0.0
M3,04/07/22,12:08:04,     1,   642,   407, 1019.6, 300, 0.0, 0.0, 0.0,  0, 0.0000,  1735, 0.0,24.7, 0.0
M3,04/07/22,12:08:05,     1,   643,   407, 1019.6, 300, 0.0, 0.0, 0.0,  0, 0.0000,  1735, 0.0,24.7, 0.0
M3,04/07/22,12:08:06,     1,   644,   407, 1019.6, 300, 0.0, 0.0, 0.0,  0, 0.0000,  1735, 0.0,24.7, 0.0
M3,04/07/22,12:08:07,     1,   645,   406, 1019.6, 300, 0.0, 0.0, 0.0,  0, 0.0000,  1735, 0.0,24.7, 0.0
M3,04/07/22,12:08:08,     1,   646,   407, 1019.6, 300, 0.0, 0.0, 0.0,  0, 0.0000,  1736, 0.0,24.7, 0.0
M3,04/07/22,12:08:09,     1,   647,   407, 1019.6, 300, 0.0, 0.0, 0.0,  0, 0.0000,  1735, 0.0,24.7, 0.0
M3,04/07/22,12:08:10,     1,   648,   407, 1019.6, 300, 0.0, 0.0, 0.0,  0, 0.0000,  1735, 0.0,24.7, 0.0
M3,04/07/22,12:08:11,     1,   649,   407, 1019.6, 300, 0.0, 0.0, 0.0,  0, 0.0000,  1735, 0.0,24.7, 0.0
M3,04/07/22,12:08:12,     1,   650,   407, 1019.6, 300, 0.0, 0.0, 0.0,  0, 0.0000,  1735, 0.0,24.7, 0.0
M3,04/07/22,12:08:13,     1,   651,   407, 1019.6, 300, 0.0, 0.0, 0.0,  0, 0.0000,  1735, 0.0,24.7, 0.0
M3,04/07/22,12:08:14,     1,   652,   407, 1019.6, 300, 0.0, 0.0, 0.0,  0, 0.0000,  1735, 0.0,24.7, 0.0
M3,04/07/22,12:08:15,     1,   653,   407, 1019.6, 300, 0.0, 0.0, 0.0,  0, 0.0000,  1735, 0.0,24.7, 0.0
M3,04/07/22,12:08:16,     1,   654,   407, 1019.6, 300, 0.0, 0.0, 0.0,  0, 0.0000,  1735, 0.0,24.7, 0.0
M3,04/07/22,12:08:17,     1,   655,   407, 1019.6, 300, 0.0, 0.0, 0.0,  0, 0.0000,  1736, 0.0,24.7, 0.0
M3,04/07/22,12:08:18,     1,   656,   407, 1019.6, 300, 0.0, 0.0, 0.0,  0, 0.0000,  1734, 0.0,24.7, 0.0
M3,04/07/22,12:08:19,     1,   657,   406, 1019.6, 300, 0.0, 0.0, 0.0,  0, 0.0000,  1734, 0.0,24.7, 0.0
M3,04/07/22,12:08:20,     1,   658,   406, 1019.6, 300, 0.0, 0.0, 0.0,  0, 0.0000,  1735, 0.0,24.7, 0.0
M3,04/07/22,12:08:21,     1,   659,   405, 1019.6, 300, 0.0, 0.0, 0.0,  0, 0.0000,  1735, 0.0,24.7, 0.0
M3,04/07/22,12:08:22,     1,   660,   405, 1019.6, 300, 0.0, 0.0, 0.0,  0, 0.0000,  1734, 0.0,24.7, 0.0
M3,04/07/22,12:08:23,     1,   661,   406, 1019.6, 300, 0.0, 0.0, 0.0,  0, 0.0000,  1734, 0.0,24.7, 0.0
M3,04/07/22,12:08:24,     1,   662,   406, 1019.6, 300, 0.0, 0.0, 0.0,  0, 0.0000,  1734, 0.0,24.7, 0.0
M3,04/07/22,12:08:25,     1,   663,   406, 1019.6, 300, 0.0, 0.0, 0.0,  0, 0.0000,  1734, 0.0,24.7, 0.0
M3,04/07/22,12:08:26,     1,   664,   406, 1019.6, 300, 0.0, 0.0, 0.0,  0, 0.0000,  1734, 0.0,24.7, 0.0
M3,04/07/22,12:08:27,     1,   665,   406, 1019.6, 300, 0.0, 0.0, 0.0,  0, 0.0000,  1735, 0.0,24.7, 0.0
M3,04/07/22,12:08:28,     1,   666,   406, 1019.6, 300, 0.0, 0.0, 0.0,  0, 0.0000,  1734, 0.0,24.7, 0.0
M3,04/07/22,12:08:29,     1,   667,   407, 1019.6, 300, 0.0, 0.0, 0.0,  0, 0.0000,  1734, 0.0,24.7, 0.0
M3,04/07/22,12:08:30,     1,   668,   407, 1019.6, 300, 0.0, 0.0, 0.0,  0, 0.0000,  1735, 0.0,24.7, 0.0
M3,04/07/22,12:08:31,     1,   669,   408, 1019.6, 300, 0.0, 0.0, 0.0,  0, 0.0000,  1734, 0.0,24.7, 0.0
M3,04/07/22,12:08:32,     1,   670,   408, 1019.6, 300, 0.0, 0.0, 0.0,  0, 0.0000,  1735, 0.0,24.7, 0.0
M3,04/07/22,12:08:33,     1,   671,   409, 1019.6, 300, 0.0, 0.0, 0.0,  0, 0.0000,  1734, 0.0,24.7, 0.0
M3,04/07/22,12:08:34,     1,   672,   409, 1019.6, 300, 0.0, 0.0, 0.0,  0, 0.0000,  1734, 0.0,24.7, 0.0
M3,04/07/22,12:08:35,     1,   673,   409, 1019.6, 300, 0.0, 0.0, 0.0,  0, 0.0000,  1736, 0.0,24.7, 0.0
M3,04/07/22,12:08:36,     1,   674,   409, 1019.6, 300, 0.0, 0.0, 0.0,  0, 0.0000,  1736, 0.0,24.7, 0.0
M3,04/07/22,12:08:37,     1,   675,   409, 1019.6, 300, 0.0, 0.0, 0.0,  0, 0.0000,  1737, 0.0,24.7, 0.0
M3,04/07/22,12:08:38,     1,   676,   410, 1019.6, 300, 0.0, 0.0, 0.0,  0, 0.0000,  1708, 0.0,24.7, 0.0
M3,04/07/22,12:08:39,     1,   677,   409, 1019.6, 300, 0.0, 0.0, 0.0,  0, 0.0000,  1675, 0.0,24.7, 0.0
M3,04/07/22,12:08:40,     1,   678,   408, 1019.6, 300, 0.0, 0.0, 0.0,  0, 0.0000,  1814, 0.0,24.8, 0.0
