Tag(M3),Date,Time,Plot_No,Rec_No,CO2,Pressure,Flow,H2O,Tsen,O2,Error,Aux_V,PAR,Tsoil,Tair,Msoil
M3,27/07/22,10:45:14,     1,  4288,   399, 1016.7, 300, 0.0, 0.0, 0.0,  0, 0.0000,     1, 0.0,21.5, 0.0
M3,27/07/22,10:45:15,     1,  4289,   399, 1016.7, 300, 0.0, 0.0, 0.0,  0, 0.0000,     1, 0.0,21.5, 0.0
M3,27/07/22,10:45:16,     1,  4290,   399, 1016.7, 300, 0.0, 0.0, 0.0,  0, 0.0000,     2, 0.0,21.5, 0.0
M3,27/07/22,10:45:17,     1,  4291,   399, 1016.7, 300, 0.0, 0.0, 0.0,  0, 0.0000,     2, 0.0,21.5, 0.0
M3,27/07/22,10:45:18,     1,  4292,   399, 1016.7, 300, 0.0, 0.0, 0.0,  0, 0.0000,     3, 0.0,21.5, 0.0
M3,27/07/22,10:45:19,     1,  4293,   400, 1016.7, 300, 0.0, 0.0, 0.0,  0, 0.0000,     2, 0.0,21.5, 0.0
M3,27/07/22,10:45:20,     1,  4294,   400, 1016.7, 300, 0.0, 0.0, 0.0,  0, 0.0000,     2, 0.0,21.5, 0.0
M3,27/07/22,10:45:21,     1,  4295,   400, 1016.7, 300, 0.0, 0.0, 0.0,  0, 0.0000,     1, 0.0,21.5, 0.0
M3,27/07/22,10:45:22,     1,  4296,   400, 1016.7, 300, 0.0, 0.0, 0.0,  0, 0.0000,     1, 0.0,21.5, 0.0
M3,27/07/22,10:45:23,     1,  4297,   401, 1016.7, 300, 0.0, 0.0, 0.0,  0, 0.0000,     1, 0.0,21.5, 0.0
M3,27/07/22,10:45:24,     1,  4298,   401, 1016.7, 300, 0.0, 0.0, 0.0,  0, 0.0000,     1, 0.0,21.5, 0.0
M3,27/07/22,10:45:25,     1,  4299,   401, 1016.7, 300, 0.0, 0.0, 0.0,  0, 0.0000,     1, 0.0,21.5, 0.0
M3,27/07/22,10:45:26,     1,  4300,   401, 1016.7, 300, 0.0, 0.0, 0.0,  0, 0.0000,     1, 0.0,21.5, 0.0
M3,27/07/22,10:45:27,     1,  4301,   401, 1016.7, 300, 0.0, 0.0, 0.0,  0, 0.0000,     1, 0.0,21.5, 0.0
M3,27/07/22,10:45:28,     1,  4302,   401, 1016.7, 300, 0.0, 0.0, 0.0,  0, 0.0000,     1, 0.0,21.5, 0.0
M3,27/07/22,10:45:29,     1,  4303,   401, 1016.7, 300, 0.0, 0.0, 0.0,  0, 0.0000,     1, 0.0,21.5, 0.0
M3,27/07/22,10:45:30,     1,  4304,   401, 1016.7, 300, 0.0, 0.0, 0.0,  0, 0.0000,     1, 0.0,21.5, 0.0
M3,27/07/22,10:45:31,     1,  4305,   400, 1016.7, 300, 0.0, 0.0, 0.0,  0, 0.0000,     1, 0.0,21.5, 0.0
M3,27/07/22,10:45:32,     1,  4306,   400, 1016.7, 300, 0.0, 0.0, 0.0,  0, 0.0000,     1, 0.0,21.5, 0.0
M3,27/07/22,10:45:33,     1,  4307,   400, 1016.7, 300, 0.0, 0.0, 0.0,  0, 0.0000,     1, 0.0,21.5, 0.0
M3,27/07/22,10:45:34,     1,  4308,   400, 1016.7, 300, 0.0, 0.0, 0.0,  0, 0.0000,     1, 0.0,21.5, 0.0
M3,27/07/22,10:45:35,     1,  4309,   400, 1016.7, 300, 0.0, 0.0, 0.0,  0, 0.0000,     1, 0.0,21.5, 0.0
M3,27/07/22,10:45:36,     1,  4310,   400, 1016.7, 300, 0.0, 0.0, 0.0,  0, 0.0000,     1, 0.0,21.5, 0.0
M3,27/07/22,10:45:37,     1,  4311,   401, 1016.7, 300, 0.0, 0.0, 0.0,  0, 0.0000,     1, 0.0,21.5, 0.0
M3,27/07/22,10:45:38,     1,  4312,   401, 1016.7, 300, 0.0, 0.0, 0.0,  0, 0.0000,     1, 0.0,21.5, 0.0
M3,27/07/22,10:45:39,     1,  4313,   401, 1016.7, 300, 0.0, 0.0, 0.0,  0, 0.0000,     1, 0.0,21.5, 0.0
M3,27/07/22,10:45:40,     1,  4314,   400, 1016.7, 300, 0.0, 0.0, 0.0,  0, 0.0000,     1, 0.0,21.5, 0.0
M3,27/07/22,10:45:41,     1,  4315,   400, 1016.7, 300, 0.0, 0.0, 0.0,  0, 0.0000,     1, 0.0,21.5, 0.0
M3,27/07/22,10:45:42,     1,  4316,   400, 1016.7, 300, 0.0, 0.0, 0.0,  0, 0.0000,     1, 0.0,21.5, 0.0
M3,27/07/22,10:45:43,     1,  4317,   401, 1016.7, 300, 0.0, 0.0, 0.0,  0, 0.0000,     1, 0.0,21.5, 0.0
M3,27/07/22,10:45:44,     1,  4318,   401, 1016.7, 300, 0.0, 0.0, 0.0,  0, 0.0000,     1, 0.0,21.5, 0.0
M3,27/07/22,10:45:45,     1,  4319,   401, 1016.7, 300, 0.0, 0.0, 0.0, 25, 0.0000,     1, 0.0,21.5, 0.0
M3,27/07/22,10:45:46,     1,  4320,   401, 1016.7, 300, 0.0, 0.0, 0.0, 25, 0.0000,     1, 0.0,21.4, 0.0
M3,27/07/22,10:45:47,     1,  4321,   401, 1016.7, 300, 0.0, 0.0, 0.0, 25, 0.0000,     1, 0.0,21.4, 0.0
M3,27/07/22,10:45:48,     1,  4322,   401, 1016.7, 300, 0.0, 0.0, 0.0, 25, 0.0000,     1, 0.0,21.4, 0.0
M3,27/07/22,10:45:49,     1,  4323,   401, 1016.7, 300, 0.0, 0.0, 0.0, 25, 0.0000,     1, 0.0,21.4, 0.0
M3,27/07/22,10:45:50,     1,  4324,   401, 1016.7, 300, 0.0, 0.0, 0.0,  0, 0.0000,     1, 0.0,21.4, 0.0
M3,27/07/22,10:45:51,     1,  4325,   401, 1016.7, 300, 0.0, 0.0, 0.0,  0, 0.0000,     1, 0.0,21.4, 0.0
M3,27/07/22,10:45:52,     1,  4326,   401, 1016.7, 300, 0.0, 0.0, 0.0,  0, 0.0000,     1, 0.0,21.4, 0.0
M3,27/07/22,10:45:53,     1,  4327,   401, 1016.7, 300, 0.0, 0.0, 0.0,  0, 0.0000,     1, 0.0,21.4, 0.0
M3,27/07/22,10:45:54,     1,  4328,   401, 1016.7, 300, 0.0, 0.0, 0.0,  0, 0.0000,     1, 0.0,21.4, 0.0
M3,27/07/22,10:45:55,     1,  4329,   402, 1016.7, 300, 0.0, 0.0, 0.0,  0, 0.0000,     1, 0.0,21.4, 0.0
M3,27/07/22,10:45:56,     1,  4330,   402, 1016.7, 300, 0.0, 0.0, 0.0,  0, 0.0000,     1, 0.0,21.4, 0.0
M3,27/07/22,10:45:57,     1,  4331,   402, 1016.7, 300, 0.0, 0.0, 0.0,  0, 0.0000,     1, 0.0,21.4, 0.0
M3,27/07/22,10:45:58,     1,  4332,   402, 1016.7, 300, 0.0, 0.0, 0.0,  0, 0.0000,     1, 0.0,21.4, 0.0
M3,27/07/22,10:45:59,     1,  4333,   402, 1016.7, 300, 0.0, 0.0, 0.0,  0, 0.0000,     1, 0.0,21.4, 0.0
M3,27/07/22,10:46:00,     1,  4334,   402, 1016.7, 300, 0.0, 0.0, 0.0,  0, 0.0000,     1, 0.0,21.4, 0.0
M3,27/07/22,10:46:01,     1,  4335,   402, 1016.7, 300, 0.0, 0.0, 0.0,  0, 0.0000,     1, 0.0,21.4, 0.0
M3,27/07/22,10:46:02,     1,  4336,   402, 1016.7, 300, 0.0, 0.0, 0.0,  0, 0.0000,     1, 0.0,21.4, 0.0
M3,27/07/22,10:46:03,     1,  4337,   402, 1016.7, 300, 0.0, 0.0, 0.0,  0, 0.0000,     1, 0.0,21.4, 0.0
M3,27/07/22,10:46:04,     1,  4338,   402, 1016.7, 300, 0.0, 0.0, 0.0,  0, 0.0000,     1, 0.0,21.4, 0.0
M3,27/07/22,10:46:06,     1,  4339,   402, 1016.7, 300, 0.0, 0.0, 0.0,  0, 0.0000,     1, 0.0,21.4, 0.0
M3,27/07/22,10:46:07,     1,  4340,   402, 1016.7, 300, 0.0, 0.0, 0.0,  0, 0.0000,     1, 0.0,21.4, 0.0
M3,27/07/22,10:46:08,     1,  4341,   402, 1016.7, 300, 0.0, 0.0, 0.0,  0, 0.0000,     1, 0.0,21.4, 0.0
M3,27/07/22,10:46:09,     1,  4342,   403, 1016.7, 300, 0.0, 0.0, 0.0,  0, 0.0000,     1, 0.0,21.4, 0.0
M3,27/07/22,10:46:10,     1,  4343,   403, 1016.7, 300, 0.0, 0.0, 0.0,  0, 0.0000,     1, 0.0,21.4, 0.0
M3,27/07/22,10:46:11,     1,  4344,   403, 1016.7, 300, 0.0, 0.0, 0.0,  0, 0.0000,     1, 0.0,21.4, 0.0
M3,27/07/22,10:46:12,     1,  4345,   403, 1016.7, 300, 0.0, 0.0, 0.0,  0, 0.0000,     1, 0.0,21.4, 0.0
M3,27/07/22,10:46:13,     1,  4346,   402, 1016.7, 300, 0.0, 0.0, 0.0,  0, 0.0000,     1, 0.0,21.4, 0.0
M3,27/07/22,10:46:14,     1,  4347,   402, 1016.7, 300, 0.0, 0.0, 0.0,  0, 0.0000,     1, 0.0,21.4, 0.0
M3,27/07/22,10:46:15,     1,  4348,   402, 1016.7, 300, 0.0, 0.0, 0.0,  0, 0.0000,     1, 0.0,21.4, 0.0
M3,27/07/22,10:46:16,     1,  4349,   403, 1016.7, 300, 0.0, 0.0, 0.0,  0, 0.0000,     1, 0.0,21.4, 0.0
M3,27/07/22,10:46:17,     1,  4350,   403, 1016.7, 300, 0.0, 0.0, 0.0,  0, 0.0000,     1, 0.0,21.4, 0.0
M3,27/07/22,10:46:18,     1,  4351,   403, 1016.7, 300, 0.0, 0.0, 0.0,  0, 0.0000,     1, 0.0,21.4, 0.0
M3,27/07/22,10:46:19,     1,  4352,   403, 1016.7, 300, 0.0, 0.0, 0.0,  0, 0.0000,     1, 0.0,21.4, 0.0
M3,27/07/22,10:46:20,     1,  4353,   404, 1016.7, 300, 0.0, 0.0, 0.0,  0, 0.0000,     1, 0.0,21.4, 0.0
M3,27/07/22,10:46:21,     1,  4354,   404, 1016.7, 300, 0.0, 0.0, 0.0,  0, 0.0000,     1, 0.0,21.4, 0.0
M3,27/07/22,10:46:22,     1,  4355,   404, 1016.7, 300, 0.0, 0.0, 0.0,  0, 0.0000,     1, 0.0,21.4, 0.0
M3,27/07/22,10:46:23,     1,  4356,   403, 1016.7, 300, 0.0, 0.0, 0.0,  0, 0.0000,     1, 0.0,21.4, 0.0
M3,27/07/22,10:46:24,     1,  4357,   403, 1016.7, 300, 0.0, 0.0, 0.0,  0, 0.0000,     1, 0.0,21.4, 0.0
M3,27/07/22,10:46:25,     1,  4358,   404, 1016.7, 300, 0.0, 0.0, 0.0,  0, 0.0000,     1, 0.0,21.4, 0.0
M3,27/07/22,10:46:26,     1,  4359,   404, 1016.7, 300, 0.0, 0.0, 0.0,  0, 0.0000,     1, 0.0,21.4, 0.0
M3,27/07/22,10:46:27,     1,  4360,   404, 1016.7, 300, 0.0, 0.0, 0.0,  0, 0.0000,     1, 0.0,21.4, 0.0
M3,27/07/22,10:46:28,     1,  4361,   404, 1016.7, 300, 0.0, 0.0, 0.0,  0, 0.0000,     1, 0.0,21.4, 0.0
M3,27/07/22,10:46:29,     1,  4362,   405, 1016.7, 300, 0.0, 0.0, 0.0,  0, 0.0000,     1, 0.0,21.4, 0.0
M3,27/07/22,10:46:30,     1,  4363,   405, 1016.7, 300, 0.0, 0.0, 0.0,  0, 0.0000,     1, 0.0,21.3, 0.0
M3,27/07/22,10:46:31,     1,  4364,   404, 1016.7, 300, 0.0, 0.0, 0.0,  0, 0.0000,     1, 0.0,21.3, 0.0
M3,27/07/22,10:46:32,     1,  4365,   404, 1016.7, 300, 0.0, 0.0, 0.0,  0, 0.0000,     1, 0.0,21.3, 0.0
M3,27/07/22,10:46:33,     1,  4366,   404, 1016.7, 300, 0.0, 0.0, 0.0,  0, 0.0000,     1, 0.0,21.3, 0.0
M3,27/07/22,10:46:34,     1,  4367,   404, 1016.7, 300, 0.0, 0.0, 0.0,  0, 0.0000,     1, 0.0,21.3, 0.0
M3,27/07/22,10:46:35,     1,  4368,   405, 1016.7, 300, 0.0, 0.0, 0.0,  0, 0.0000,     1, 0.0,21.3, 0.0
M3,27/07/22,10:46:36,     1,  4369,   405, 1016.7, 300, 0.0, 0.0, 0.0,  0, 0.0000,     1, 0.0,21.3, 0.0
M3,27/07/22,10:46:37,     1,  4370,   405, 1016.7, 300, 0.0, 0.0, 0.0,  0, 0.0000,     1, 0.0,21.3, 0.0
M3,27/07/22,10:46:38,     1,  4371,   405, 1016.7, 300, 0.0, 0.0, 0.0,  0, 0.0000,     1, 0.0,21.3, 0.0
M3,27/07/22,10:46:39,     1,  4372,   405, 1016.7, 300, 0.0, 0.0, 0.0,  0, 0.0000,     1, 0.0,21.3, 0.0
M3,27/07/22,10:46:40,     1,  4373,   406, 1016.7, 300, 0.0, 0.0, 0.0,  0, 0.0000,     1, 0.0,21.3, 0.0
M3,27/07/22,10:46:41,     1,  4374,   406, 1016.7, 300, 0.0, 0.0, 0.0,  0, 0.0000,     1, 0.0,21.3, 0.0
M3,27/07/22,10:46:42,     1,  4375,   406, 1016.7, 300, 0.0, 0.0, 0.0,  0, 0.0000,     1, 0.0,21.3, 0.0
M3,27/07/22,10:46:43,     1,  4376,   406, 1016.7, 300, 0.0, 0.0, 0.0,  0, 0.0000,     1, 0.0,21.3, 0.0
M3,27/07/22,10:46:44,     1,  4377,   406, 1016.7, 300, 0.0, 0.0, 0.0,  0, 0.0000,     1, 0.0,21.3, 0.0
M3,27/07/22,10:46:45,     1,  4378,   406, 1016.7, 300, 0.0, 0.0, 0.0,  0, 0.0000,     1, 0.0,21.3, 0.0
M3,27/07/22,10:46:46,     1,  4379,   406, 1016.7, 300, 0.0, 0.0, 0.0,  0, 0.0000,     1, 0.0,21.3, 0.0
Zero
M3,27/07/22,10:47:13,     1,  4406,   406, 1016.7, 300, 0.0, 0.0, 0.0,  0, 0.0000,     1, 0.0,21.3, 0.0
M3,27/07/22,10:47:14,     1,  4407,   407, 1016.7, 300, 0.0, 0.0, 0.0,  0, 0.0000,     1, 0.0,21.3, 0.0
M3,27/07/22,10:47:15,     1,  4408,   408, 1016.7, 300, 0.0, 0.0, 0.0,  0, 0.0000,     1, 0.0,21.3, 0.0
M3,27/07/22,10:47:16,     1,  4409,   409, 1016.7, 300, 0.0, 0.0, 0.0,  0, 0.0000,     1, 0.0,21.2, 0.0
M3,27/07/22,10:47:17,     1,  4410,   409, 1016.7, 300, 0.0, 0.0, 0.0,  0, 0.0000,     1, 0.0,21.2, 0.0
M3,27/07/22,10:47:18,     1,  4411,   410, 1016.7, 300, 0.0, 0.0, 0.0,  0, 0.0000,     1, 0.0,21.2, 0.0
M3,27/07/22,10:47:19,     1,  4412,   409, 1016.7, 300, 0.0, 0.0, 0.0,  0, 0.0000,     1, 0.0,21.2, 0.0
M3,27/07/22,10:47:20,     1,  4413,   409, 1016.7, 300, 0.0, 0.0, 0.0,  0, 0.0000,     1, 0.0,21.2, 0.0
M3,27/07/22,10:47:21,     1,  4414,   410, 1016.7, 300, 0.0, 0.0, 0.0,  0, 0.0000,     1, 0.0,21.2, 0.0
M3,27/07/22,10:47:22,     1,  4415,   410, 1016.7, 300, 0.0, 0.0, 0.0,  0, 0.0000,     1, 0.0,21.2, 0.0
M3,27/07/22,10:47:23,     1,  4416,   410, 1016.7, 299, 0.0, 0.0, 0.0,  0, 0.0000,     1, 0.0,21.2, 0.0
M3,27/07/22,10:47:24,     1,  4417,   410, 1016.7, 300, 0.0, 0.0, 0.0,  0, 0.0000,     1, 0.0,21.2, 0.0
M3,27/07/22,10:47:25,     1,  4418,   410, 1016.7, 300, 0.0, 0.0, 0.0,  0, 0.0000,     1, 0.0,21.2, 0.0
M3,27/07/22,10:47:26,     1,  4419,   410, 1016.7, 300, 0.0, 0.0, 0.0,  0, 0.0000,     1, 0.0,21.2, 0.0
M3,27/07/22,10:47:27,     1,  4420,   410, 1016.7, 300, 0.0, 0.0, 0.0,  0, 0.0000,     1, 0.0,21.2, 0.0
M3,27/07/22,10:47:28,     1,  4421,   411, 1016.7, 300, 0.0, 0.0, 0.0,  0, 0.0000,     1, 0.0,21.2, 0.0
M3,27/07/22,10:47:29,     1,  4422,   411, 1016.7, 300, 0.0, 0.0, 0.0,  0, 0.0000,     1, 0.0,21.2, 0.0
M3,27/07/22,10:47:30,     1,  4423,   412, 1016.7, 300, 0.0, 0.0, 0.0,  0, 0.0000,     1, 0.0,21.2, 0.0
M3,27/07/22,10:47:31,     1,  4424,   412, 1016.7, 300, 0.0, 0.0, 0.0,  0, 0.0000,     1, 0.0,21.2, 0.0
M3,27/07/22,10:47:32,     1,  4425,   412, 1016.7, 300, 0.0, 0.0, 0.0,  0, 0.0000,     1, 0.0,21.2, 0.0
M3,27/07/22,10:47:33,     1,  4426,   412, 1016.7, 300, 0.0, 0.0, 0.0,  0, 0.0000,     1, 0.0,21.2, 0.0
M3,27/07/22,10:47:34,     1,  4427,   412, 1016.7, 300, 0.0, 0.0, 0.0,  0, 0.0000,     1, 0.0,21.2, 0.0
M3,27/07/22,10:47:35,     1,  4428,   412, 1016.7, 300, 0.0, 0.0, 0.0,  0, 0.0000,     1, 0.0,21.2, 0.0
M3,27/07/22,10:47:36,     1,  4429,   412, 1016.7, 300, 0.0, 0.0, 0.0,  0, 0.0000,     1, 0.0,21.2, 0.0
M3,27/07/22,10:47:37,     1,  4430,   412, 1016.7, 300, 0.0, 0.0, 0.0,  0, 0.0000,     1, 0.0,21.2, 0.0
M3,27/07/22,10:47:38,     1,  4431,   412, 1016.7, 300, 0.0, 0.0, 0.0,  0, 0.0000,     1, 0.0,21.2, 0.0
