Tag(M3),Date,Time,Plot_No,Rec_No,CO2,Pressure,Flow,H2O,Tsen,O2,Error,Aux_V,PAR,Tsoil,Tair,Msoil
M3,04/07/22,09:37:57,     1,  1442,   403, 1019.7, 300, 0.0, 0.0, 0.0, 61, 0.0000,  1048, 0.0,21.2, 	 220M3,04/07/22,09:37:58,     1,  1443,   403, 1019.7, 300, 0.0, 0.0, 0.0,  0, 0.0000,  1049, 0.0,21.3, 0.0
M3,04/07/22,09:37:59,     1,  1444,   402, 1019.7, 300, 0.0, 0.0, 0.0, 52, 0.0000,  1053, 0.0,21.3, 0.0
M3,04/07/22,09:38:00,     1,  1445,   402, 1019.7, 300, 0.0, 0.0, 0.0,  0, 0.0000,  1058, 0.0,21.3, 0.0
M3,04/07/22,09:38:01,     1,  1446,   402, 1019.7, 300, 0.0, 0.0, 0.0,  0, 0.0000,  1064, 0.0,21.3, 0.0
M3,04/07/22,09:38:02,     1,  1447,   402, 1019.7, 300, 0.0, 0.0, 0.0,  0, 0.0000,  1068, 0.0,21.4, 0.0
M3,04/07/22,09:38:03,     1,  1448,   402, 1019.7, 300, 0.0, 0.0, 0.0,  0, 0.0000,  1072, 0.0,21.4, 0.0
M3,04/07/22,09:38:04,     1,  1449,   402, 1019.7, 300, 0.0, 0.0, 0.0,  0, 0.0000,  1075, 0.0,21.4, 0.0
M3,04/07/22,09:38:05,     1,  1450,   402, 1019.7, 300, 0.0, 0.0, 0.0,  0, 0.0000,  1077, 0.0,21.4, 0.0
M3,04/07/22,09:38:06,     1,  1451,   402, 1019.7, 300, 0.0, 0.0, 0.0,  0, 0.0000,  1076, 0.0,21.4, 0.0
M3,04/07/22,09:38:07,     1,  1452,   402, 1019.7, 300, 0.0, 0.0, 0.0,  0, 0.0000,  1076, 0.0,21.5, 0.0
M3,04/07/22,09:38:08,     1,  1453,   401, 1019.7, 300, 0.0, 0.0, 0.0,  0, 0.0000,  1076, 0.0,21.5, 0.0
M3,04/07/22,09:38:09,     1,  1454,   401, 1019.7, 300, 0.0, 0.0, 0.0,  0, 0.0000,  1075, 0.0,21.5, 0.0
M3,04/07/22,09:38:10,     1,  1455,   401, 1019.7, 300, 0.0, 0.0, 0.0,  0, 0.0000,  1075, 0.0,21.5, 0.0
M3,04/07/22,09:38:11,     1,  1456,   401, 1019.7, 300, 0.0, 0.0, 0.0,  0, 0.0000,  1077, 0.0,21.5, 0.0
M3,04/07/22,09:38:12,     1,  1457,   401, 1019.7, 300, 0.0, 0.0, 0.0,  0, 0.0000,  1080, 0.0,21.6, 0.0
M3,04/07/22,09:38:13,     1,  1458,   401, 1019.7, 300, 0.0, 0.0, 0.0,  0, 0.0000,  1081, 0.0,21.6, 0.0
M3,04/07/22,09:38:14,     1,  1459,   401, 1019.7, 300, 0.0, 0.0, 0.0,  0, 0.0000,  1081, 0.0,21.6, 0.0
