Tag(M3),Date,Time,Plot_No,Rec_No,CO2,Pressure,Flow,H2O,Tsen,O2,Error,Aux_V,PAR,Tsoil,Tair,Msoil
M3,15/07/22,12:09:17,     1, 11806,   419, 1022.3, 300, 0.0, 0.0, 0.0, 61, 0.0000,     0, 0.0,23.6, 0.0
M3,15/07/22,12:09:18,     1, 11807,   419, 1022.3, 300, 0.0, 0.0, 0.0,  0, 0.0000,     0, 0.0,23.6, 0.0
M3,15/07/22,12:09:19,     1, 11808,   419, 1022.3, 300, 0.0, 0.0, 0.0,  0, 0.0000,     0, 0.0,23.6, 0.0
M3,15/07/22,12:09:20,     1, 11809,   419, 1022.3, 300, 0.0, 0.0, 0.0,  0, 0.0000,     0, 0.0,23.6, 0.0
M3,15/07/22,12:09:21,     1, 11810,   418, 1022.3, 300, 0.0, 0.0, 0.0,  0, 0.0000,     0, 0.0,23.6, 0.0
M3,15/07/22,12:09:22,     1, 11811,   419, 1022.3, 300, 0.0, 0.0, 0.0,  0, 0.0000,     0, 0.0,23.6, 0.0
M3,15/07/22,12:09:23,     1, 11812,   419, 1022.3, 300, 0.0, 0.0, 0.0,  0, 0.0000,     0, 0.0,23.6, 0.0
M3,15/07/22,12:09:24,     1, 11813,   419, 1022.3, 300, 0.0, 0.0, 0.0,  0, 0.0000,     0, 0.0,23.6, 0.0
M3,15/07/22,12:09:25,     1, 11814,   419, 1022.3, 300, 0.0, 0.0, 0.0,  0, 0.0000,     0, 0.0,23.6, 0.0
M3,15/07/22,12:09:26,     1, 11815,   419, 1022.3, 300, 0.0, 0.0, 0.0,  0, 0.0000,     0, 0.0,23.5, 0.0
M3,15/07/22,12:09:27,     1, 11816,   419, 1022.3, 300, 0.0, 0.0, 0.0,  0, 0.0000,     0, 0.0,23.5, 0.0
M3,15/07/22,12:09:28,     1, 11817,   419, 1022.3, 300, 0.0, 0.0, 0.0,  0, 0.0000,     0, 0.0,23.5, 0.0
M3,15/07/22,12:09:29,     1, 11818,   419, 1022.3, 300, 0.0, 0.0, 0.0,  0, 0.0000,     0, 0.0,23.5, 0.0
M3,15/07/22,12:09:30,     1, 11819,   418, 1022.3, 300, 0.0, 0.0, 0.0,  0, 0.0000,     0, 0.0,23.5, 0.0
M3,15/07/22,12:09:31,     1, 11820,   418, 1022.3, 300, 0.0, 0.0, 0.0,  0, 0.0000,     0, 0.0,23.5, 0.0
M3,15/07/22,12:09:32,     1, 11821,   418, 1022.3, 300, 0.0, 0.0, 0.0,  0, 0.0000,     0, 0.0,23.5, 0.0
M3,15/07/22,12:09:33,     1, 11822,   418, 1022.3, 300, 0.0, 0.0, 0.0,  0, 0.0000,     0, 0.0,23.5, 0.0
M3,15/07/22,12:09:34,     1, 11823,   418, 1022.3, 300, 0.0, 0.0, 0.0,  0, 0.0000,     0, 0.0,23.5, 0.0
M3,15/07/22,12:09:35,     1, 11824,   418, 1022.3, 300, 0.0, 0.0, 0.0,  0, 0.0000,     0, 0.0,23.5, 0.0
M3,15/07/22,12:09:36,     1, 11825,   418, 1022.3, 300, 0.0, 0.0, 0.0,  0, 0.0000,     0, 0.0,23.5, 0.0
M3,15/07/22,12:09:37,     1, 11826,   419, 1022.3, 300, 0.0, 0.0, 0.0,  0, 0.0000,     0, 0.0,23.5, 0.0
M3,15/07/22,12:09:38,     1, 11827,   419, 1022.3, 300, 0.0, 0.0, 0.0,  0, 0.0000,     0, 0.0,23.5, 0.0
M3,15/07/22,12:09:39,     1, 11828,   419, 1022.3, 300, 0.0, 0.0, 0.0,  0, 0.0000,     0, 0.0,23.5, 0.0
M3,15/07/22,12:09:40,     1, 11829,   419, 1022.3, 300, 0.0, 0.0, 0.0,  0, 0.0000,     0, 0.0,23.5, 0.0
M3,15/07/22,12:09:41,     1, 11830,   419, 1022.3, 300, 0.0, 0.0, 0.0,  0, 0.0000,     0, 0.0,23.5, 0.0
M3,15/07/22,12:09:42,     1, 11831,   418, 1022.3, 300, 0.0, 0.0, 0.0,  0, 0.0000,     0, 0.0,23.5, 0.0
M3,15/07/22,12:09:43,     1, 11832,   418, 1022.3, 300, 0.0, 0.0, 0.0,  0, 0.0000,     0, 0.0,23.5, 0.0
M3,15/07/22,12:09:44,     1, 11833,   418, 1022.3, 300, 0.0, 0.0, 0.0,  0, 0.0000,     0, 0.0,23.5, 0.0
M3,15/07/22,12:09:45,     1, 11834,   419, 1022.3, 300, 0.0, 0.0, 0.0,  0, 0.0000,     0, 0.0,23.5, 0.0
M3,15/07/22,12:09:46,     1, 11835,   419, 1022.3, 300, 0.0, 0.0, 0.0,  0, 0.0000,     0, 0.0,23.4, 0.0
M3,15/07/22,12:09:47,     1, 11836,   419, 1022.3, 300, 0.0, 0.0, 0.0,  0, 0.0000,     0, 0.0,23.4, 0.0
M3,15/07/22,12:09:48,     1, 11837,   418, 1022.3, 300, 0.0, 0.0, 0.0,  0, 0.0000,     0, 0.0,23.4, 0.0
M3,15/07/22,12:09:49,     1, 11838,   418, 1022.3, 300, 0.0, 0.0, 0.0,  0, 0.0000,     0, 0.0,23.4, 0.0
M3,15/07/22,12:09:50,     1, 11839,   418, 1022.3, 300, 0.0, 0.0, 0.0,  0, 0.0000,     0, 0.0,23.4, 0.0
M3,15/07/22,12:09:51,     1, 11840,   419, 1022.3, 300, 0.0, 0.0, 0.0,  0, 0.0000,     0, 0.0,23.4, 0.0
M3,15/07/22,12:09:52,     1, 11841,   419, 1022.3, 300, 0.0, 0.0, 0.0,  0, 0.0000,     0, 0.0,23.4, 0.0
M3,15/07/22,12:09:53,     1, 11842,   419, 1022.3, 300, 0.0, 0.0, 0.0,  0, 0.0000,     0, 0.0,23.4, 0.0
M3,15/07/22,12:09:54,     1, 11843,   419, 1022.3, 300, 0.0, 0.0, 0.0,  0, 0.0000,     0, 0.0,23.4, 0.0
M3,15/07/22,12:09:55,     1, 11844,   419, 1022.3, 300, 0.0, 0.0, 0.0,  0, 0.0000,     0, 0.0,23.4, 0.0
M3,15/07/22,12:09:56,     1, 11845,   419, 1022.3, 300, 0.0, 0.0, 0.0,  0, 0.0000,     0, 0.0,23.4, 0.0
M3,15/07/22,12:09:57,     1, 11846,   419, 1022.3, 300, 0.0, 0.0, 0.0,  0, 0.0000,     0, 0.0,23.4, 0.0
M3,15/07/22,12:09:58,     1, 11847,   420, 1022.3, 300, 0.0, 0.0, 0.0,  0, 0.0000,     0, 0.0,23.4, 0.0
M3,15/07/22,12:09:59,     1, 11848,   420, 1022.3, 300, 0.0, 0.0, 0.0,  0, 0.0000,     0, 0.0,23.4, 0.0
M3,15/07/22,12:10:00,     1, 11849,   420, 1022.3, 300, 0.0, 0.0, 0.0,  0, 0.0000,     0, 0.0,23.4, 0.0
M3,15/07/22,12:10:01,     1, 11850,   420, 1022.3, 300, 0.0, 0.0, 0.0,  0, 0.0000,     0, 0.0,23.4, 0.0
M3,15/07/22,12:10:02,     1, 11851,   419, 1022.3, 300, 0.0, 0.0, 0.0,  0, 0.0000,     0, 0.0,23.4, 0.0
M3,15/07/22,12:10:03,     1, 11852,   419, 1022.3, 300, 0.0, 0.0, 0.0,  0, 0.0000,     0, 0.0,23.4, 0.0
M3,15/07/22,12:10:04,     1, 11853,   419, 1022.3, 300, 0.0, 0.0, 0.0,  0, 0.0000,     0, 0.0,23.3, 0.0
M3,15/07/22,12:10:05,     1, 11854,   419, 1022.3, 300, 0.0, 0.0, 0.0,  0, 0.0000,     0, 0.0,23.3, 0.0
M3,15/07/22,12:10:06,     1, 11855,   419, 1022.3, 300, 0.0, 0.0, 0.0,  0, 0.0000,     0, 0.0,23.3, 0.0
M3,15/07/22,12:10:07,     1, 11856,   420, 1022.3, 300, 0.0, 0.0, 0.0,  0, 0.0000,     0, 0.0,23.3, 0.0
M3,15/07/22,12:10:08,     1, 11857,   420, 1022.3, 300, 0.0, 0.0, 0.0,  0, 0.0000,     0, 0.0,23.3, 0.0
M3,15/07/22,12:10:09,     1, 11858,   420, 1022.3, 300, 0.0, 0.0, 0.0,  0, 0.0000,     0, 0.0,23.3, 0.0
M3,15/07/22,12:10:10,     1, 11859,   420, 1022.3, 300, 0.0, 0.0, 0.0,  0, 0.0000,     0, 0.0,23.3, 0.0
M3,15/07/22,12:10:11,     1, 11860,   420, 1022.3, 300, 0.0, 0.0, 0.0,  0, 0.0000,     0, 0.0,23.3, 0.0
M3,15/07/22,12:10:12,     1, 11861,   420, 1022.3, 300, 0.0, 0.0, 0.0,  0, 0.0000,     0, 0.0,23.3, 0.0
M3,15/07/22,12:10:13,     1, 11862,   420, 1022.3, 300, 0.0, 0.0, 0.0,  0, 0.0000,     0, 0.0,23.3, 0.0
M3,15/07/22,12:10:14,     1, 11863,   420, 1022.3, 300, 0.0, 0.0, 0.0,  0, 0.0000,     0, 0.0,23.3, 0.0
M3,15/07/22,12:10:15,     1, 11864,   420, 1022.3, 300, 0.0, 0.0, 0.0,  0, 0.0000,     0, 0.0,23.3, 0.0
M3,15/07/22,12:10:16,     1, 11865,   421, 1022.3, 300, 0.0, 0.0, 0.0,  0, 0.0000,     0, 0.0,23.3, 0.0
M3,15/07/22,12:10:17,     1, 11866,   421, 1022.3, 300, 0.0, 0.0, 0.0,  0, 0.0000,     0, 0.0,23.3, 0.0
M3,15/07/22,12:10:18,     1, 11867,   421, 1022.3, 300, 0.0, 0.0, 0.0,  0, 0.0000,     0, 0.0,23.3, 0.0
M3,15/07/22,12:10:19,     1, 11868,   421, 1022.3, 300, 0.0, 0.0, 0.0,  0, 0.0000,     0, 0.0,23.3, 0.0
M3,15/07/22,12:10:20,     1, 11869,   421, 1022.3, 300, 0.0, 0.0, 0.0,  0, 0.0000,     0, 0.0,23.3, 0.0
M3,15/07/22,12:10:21,     1, 11870,   420, 1022.3, 300, 0.0, 0.0, 0.0,  0, 0.0000,     0, 0.0,23.3, 0.0
M3,15/07/22,12:10:22,     1, 11871,   421, 1022.3, 300, 0.0, 0.0, 0.0,  0, 0.0000,     0, 0.0,23.3, 0.0
M3,15/07/22,12:10:23,     1, 11872,   421, 1022.3, 300, 0.0, 0.0, 0.0,  0, 0.0000,     0, 0.0,23.3, 0.0
M3,15/07/22,12:10:24,     1, 11873,   421, 1022.3, 300, 0.0, 0.0, 0.0,  0, 0.0000,     0, 0.0,23.2, 0.0
M3,15/07/22,12:10:25,     1, 11874,   421, 1022.3, 300, 0.0, 0.0, 0.0,  0, 0.0000,     0, 0.0,23.2, 0.0
M3,15/07/22,12:10:26,     1, 11875,   422, 1022.3, 300, 0.0, 0.0, 0.0,  0, 0.0000,     0, 0.0,23.2, 0.0
M3,15/07/22,12:10:27,     1, 11876,   422, 1022.3, 300, 0.0, 0.0, 0.0,  0, 0.0000,     0, 0.0,23.2, 0.0
M3,15/07/22,12:10:28,     1, 11877,   422, 1022.3, 300, 0.0, 0.0, 0.0,  0, 0.0000,     0, 0.0,23.2, 0.0
M3,15/07/22,12:10:29,     1, 11878,   422, 1022.3, 300, 0.0, 0.0, 0.0,  0, 0.0000,     0, 0.0,23.2, 0.0
M3,15/07/22,12:10:30,     1, 11879,   422, 1022.3, 300, 0.0, 0.0, 0.0,  0, 0.0000,     0, 0.0,23.2, 0.0
M3,15/07/22,12:10:31,     1, 11880,   422, 1022.3, 300, 0.0, 0.0, 0.0,  0, 0.0000,     0, 0.0,23.2, 0.0
M3,15/07/22,12:10:32,     1, 11881,   422, 1022.3, 300, 0.0, 0.0, 0.0,  0, 0.0000,     0, 0.0,23.2, 0.0
M3,15/07/22,12:10:33,     1, 11882,   422, 1022.3, 300, 0.0, 0.0, 0.0,  0, 0.0000,     0, 0.0,23.2, 0.0
M3,15/07/22,12:10:34,     1, 11883,   422, 1022.3, 300, 0.0, 0.0, 0.0,  0, 0.0000,     0, 0.0,23.2, 0.0
M3,15/07/22,12:10:35,     1, 11884,   422, 1022.3, 300, 0.0, 0.0, 0.0,  0, 0.0000,     0, 0.0,23.2, 0.0
M3,15/07/22,12:10:36,     1, 11885,   422, 1022.3, 300, 0.0, 0.0, 0.0,  0, 0.0000,     0, 0.0,23.2, 0.0
M3,15/07/22,12:10:37,     1, 11886,   422, 1022.3, 300, 0.0, 0.0, 0.0,  0, 0.0000,     0, 0.0,23.2, 0.0
M3,15/07/22,12:10:38,     1, 11887,   422, 1022.3, 300, 0.0, 0.0, 0.0,  0, 0.0000,     0, 0.0,23.2, 0.0
M3,15/07/22,12:10:39,     1, 11888,   422, 1022.3, 300, 0.0, 0.0, 0.0,  0, 0.0000,     0, 0.0,23.2, 0.0
M3,15/07/22,12:10:40,     1, 11889,   422, 1022.3, 300, 0.0, 0.0, 0.0,  0, 0.0000,     0, 0.0,23.2, 0.0
M3,15/07/22,12:10:41,     1, 11890,   423, 1022.3, 300, 0.0, 0.0, 0.0,  0, 0.0000,     0, 0.0,23.2, 0.0
M3,15/07/22,12:10:42,     1, 11891,   423, 1022.3, 300, 0.0, 0.0, 0.0,  0, 0.0000,     0, 0.0,23.2, 0.0
M3,15/07/22,12:10:43,     1, 11892,   423, 1022.3, 300, 0.0, 0.0, 0.0,  0, 0.0000,     0, 0.0,23.2, 0.0
M3,15/07/22,12:10:44,     1, 11893,   422, 1022.3, 300, 0.0, 0.0, 0.0,  0, 0.0000,     0, 0.0,23.1, 0.0
M3,15/07/22,12:10:45,     1, 11894,   422, 1022.3, 300, 0.0, 0.0, 0.0,  0, 0.0000,     0, 0.0,23.1, 0.0
M3,15/07/22,12:10:46,     1, 11895,   422, 1022.3, 300, 0.0, 0.0, 0.0,  0, 0.0000,     0, 0.0,23.1, 0.0
M3,15/07/22,12:10:47,     1, 11896,   423, 1022.3, 300, 0.0, 0.0, 0.0,  0, 0.0000,     0, 0.0,23.1, 0.0
M3,15/07/22,12:10:48,     1, 11897,   423, 1022.3, 300, 0.0, 0.0, 0.0,  0, 0.0000,     0, 0.0,23.1, 0.0
M3,15/07/22,12:10:49,     1, 11898,   423, 1022.3, 300, 0.0, 0.0, 0.0,  0, 0.0000,     0, 0.0,23.1, 0.0
M3,15/07/22,12:10:50,     1, 11899,   423, 1022.3, 300, 0.0, 0.0, 0.0,  0, 0.0000,     0, 0.0,23.1, 0.0
M3,15/07/22,12:10:51,     1, 11900,   423, 1022.3, 300, 0.0, 0.0, 0.0,  0, 0.0000,     0, 0.0,23.1, 0.0
M3,15/07/22,12:10:52,     1, 11901,   422, 1022.3, 300, 0.0, 0.0, 0.0,  0, 0.0000,     0, 0.0,23.1, 0.0
M3,15/07/22,12:10:53,     1, 11902,   422, 1022.3, 300, 0.0, 0.0, 0.0,  0, 0.0000,     0, 0.0,23.1, 0.0
M3,15/07/22,12:10:54,     1, 11903,   422, 1022.3, 300, 0.0, 0.0, 0.0,  0, 0.0000,     0, 0.0,23.1, 0.0
M3,15/07/22,12:10:55,     1, 11904,   423, 1022.3, 300, 0.0, 0.0, 0.0,  0, 0.0000,     0, 0.0,23.1, 0.0
M3,15/07/22,12:10:56,     1, 11905,   423, 1022.3, 300, 0.0, 0.0, 0.0,  0, 0.0000,     0, 0.0,23.1, 0.0
M3,15/07/22,12:10:57,     1, 11906,   423, 1022.3, 300, 0.0, 0.0, 0.0,  0, 0.0000,     0, 0.0,23.1, 0.0
M3,15/07/22,12:10:58,     1, 11907,   423, 1022.3, 300, 0.0, 0.0, 0.0,  0, 0.0000,     0, 0.0,23.1, 0.0
M3,15/07/22,12:10:59,     1, 11908,   424, 1022.3, 300, 0.0, 0.0, 0.0,  0, 0.0000,     0, 0.0,23.1, 0.0
M3,15/07/22,12:11:00,     1, 11909,   424, 1022.2, 300, 0.0, 0.0, 0.0,  0, 0.0000,     0, 0.0,23.1, 0.0
M3,15/07/22,12:11:01,     1, 11910,   423, 1022.2, 300, 0.0, 0.0, 0.0,  0, 0.0000,     0, 0.0,23.1, 0.0
M3,15/07/22,12:11:02,     1, 11911,   423, 1022.2, 300, 0.0, 0.0, 0.0,  0, 0.0000,     0, 0.0,23.1, 0.0
M3,15/07/22,12:11:03,     1, 11912,   424, 1022.2, 300, 0.0, 0.0, 0.0,  0, 0.0000,     0, 0.0,23.1, 0.0
M3,15/07/22,12:11:04,     1, 11913,   424, 1022.2, 300, 0.0, 0.0, 0.0,  0, 0.0000,     0, 0.0,23.0, 0.0
M3,15/07/22,12:11:05,     1, 11914,   424, 1022.2, 300, 0.0, 0.0, 0.0,  0, 0.0000,     0, 0.0,23.0, 0.0
M3,15/07/22,12:11:06,     1, 11915,   424, 1022.2, 300, 0.0, 0.0, 0.0,  0, 0.0000,     0, 0.0,23.0, 0.0
M3,15/07/22,12:11:07,     1, 11916,   424, 1022.2, 300, 0.0, 0.0, 0.0,  0, 0.0000,     0, 0.0,23.0, 0.0
M3,15/07/22,12:11:08,     1, 11917,   424, 1022.2, 300, 0.0, 0.0, 0.0,  0, 0.0000,     0, 0.0,23.0, 0.0
M3,15/07/22,12:11:09,     1, 11918,   424, 1022.2, 300, 0.0, 0.0, 0.0,  0, 0.0000,     0, 0.0,23.0, 0.0
M3,15/07/22,12:11:10,     1, 11919,   424, 1022.2, 300, 0.0, 0.0, 0.0,  0, 0.0000,     0, 0.0,23.0, 0.0
M3,15/07/22,12:11:11,     1, 11920,   424, 1022.2, 300, 0.0, 0.0, 0.0,  0, 0.0000,     0, 0.0,23.0, 0.0
M3,15/07/22,12:11:12,     1, 11921,   424, 1022.2, 300, 0.0, 0.0, 0.0,  0, 0.0000,     0, 0.0,23.0, 0.0
M3,15/07/22,12:11:13,     1, 11922,   425, 1022.2, 300, 0.0, 0.0, 0.0,  0, 0.0000,     0, 0.0,23.0, 0.0
M3,15/07/22,12:11:14,     1, 11923,   425, 1022.2, 300, 0.0, 0.0, 0.0,  0, 0.0000,     0, 0.0,23.0, 0.0
M3,15/07/22,12:11:15,     1, 11924,   425, 1022.2, 300, 0.0, 0.0, 0.0,  0, 0.0000,     0, 0.0,23.0, 0.0
M3,15/07/22,12:11:16,     1, 11925,   425, 1022.2, 300, 0.0, 0.0, 0.0,  0, 0.0000,     0, 0.0,23.0, 0.0
M3,15/07/22,12:11:17,     1, 11926,   425, 1022.2, 300, 0.0, 0.0, 0.0,  0, 0.0000,     0, 0.0,23.0, 0.0
M3,15/07/22,12:11:18,     1, 11927,   425, 1022.2, 300, 0.0, 0.0, 0.0,  0, 0.0000,     0, 0.0,23.0, 0.0
M3,15/07/22,12:11:19,     1, 11928,   425, 1022.2, 300, 0.0, 0.0, 0.0,  0, 0.0000,     0, 0.0,23.0, 0.0
M3,15/07/22,12:11:20,     1, 11929,   425, 1022.2, 300, 0.0, 0.0, 0.0,  0, 0.0000,     0, 0.0,23.0, 0.0
M3,15/07/22,12:11:21,     1, 11930,   426, 1022.2, 300, 0.0, 0.0, 0.0,  0, 0.0000,     0, 0.0,23.0, 0.0
M3,15/07/22,12:11:22,     1, 11931,   426, 1022.2, 300, 0.0, 0.0, 0.0,  0, 0.0000,     0, 0.0,23.0, 0.0
M3,15/07/22,12:11:23,     1, 11932,   426, 1022.2, 300, 0.0, 0.0, 0.0,  0, 0.0000,     0, 0.0,23.0, 0.0
M3,15/07/22,12:11:24,     1, 11933,   426, 1022.2, 300, 0.0, 0.0, 0.0,  0, 0.0000,     0, 0.0,23.0, 0.0
M3,15/07/22,12:11:25,     1, 11934,   426, 1022.2, 300, 0.0, 0.0, 0.0,  0, 0.0000,     0, 0.0,23.0, 0.0
M3,15/07/22,12:11:26,     1, 11935,   426, 1022.2, 300, 0.0, 0.0, 0.0,  0, 0.0000,     0, 0.0,22.9, 0.0
M3,15/07/22,12:11:27,     1, 11936,   426, 1022.2, 300, 0.0, 0.0, 0.0,  0, 0.0000,     0, 0.0,22.9, 0.0
M3,15/07/22,12:11:28,     1, 11937,   426, 1022.2, 300, 0.0, 0.0, 0.0,  0, 0.0000,     0, 0.0,22.9, 0.0
M3,15/07/22,12:11:30,     1, 11938,   426, 1022.2, 300, 0.0, 0.0, 0.0,  0, 0.0000,     0, 0.0,22.9, 0.0
M3,15/07/22,12:11:31,     1, 11939,   426, 1022.2, 300, 0.0, 0.0, 0.0,  0, 0.0000,     0, 0.0,22.9, 0.0
M3,15/07/22,12:11:32,     1, 11940,   426, 1022.2, 300, 0.0, 0.0, 0.0,  0, 0.0000,     0, 0.0,22.9, 0.0
M3,15/07/22,12:11:33,     1, 11941,   426, 1022.2, 300, 0.0, 0.0, 0.0,  0, 0.0000,     0, 0.0,22.9, 0.0
M3,15/07/22,12:11:34,     1, 11942,   426, 1022.2, 300, 0.0, 0.0, 0.0,  0, 0.0000,     0, 0.0,22.9, 0.0
M3,15/07/22,12:11:35,     1, 11943,   426, 1022.2, 300, 0.0, 0.0, 0.0,  0, 0.0000,     0, 0.0,22.9, 0.0
M3,15/07/22,12:11:36,     1, 11944,   426, 1022.2, 300, 0.0, 0.0, 0.0,  0, 0.0000,     0, 0.0,22.9, 0.0
M3,15/07/22,12:11:37,     1, 11945,   426, 1022.2, 300, 0.0, 0.0, 0.0,  0, 0.0000,     0, 0.0,22.9, 0.0
M3,15/07/22,12:11:38,     1, 11946,   426, 1022.2, 300, 0.0, 0.0, 0.0,  0, 0.0000,     0, 0.0,22.9, 0.0
M3,15/07/22,12:11:39,     1, 11947,   426, 1022.2, 300, 0.0, 0.0, 0.0,  0, 0.0000,     0, 0.0,22.9, 0.0
M3,15/07/22,12:11:40,     1, 11948,   426, 1022.2, 300, 0.0, 0.0, 0.0,  0, 0.0000,     0, 0.0,22.9, 0.0
M3,15/07/22,12:11:41,     1, 11949,   426, 1022.2, 300, 0.0, 0.0, 0.0,  0, 0.0000,     0, 0.0,22.9, 0.0
M3,15/07/22,12:11:42,     1, 11950,   426, 1022.2, 300, 0.0, 0.0, 0.0,  0, 0.0000,     0, 0.0,22.9, 0.0
M3,15/07/22,12:11:43,     1, 11951,   426, 1022.2, 300, 0.0, 0.0, 0.0,  0, 0.0000,     0, 0.0,22.9, 0.0
M3,15/07/22,12:11:44,     1, 11952,   426, 1022.2, 300, 0.0, 0.0, 0.0,  0, 0.0000,     0, 0.0,22.9, 0.0
M3,15/07/22,12:11:45,     1, 11953,   426, 1022.2, 300, 0.0, 0.0, 0.0,  0, 0.0000,     0, 0.0,22.9, 0.0
M3,15/07/22,12:11:46,     1, 11954,   426, 1022.2, 300, 0.0, 0.0, 0.0,  0, 0.0000,     0, 0.0,22.9, 0.0
M3,15/07/22,12:11:47,     1, 11955,   426, 1022.2, 300, 0.0, 0.0, 0.0,  0, 0.0000,     0, 0.0,22.9, 0.0
M3,15/07/22,12:11:48,     1, 11956,   426, 1022.2, 300, 0.0, 0.0, 0.0,  0, 0.0000,     0, 0.0,22.9, 0.0
M3,15/07/22,12:11:49,     1, 11957,   426, 1022.2, 300, 0.0, 0.0, 0.0,  0, 0.0000,     0, 0.0,22.9, 0.0
M3,15/07/22,12:11:50,     1, 11958,   426, 1022.2, 300, 0.0, 0.0, 0.0,  0, 0.0000,     0, 0.0,22.9, 0.0
M3,15/07/22,12:11:51,     1, 11959,   427, 1022.2, 300, 0.0, 0.0, 0.0,  0, 0.0000,     0, 0.0,22.9, 0.0
M3,15/07/22,12:11:52,     1, 11960,   427, 1022.2, 300, 0.0, 0.0, 0.0,  0, 0.0000,     0, 0.0,22.9, 0.0
M3,15/07/22,12:11:53,     1, 11961,   427, 1022.2, 300, 0.0, 0.0, 0.0,  0, 0.0000,     0, 0.0,22.9, 0.0
M3,15/07/22,12:11:54,     1, 11962,   427, 1022.2, 300, 0.0, 0.0, 0.0,  0, 0.0000,     0, 0.0,22.9, 0.0
M3,15/07/22,12:11:55,     1, 11963,   428, 1022.2, 300, 0.0, 0.0, 0.0,  0, 0.0000,     0, 0.0,22.8, 0.0
M3,15/07/22,12:11:56,     1, 11964,   428, 1022.2, 300, 0.0, 0.0, 0.0,  0, 0.0000,     0, 0.0,22.8, 0.0
M3,15/07/22,12:11:57,     1, 11965,   428, 1022.2, 300, 0.0, 0.0, 0.0,  0, 0.0000,     0, 0.0,22.8, 0.0
M3,15/07/22,12:11:58,     1, 11966,   428, 1022.2, 300, 0.0, 0.0, 0.0,  0, 0.0000,     0, 0.0,22.8, 0.0
M3,15/07/22,12:11:59,     1, 11967,   428, 1022.2, 300, 0.0, 0.0, 0.0,  0, 0.0000,     0, 0.0,22.8, 0.0
M3,15/07/22,12:12:00,     1, 11968,   428, 1022.2, 300, 0.0, 0.0, 0.0,  0, 0.0000,     0, 0.0,22.8, 0.0
M3,15/07/22,12:12:01,     1, 11969,   428, 1022.2, 300, 0.0, 0.0, 0.0,  0, 0.0000,     0, 0.0,22.8, 0.0
M3,15/07/22,12:12:02,     1, 11970,   428, 1022.2, 300, 0.0, 0.0, 0.0,  0, 0.0000,     0, 0.0,22.8, 0.0
M3,15/07/22,12:12:03,     1, 11971,   428, 1022.2, 300, 0.0, 0.0, 0.0,  0, 0.0000,     0, 0.0,22.8, 0.0
M3,15/07/22,12:12:04,     1, 11972,   428, 1022.2, 300, 0.0, 0.0, 0.0,  0, 0.0000,     0, 0.0,22.8, 0.0
M3,15/07/22,12:12:05,     1, 11973,   428, 1022.2, 300, 0.0, 0.0, 0.0,  0, 0.0000,     0, 0.0,22.8, 0.0
M3,15/07/22,12:12:06,     1, 11974,   428, 1022.2, 300, 0.0, 0.0, 0.0,  0, 0.0000,     0, 0.0,22.8, 0.0
M3,15/07/22,12:12:07,     1, 11975,   428, 1022.2, 300, 0.0, 0.0, 0.0,  0, 0.0000,     0, 0.0,22.8, 0.0
M3,15/07/22,12:12:08,     1, 11976,   428, 1022.2, 300, 0.0, 0.0, 0.0,  0, 0.0000,     0, 0.0,22.8, 0.0
M3,15/07/22,12:12:09,     1, 11977,   429, 1022.2, 300, 0.0, 0.0, 0.0,  0, 0.0000,     0, 0.0,22.8, 0.0
M3,15/07/22,12:12:10,     1, 11978,   429, 1022.2, 300, 0.0, 0.0, 0.0,  0, 0.0000,     0, 0.0,22.8, 0.0
M3,15/07/22,12:12:11,     1, 11979,   429, 1022.2, 300, 0.0, 0.0, 0.0,  0, 0.0000,     0, 0.0,22.8, 0.0
M3,15/07/22,12:12:12,     1, 11980,   429, 1022.2, 300, 0.0, 0.0, 0.0,  0, 0.0000,     0, 0.0,22.8, 0.0
M3,15/07/22,12:12:13,     1, 11981,   429, 1022.2, 300, 0.0, 0.0, 0.0,  0, 0.0000,     0, 0.0,22.8, 0.0
M3,15/07/22,12:12:14,     1, 11982,   429, 1022.2, 300, 0.0, 0.0, 0.0,  0, 0.0000,     0, 0.0,22.8, 0.0
M3,15/07/22,12:12:15,     1, 11983,   429, 1022.2, 300, 0.0, 0.0, 0.0,  0, 0.0000,     0, 0.0,22.8, 0.0
M3,15/07/22,12:12:16,     1, 11984,   429, 1022.2, 300, 0.0, 0.0, 0.0,  0, 0.0000,     0, 0.0,22.8, 0.0
M3,15/07/22,12:12:17,     1, 11985,   429, 1022.2, 300, 0.0, 0.0, 0.0,  0, 0.0000,     0, 0.0,22.8, 0.0
M3,15/07/22,12:12:18,     1, 11986,   429, 1022.2, 300, 0.0, 0.0, 0.0,  0, 0.0000,     0, 0.0,22.8, 0.0
M3,15/07/22,12:12:19,     1, 11987,   429, 1022.2, 300, 0.0, 0.0, 0.0,  0, 0.0000,     0, 0.0,22.7, 0.0
M3,15/07/22,12:12:20,     1, 11988,   429, 1022.2, 300, 0.0, 0.0, 0.0,  0, 0.0000,     0, 0.0,22.7, 0.0
M3,15/07/22,12:12:21,     1, 11989,   430, 1022.2, 300, 0.0, 0.0, 0.0,  0, 0.0000,     0, 0.0,22.7, 0.0
M3,15/07/22,12:12:22,     1, 11990,   430, 1022.2, 300, 0.0, 0.0, 0.0,  0, 0.0000,     0, 0.0,22.7, 0.0
M3,15/07/22,12:12:23,     1, 11991,   430, 1022.2, 300, 0.0, 0.0, 0.0,  0, 0.0000,     0, 0.0,22.7, 0.0
M3,15/07/22,12:12:24,     1, 11992,   430, 1022.2, 300, 0.0, 0.0, 0.0,  0, 0.0000,     0, 0.0,22.7, 0.0
M3,15/07/22,12:12:25,     1, 11993,   430, 1022.2, 300, 0.0, 0.0, 0.0,  0, 0.0000,     0, 0.0,22.7, 0.0
M3,15/07/22,12:12:26,     1, 11994,   430, 1022.2, 300, 0.0, 0.0, 0.0,  0, 0.0000,     0, 0.0,22.7, 0.0
M3,15/07/22,12:12:27,     1, 11995,   430, 1022.1, 300, 0.0, 0.0, 0.0,  0, 0.0000,     0, 0.0,22.7, 0.0
M3,15/07/22,12:12:28,     1, 11996,   430, 1022.1, 300, 0.0, 0.0, 0.0,  0, 0.0000,     0, 0.0,22.7, 0.0
M3,15/07/22,12:12:29,     1, 11997,   431, 1022.1, 300, 0.0, 0.0, 0.0,  0, 0.0000,     0, 0.0,22.7, 0.0
M3,15/07/22,12:12:30,     1, 11998,   431, 1022.1, 300, 0.0, 0.0, 0.0,  0, 0.0000,     0, 0.0,22.7, 0.0
M3,15/07/22,12:12:31,     1, 11999,   431, 1022.1, 300, 0.0, 0.0, 0.0,  0, 0.0000,     0, 0.0,22.7, 0.0
M3,15/07/22,12:12:32,     1, 12000,   431, 1022.1, 300, 0.0, 0.0, 0.0,  0, 0.0000,     0, 0.0,22.7, 0.0
M3,15/07/22,12:12:33,     1, 12001,   431, 1022.1, 300, 0.0, 0.0, 0.0,  0, 0.0000,     0, 0.0,22.7, 0.0
M3,15/07/22,12:12:34,     1, 12002,   431, 1022.1, 300, 0.0, 0.0, 0.0,  0, 0.0000,     0, 0.0,22.7, 0.0
M3,15/07/22,12:12:35,     1, 12003,   431, 1022.2, 300, 0.0, 0.0, 0.0,  0, 0.0000,     0, 0.0,22.7, 0.0
M3,15/07/22,12:12:36,     1, 12004,   431, 1022.2, 300, 0.0, 0.0, 0.0,  0, 0.0000,     0, 0.0,22.7, 0.0
M3,15/07/22,12:12:37,     1, 12005,   431, 1022.2, 300, 0.0, 0.0, 0.0,  0, 0.0000,     0, 0.0,22.7, 0.0
M3,15/07/22,12:12:38,     1, 12006,   431, 1022.2, 300, 0.0, 0.0, 0.0,  0, 0.0000,     0, 0.0,22.7, 0.0
M3,15/07/22,12:12:39,     1, 12007,   431, 1022.2, 300, 0.0, 0.0, 0.0,  0, 0.0000,     0, 0.0,22.7, 0.0
M3,15/07/22,12:12:40,     1, 12008,   431, 1022.2, 300, 0.0, 0.0, 0.0,  0, 0.0000,     0, 0.0,22.7, 0.0
M3,15/07/22,12:12:41,     1, 12009,   431, 1022.2, 300, 0.0, 0.0, 0.0,  0, 0.0000,     0, 0.0,22.7, 0.0
M3,15/07/22,12:12:42,     1, 12010,   431, 1022.2, 300, 0.0, 0.0, 0.0,  0, 0.0000,     0, 0.0,22.7, 0.0
M3,15/07/22,12:12:43,     1, 12011,   431, 1022.2, 300, 0.0, 0.0, 0.0,  0, 0.0000,     0, 0.0,22.7, 0.0
M3,15/07/22,12:12:44,     1, 12012,   431, 1022.2, 300, 0.0, 0.0, 0.0,  0, 0.0000,     0, 0.0,22.7, 0.0
M3,15/07/22,12:12:45,     1, 12013,   431, 1022.2, 300, 0.0, 0.0, 0.0,  0, 0.0000,     0, 0.0,22.7, 0.0
M3,15/07/22,12:12:46,     1, 12014,   431, 1022.2, 300, 0.0, 0.0, 0.0,  0, 0.0000,     0, 0.0,22.7, 0.0
M3,15/07/22,12:12:47,     1, 12015,   431, 1022.2, 300, 0.0, 0.0, 0.0,  0, 0.0000,     0, 0.0,22.7, 0.0
M3,15/07/22,12:12:48,     1, 12016,   431, 1022.2, 300, 0.0, 0.0, 0.0,  0, 0.0000,     0, 0.0,22.7, 0.0
M3,15/07/22,12:12:49,     1, 12017,   431, 1022.2, 300, 0.0, 0.0, 0.0,  0, 0.0000,     0, 0.0,22.6, 0.0
M3,15/07/22,12:12:50,     1, 12018,   431, 1022.2, 300, 0.0, 0.0, 0.0,  0, 0.0000,     0, 0.0,22.6, 0.0
M3,15/07/22,12:12:51,     1, 12019,   431, 1022.2, 300, 0.0, 0.0, 0.0,  0, 0.0000,     0, 0.0,22.6, 0.0
M3,15/07/22,12:12:52,     1, 12020,   431, 1022.1, 300, 0.0, 0.0, 0.0,  0, 0.0000,     0, 0.0,22.6, 0.0
M3,15/07/22,12:12:53,     1, 12021,   431, 1022.1, 300, 0.0, 0.0, 0.0,  0, 0.0000,     0, 0.0,22.6, 0.0
M3,15/07/22,12:12:54,     1, 12022,   431, 1022.1, 300, 0.0, 0.0, 0.0,  0, 0.0000,     4, 0.0,22.6, 0.0
M3,15/07/22,12:12:55,     1, 12023,   431, 1022.1, 300, 0.0, 0.0, 0.0,  0, 0.0000,  1125, 0.0,22.6, 0.0
M3,15/07/22,12:12:56,     1, 12024,   431, 1022.2, 300, 0.0, 0.0, 0.0,  0, 0.0000,  1884, 0.0,22.6, 0.0
M3,15/07/22,12:12:57,     1, 12025,   431, 1022.2, 300, 0.0, 0.0, 0.0,  0, 0.0000,  1884, 0.0,22.7, 0.0
M3,15/07/22,12:12:58,     1, 12026,   431, 1022.2, 300, 0.0, 0.0, 0.0,  0, 0.0000,  1868, 0.0,22.7, 0.0
M3,15/07/22,12:12:59,     1, 12027,   431, 1022.2, 300, 0.0, 0.0, 0.0,  0, 0.0000,  1862, 0.0,22.7, 0.0
M3,15/07/22,12:13:00,     1, 12028,   431, 1022.2, 300, 0.0, 0.0, 0.0,  0, 0.0000,  1866, 0.0,22.7, 0.0
M3,15/07/22,12:13:01,     1, 12029,   431, 1022.2, 300, 0.0, 0.0, 0.0,  0, 0.0000,  1883, 0.0,22.7, 0.0
M3,15/07/22,12:13:02,     1, 12030,   431, 1022.2, 300, 0.0, 0.0, 0.0,  0, 0.0000,  1892, 0.0,22.7, 0.0
M3,15/07/22,12:13:03,     1, 12031,   431, 1022.2, 300, 0.0, 0.0, 0.0,  0, 0.0000,  1895, 0.0,22.7, 0.0
M3,15/07/22,12:13:04,     1, 12032,   431, 1022.2, 300, 0.0, 0.0, 0.0,  0, 0.0000,  1891, 0.0,22.7, 0.0
M3,15/07/22,12:13:05,     1, 12033,   431, 1022.2, 300, 0.0, 0.0, 0.0,  0, 0.0000,  1881, 0.0,22.8, 0.0
M3,15/07/22,12:13:06,     1, 12034,   431, 1022.2, 300, 0.0, 0.0, 0.0,  0, 0.0000,  1483, 0.0,22.7, 0.0
M3,15/07/22,12:13:07,     1, 12035,   430, 1022.2, 300, 0.0, 0.0, 0.0,  0, 0.0000,  1591, 0.0,22.5, 0.0
M3,15/07/22,12:13:08,     1, 12036,   430, 1022.3, 296, 0.0, 0.0, 0.0,  0, 0.0000,  1909, 0.0,22.4, 0.0
M3,15/07/22,12:13:09,     1, 12037,   429, 1022.5, 298, 0.0, 0.0, 0.0,  0, 0.0000,  1800, 0.0,22.3, 0.0
M3,15/07/22,12:13:10,     1, 12038,   426, 1022.4, 304, 0.0, 0.0, 0.0,  0, 0.0000,  1506, 0.0,22.2, 0.0
M3,15/07/22,12:13:11,     1, 12039,   423, 1022.4, 302, 0.0, 0.0, 0.0,  0, 0.0000,   337, 0.0,22.1, 0.0
M3,15/07/22,12:13:12,     1, 12040,   421, 1022.3, 300, 0.0, 0.0, 0.0,  0, 0.0000,   286, 0.0,22.0, 0.0
M3,15/07/22,12:13:13,     1, 12041,   419, 1022.3, 300, 0.0, 0.0, 0.0,  0, 0.0000,   209, 0.0,22.0, 0.0
M3,15/07/22,12:13:14,     1, 12042,   418, 1022.2, 300, 0.0, 0.0, 0.0,  0, 0.0000,   235, 0.0,22.0, 0.0
M3,15/07/22,12:13:15,     1, 12043,   418, 1022.2, 300, 0.0, 0.0, 0.0,  0, 0.0000,   290, 0.0,22.0, 0.0
M3,15/07/22,12:13:16,     1, 12044,   418, 1022.2, 300, 0.0, 0.0, 0.0,  0, 0.0000,   261, 0.0,22.0, 0.0
M3,15/07/22,12:13:17,     1, 12045,   418, 1022.2, 300, 0.0, 0.0, 0.0,  0, 0.0000,   282, 0.0,22.0, 0.0
M3,15/07/22,12:13:18,     1, 12046,   418, 1022.2, 300, 0.0, 0.0, 0.0,  0, 0.0000,   260, 0.0,22.0, 0.0
M3,15/07/22,12:13:19,     1, 12047,   418, 1022.2, 300, 0.0, 0.0, 0.0,  0, 0.0000,   252, 0.0,22.0, 0.0
M3,15/07/22,12:13:20,     1, 12048,   419, 1022.1, 300, 0.0, 0.0, 0.0,  0, 0.0000,   266, 0.0,22.0, 0.0
M3,15/07/22,12:13:21,     1, 12049,   420, 1022.1, 300, 0.0, 0.0, 0.0,  0, 0.0000,   276, 0.0,21.9, 0.0
M3,15/07/22,12:13:22,     1, 12050,   421, 1022.1, 300, 0.0, 0.0, 0.0,  0, 0.0000,   272, 0.0,21.9, 0.0
M3,15/07/22,12:13:23,     1, 12051,   420, 1022.1, 300, 0.0, 0.0, 0.0,  0, 0.0000,   270, 0.0,21.9, 0.0
M3,15/07/22,12:13:24,     1, 12052,   420, 1022.1, 300, 0.0, 0.0, 0.0,  0, 0.0000,   241, 0.0,21.9, 0.0
M3,15/07/22,12:13:25,     1, 12053,   420, 1022.1, 300, 0.0, 0.0, 0.0,  0, 0.0000,   243, 0.0,21.8, 0.0
M3,15/07/22,12:13:26,     1, 12054,   420, 1022.1, 300, 0.0, 0.0, 0.0,  0, 0.0000,   274, 0.0,21.7, 0.0
M3,15/07/22,12:13:27,     1, 12055,   420, 1022.1, 300, 0.0, 0.0, 0.0,  0, 0.0000,   242, 0.0,21.6, 0.0
M3,15/07/22,12:13:28,     1, 12056,   420, 1022.1, 300, 0.0, 0.0, 0.0,  0, 0.0000,   257, 0.0,21.6, 0.0
M3,15/07/22,12:13:29,     1, 12057,   421, 1022.1, 300, 0.0, 0.0, 0.0,  0, 0.0000,   295, 0.0,21.6, 0.0
M3,15/07/22,12:13:30,     1, 12058,   421, 1022.1, 300, 0.0, 0.0, 0.0,  0, 0.0000,   291, 0.0,21.6, 0.0
M3,15/07/22,12:13:31,     1, 12059,   422, 1022.0, 300, 0.0, 0.0, 0.0,  0, 0.0000,   286, 0.0,21.6, 0.0
M3,15/07/22,12:13:32,     1, 12060,   421, 1022.0, 300, 0.0, 0.0, 0.0,  0, 0.0000,   298, 0.0,21.6, 0.0
M3,15/07/22,12:13:33,     1, 12061,   421, 1022.0, 300, 0.0, 0.0, 0.0,  0, 0.0000,   295, 0.0,21.6, 0.0
M3,15/07/22,12:13:34,     1, 12062,   421, 1022.0, 301, 0.0, 0.0, 0.0,  0, 0.0000,   294, 0.0,21.6, 0.0
M3,15/07/22,12:13:35,     1, 12063,   421, 1022.0, 300, 0.0, 0.0, 0.0,  0, 0.0000,   378, 0.0,21.4, 0.0
M3,15/07/22,12:13:36,     1, 12064,   422, 1022.0, 299, 0.0, 0.0, 0.0,  0, 0.0000,   322, 0.0,21.0, 0.0
M3,15/07/22,12:13:37,     1, 12065,   421, 1022.0, 300, 0.0, 0.0, 0.0,  0, 0.0000,   295, 0.0,20.8, 0.0
M3,15/07/22,12:13:38,     1, 12066,   421, 1022.0, 300, 0.0, 0.0, 0.0,  0, 0.0000,   324, 0.0,20.7, 0.0
M3,15/07/22,12:13:39,     1, 12067,   421, 1022.0, 300, 0.0, 0.0, 0.0,  0, 0.0000,   343, 0.0,20.7, 0.0
M3,15/07/22,12:13:40,     1, 12068,   420, 1022.0, 300, 0.0, 0.0, 0.0,  0, 0.0000,   404, 0.0,20.7, 0.0
M3,15/07/22,12:13:41,     1, 12069,   420, 1022.0, 301, 0.0, 0.0, 0.0,  0, 0.0000,   384, 0.0,20.7, 0.0
M3,15/07/22,12:13:42,     1, 12070,   419, 1022.0, 300, 0.0, 0.0, 0.0,  0, 0.0000,   393, 0.0,20.8, 0.0
M3,15/07/22,12:13:43,     1, 12071,   420, 1022.0, 299, 0.0, 0.0, 0.0,  0, 0.0000,   328, 0.0,20.9, 0.0
M3,15/07/22,12:13:44,     1, 12072,   420, 1022.0, 300, 0.0, 0.0, 0.0,  0, 0.0000,   244, 0.0,21.0, 0.0
M3,15/07/22,12:13:45,     1, 12073,   419, 1022.0, 300, 0.0, 0.0, 0.0,  0, 0.0000,    83, 0.0,21.2, 0.0
M3,15/07/22,12:13:46,     1, 12074,   419, 1022.0, 300, 0.0, 0.0, 0.0,  0, 0.0000,    87, 0.0,21.3, 0.0
M3,15/07/22,12:13:47,     1, 12075,   419, 1022.0, 300, 0.0, 0.0, 0.0,  0, 0.0000,    87, 0.0,21.4, 0.0
M3,15/07/22,12:13:48,     1, 12076,   420, 1022.1, 300, 0.0, 0.0, 0.0,  0, 0.0000,    84, 0.0,21.4, 0.0
M3,15/07/22,12:13:49,     1, 12077,   420, 1022.1, 300, 0.0, 0.0, 0.0,  0, 0.0000,    76, 0.0,21.5, 0.0
M3,15/07/22,12:13:50,     1, 12078,   420, 1022.1, 300, 0.0, 0.0, 0.0,  0, 0.0000,    82, 0.0,21.6, 0.0
M3,15/07/22,12:13:51,     1, 12079,   420, 1022.1, 300, 0.0, 0.0, 0.0,  0, 0.0000,    81, 0.0,21.6, 0.0
M3,15/07/22,12:13:52,     1, 12080,   420, 1022.1, 300, 0.0, 0.0, 0.0,  0, 0.0000,    84, 0.0,21.7, 0.0
M3,15/07/22,12:13:53,     1, 12081,   420, 1022.1, 300, 0.0, 0.0, 0.0,  0, 0.0000,    87, 0.0,21.7, 0.0
M3,15/07/22,12:13:54,     1, 12082,   420, 1022.1, 300, 0.0, 0.0, 0.0,  0, 0.0000,    87, 0.0,21.8, 0.0
M3,15/07/22,12:13:55,     1, 12083,   420, 1022.1, 300, 0.0, 0.0, 0.0,  0, 0.0000,    86, 0.0,21.8, 0.0
M3,15/07/22,12:13:56,     1, 12084,   420, 1022.1, 300, 0.0, 0.0, 0.0,  0, 0.0000,    83, 0.0,21.8, 0.0
M3,15/07/22,12:13:57,     1, 12085,   419, 1022.1, 300, 0.0, 0.0, 0.0,  0, 0.0000,    83, 0.0,21.9, 0.0
M3,15/07/22,12:13:59,     1, 12086,   418, 1022.1, 300, 0.0, 0.0, 0.0,  0, 0.0000,    82, 0.0,21.9, 0.0
M3,15/07/22,12:14:00,     1, 12087,   418, 1022.2, 300, 0.0, 0.0, 0.0,  0, 0.0000,    82, 0.0,21.9, 0.0
M3,15/07/22,12:14:01,     1, 12088,   419, 1022.2, 300, 0.0, 0.0, 0.0,  0, 0.0000,    83, 0.0,21.9, 0.0
M3,15/07/22,12:14:02,     1, 12089,   419, 1022.1, 300, 0.0, 0.0, 0.0,  0, 0.0000,    83, 0.0,21.9, 0.0
M3,15/07/22,12:14:03,     1, 12090,   419, 1022.1, 300, 0.0, 0.0, 0.0,  0, 0.0000,    83, 0.0,22.0, 0.0
M3,15/07/22,12:14:04,     1, 12091,   419, 1022.1, 300, 0.0, 0.0, 0.0,  0, 0.0000,    83, 0.0,22.0, 0.0
M3,15/07/22,12:14:05,     1, 12092,   418, 1022.1, 300, 0.0, 0.0, 0.0,  0, 0.0000,    83, 0.0,22.0, 0.0
M3,15/07/22,12:14:06,     1, 12093,   418, 1022.1, 300, 0.0, 0.0, 0.0,  0, 0.0000,    83, 0.0,22.0, 0.0
M3,15/07/22,12:14:07,     1, 12094,   418, 1022.1, 300, 0.0, 0.0, 0.0,  0, 0.0000,    81, 0.0,22.0, 0.0
M3,15/07/22,12:14:08,     1, 12095,   418, 1022.1, 300, 0.0, 0.0, 0.0,  0, 0.0000,    76, 0.0,22.0, 0.0
M3,15/07/22,12:14:09,     1, 12096,   418, 1022.1, 300, 0.0, 0.0, 0.0,  0, 0.0000,    68, 0.0,22.1, 0.0
M3,15/07/22,12:14:10,     1, 12097,   418, 1022.1, 300, 0.0, 0.0, 0.0,  0, 0.0000,    62, 0.0,22.1, 0.0
M3,15/07/22,12:14:11,     1, 12098,   418, 1022.1, 300, 0.0, 0.0, 0.0,  0, 0.0000,    57, 0.0,22.1, 0.0
M3,15/07/22,12:14:12,     1, 12099,   418, 1022.1, 300, 0.0, 0.0, 0.0,  0, 0.0000,    57, 0.0,22.1, 0.0
M3,15/07/22,12:14:13,     1, 12100,   418, 1022.1, 300, 0.0, 0.0, 0.0,  0, 0.0000,    57, 0.0,22.1, 0.0
M3,15/07/22,12:14:14,     1, 12101,   417, 1022.1, 300, 0.0, 0.0, 0.0,  0, 0.0000,    56, 0.0,22.1, 0.0
M3,15/07/22,12:14:15,     1, 12102,   418, 1022.1, 300, 0.0, 0.0, 0.0,  0, 0.0000,    57, 0.0,22.1, 0.0
M3,15/07/22,12:14:16,     1, 12103,   418, 1022.1, 300, 0.0, 0.0, 0.0,  0, 0.0000,    54, 0.0,22.1, 0.0
M3,15/07/22,12:14:17,     1, 12104,   418, 1022.1, 300, 0.0, 0.0, 0.0,  0, 0.0000,    53, 0.0,22.1, 0.0
M3,15/07/22,12:14:18,     1, 12105,   418, 1022.1, 300, 0.0, 0.0, 0.0,  0, 0.0000,    54, 0.0,22.1, 0.0
M3,15/07/22,12:14:19,     1, 12106,   418, 1022.1, 300, 0.0, 0.0, 0.0,  0, 0.0000,    52, 0.0,22.1, 0.0
M3,15/07/22,12:14:20,     1, 12107,   418, 1022.1, 300, 0.0, 0.0, 0.0,  0, 0.0000,    38, 0.0,22.1, 0.0
M3,15/07/22,12:14:21,     1, 12108,   418, 1022.1, 300, 0.0, 0.0, 0.0,  0, 0.0000,    29, 0.0,22.1, 0.0
M3,15/07/22,12:14:22,     1, 12109,   418, 1022.1, 300, 0.0, 0.0, 0.0,  0, 0.0000,    26, 0.0,22.1, 0.0
M3,15/07/22,12:14:23,     1, 12110,   419, 1022.1, 300, 0.0, 0.0, 0.0,  0, 0.0000,    24, 0.0,22.1, 0.0
M3,15/07/22,12:14:24,     1, 12111,   420, 1022.1, 300, 0.0, 0.0, 0.0,  0, 0.0000,    24, 0.0,22.1, 0.0
M3,15/07/22,12:14:25,     1, 12112,   420, 1022.1, 300, 0.0, 0.0, 0.0,  0, 0.0000,    25, 0.0,22.1, 0.0
M3,15/07/22,12:14:26,     1, 12113,   420, 1022.1, 300, 0.0, 0.0, 0.0,  0, 0.0000,    25, 0.0,22.1, 0.0
M3,15/07/22,12:14:27,     1, 12114,   419, 1022.1, 300, 0.0, 0.0, 0.0,  0, 0.0000,    27, 0.0,22.1, 0.0
M3,15/07/22,12:14:28,     1, 12115,   419, 1022.1, 300, 0.0, 0.0, 0.0,  0, 0.0000,    30, 0.0,22.1, 0.0
M3,15/07/22,12:14:29,     1, 12116,   418, 1022.1, 300, 0.0, 0.0, 0.0,  0, 0.0000,    28, 0.0,22.1, 0.0
M3,15/07/22,12:14:30,     1, 12117,   418, 1022.1, 300, 0.0, 0.0, 0.0,  0, 0.0000,    23, 0.0,22.1, 0.0
M3,15/07/22,12:14:31,     1, 12118,   418, 1022.1, 300, 0.0, 0.0, 0.0,  0, 0.0000,    22, 0.0,22.1, 0.0
M3,15/07/22,12:14:32,     1, 12119,   419, 1022.1, 300, 0.0, 0.0, 0.0,  0, 0.0000,    27, 0.0,22.1, 0.0
M3,15/07/22,12:14:33,     1, 12120,   419, 1022.1, 300, 0.0, 0.0, 0.0,  0, 0.0000,    32, 0.0,22.1, 0.0
M3,15/07/22,12:14:34,     1, 12121,   419, 1022.1, 300, 0.0, 0.0, 0.0,  0, 0.0000,    40, 0.0,22.1, 0.0
M3,15/07/22,12:14:35,     1, 12122,   419, 1022.1, 300, 0.0, 0.0, 0.0,  0, 0.0000,    58, 0.0,22.1, 0.0
M3,15/07/22,12:14:36,     1, 12123,   419, 1022.1, 300, 0.0, 0.0, 0.0,  0, 0.0000,    72, 0.0,22.1, 0.0
M3,15/07/22,12:14:37,     1, 12124,   420, 1022.1, 300, 0.0, 0.0, 0.0,  0, 0.0000,    81, 0.0,22.1, 0.0
M3,15/07/22,12:14:38,     1, 12125,   421, 1022.1, 300, 0.0, 0.0, 0.0,  0, 0.0000,    84, 0.0,22.1, 0.0
M3,15/07/22,12:14:39,     1, 12126,   422, 1022.1, 300, 0.0, 0.0, 0.0,  0, 0.0000,    84, 0.0,22.1, 0.0
M3,15/07/22,12:14:40,     1, 12127,   421, 1022.1, 300, 0.0, 0.0, 0.0,  0, 0.0000,    85, 0.0,22.1, 0.0
M3,15/07/22,12:14:41,     1, 12128,   420, 1022.1, 300, 0.0, 0.0, 0.0,  0, 0.0000,    85, 0.0,22.1, 0.0
M3,15/07/22,12:14:42,     1, 12129,   420, 1022.1, 300, 0.0, 0.0, 0.0,  0, 0.0000,    85, 0.0,22.1, 0.0
M3,15/07/22,12:14:43,     1, 12130,   420, 1022.1, 300, 0.0, 0.0, 0.0,  0, 0.0000,    85, 0.0,22.1, 0.0
M3,15/07/22,12:14:44,     1, 12131,   419, 1022.1, 300, 0.0, 0.0, 0.0,  0, 0.0000,    85, 0.0,22.1, 0.0
M3,15/07/22,12:14:45,     1, 12132,   419, 1022.1, 300, 0.0, 0.0, 0.0,  0, 0.0000,    84, 0.0,22.1, 0.0
M3,15/07/22,12:14:46,     1, 12133,   418, 1022.1, 300, 0.0, 0.0, 0.0,  0, 0.0000,    84, 0.0,22.1, 0.0
M3,15/07/22,12:14:47,     1, 12134,   418, 1022.1, 300, 0.0, 0.0, 0.0,  0, 0.0000,    84, 0.0,22.1, 0.0
M3,15/07/22,12:14:48,     1, 12135,   417, 1022.1, 300, 0.0, 0.0, 0.0,  0, 0.0000,    84, 0.0,22.1, 0.0
M3,15/07/22,12:14:49,     1, 12136,   417, 1022.1, 300, 0.0, 0.0, 0.0,  0, 0.0000,    85, 0.0,22.1, 0.0
M3,15/07/22,12:14:50,     1, 12137,   418, 1022.1, 300, 0.0, 0.0, 0.0,  0, 0.0000,    85, 0.0,22.1, 0.0
M3,15/07/22,12:14:51,     1, 12138,   418, 1022.1, 300, 0.0, 0.0, 0.0,  0, 0.0000,    84, 0.0,22.1, 0.0
M3,15/07/22,12:14:52,     1, 12139,   418, 1022.1, 300, 0.0, 0.0, 0.0,  0, 0.0000,    82, 0.0,22.1, 0.0
M3,15/07/22,12:14:53,     1, 12140,   419, 1022.1, 300, 0.0, 0.0, 0.0,  0, 0.0000,    75, 0.0,22.1, 0.0
M3,15/07/22,12:14:54,     1, 12141,   419, 1022.1, 300, 0.0, 0.0, 0.0,  0, 0.0000,    67, 0.0,22.1, 0.0
M3,15/07/22,12:14:55,     1, 12142,   420, 1022.1, 300, 0.0, 0.0, 0.0,  0, 0.0000,    69, 0.0,22.1, 0.0
M3,15/07/22,12:14:56,     1, 12143,   419, 1022.1, 300, 0.0, 0.0, 0.0,  0, 0.0000,    76, 0.0,22.1, 0.0
M3,15/07/22,12:14:57,     1, 12144,   419, 1022.1, 300, 0.0, 0.0, 0.0,  0, 0.0000,    81, 0.0,22.1, 0.0
M3,15/07/22,12:14:58,     1, 12145,   419, 1022.1, 300, 0.0, 0.0, 0.0,  0, 0.0000,    81, 0.0,22.1, 0.0
M3,15/07/22,12:14:59,     1, 12146,   419, 1022.1, 300, 0.0, 0.0, 0.0,  0, 0.0000,    77, 0.0,22.1, 0.0
M3,15/07/22,12:15:00,     1, 12147,   419, 1022.1, 300, 0.0, 0.0, 0.0,  0, 0.0000,    78, 0.0,22.1, 0.0
M3,15/07/22,12:15:01,     1, 12148,   419, 1022.1, 300, 0.0, 0.0, 0.0,  0, 0.0000,    77, 0.0,22.1, 0.0
M3,15/07/22,12:15:02,     1, 12149,   419, 1022.1, 300, 0.0, 0.0, 0.0,  0, 0.0000,    68, 0.0,22.1, 0.0
M3,15/07/22,12:15:03,     1, 12150,   420, 1022.1, 300, 0.0, 0.0, 0.0,  0, 0.0000,    59, 0.0,22.1, 0.0
M3,15/07/22,12:15:04,     1, 12151,   420, 1022.1, 300, 0.0, 0.0, 0.0,  0, 0.0000,    57, 0.0,22.1, 0.0
M3,15/07/22,12:15:05,     1, 12152,   420, 1022.1, 300, 0.0, 0.0, 0.0,  0, 0.0000,    60, 0.0,22.1, 0.0
M3,15/07/22,12:15:06,     1, 12153,   420, 1022.1, 300, 0.0, 0.0, 0.0,  0, 0.0000,    60, 0.0,22.1, 0.0
M3,15/07/22,12:15:07,     1, 12154,   420, 1022.1, 300, 0.0, 0.0, 0.0,  0, 0.0000,    65, 0.0,22.1, 0.0
M3,15/07/22,12:15:08,     1, 12155,   419, 1022.1, 300, 0.0, 0.0, 0.0,  0, 0.0000,    50, 0.0,22.1, 0.0
M3,15/07/22,12:15:09,     1, 12156,   419, 1022.1, 300, 0.0, 0.0, 0.0,  0, 0.0000,    53, 0.0,22.1, 0.0
M3,15/07/22,12:15:10,     1, 12157,   419, 1022.1, 300, 0.0, 0.0, 0.0,  0, 0.0000,    83, 0.0,22.1, 0.0
M3,15/07/22,12:15:11,     1, 12158,   419, 1022.1, 300, 0.0, 0.0, 0.0,  0, 0.0000,    85, 0.0,22.1, 0.0
M3,15/07/22,12:15:12,     1, 12159,   419, 1022.1, 300, 0.0, 0.0, 0.0,  0, 0.0000,    85, 0.0,22.1, 0.0
M3,15/07/22,12:15:13,     1, 12160,   419, 1022.1, 300, 0.0, 0.0, 0.0,  0, 0.0000,    85, 0.0,22.1, 0.0
M3,15/07/22,12:15:14,     1, 12161,   420, 1022.1, 300, 0.0, 0.0, 0.0,  0, 0.0000,    85, 0.0,22.1, 0.0
M3,15/07/22,12:15:15,     1, 12162,   420, 1022.1, 300, 0.0, 0.0, 0.0,  0, 0.0000,    85, 0.0,22.1, 0.0
M3,15/07/22,12:15:16,     1, 12163,   420, 1022.1, 300, 0.0, 0.0, 0.0,  0, 0.0000,    84, 0.0,22.1, 0.0
M3,15/07/22,12:15:17,     1, 12164,   420, 1022.1, 300, 0.0, 0.0, 0.0,  0, 0.0000,    83, 0.0,22.1, 0.0
M3,15/07/22,12:15:18,     1, 12165,   421, 1022.1, 300, 0.0, 0.0, 0.0,  0, 0.0000,    80, 0.0,22.1, 0.0
M3,15/07/22,12:15:19,     1, 12166,   421, 1022.1, 300, 0.0, 0.0, 0.0,  0, 0.0000,    78, 0.0,22.1, 0.0
M3,15/07/22,12:15:20,     1, 12167,   420, 1022.1, 300, 0.0, 0.0, 0.0,  0, 0.0000,    75, 0.0,22.1, 0.0
M3,15/07/22,12:15:21,     1, 12168,   420, 1022.1, 300, 0.0, 0.0, 0.0,  0, 0.0000,    74, 0.0,22.1, 0.0
M3,15/07/22,12:15:22,     1, 12169,   420, 1022.1, 300, 0.0, 0.0, 0.0,  0, 0.0000,    78, 0.0,22.1, 0.0
M3,15/07/22,12:15:23,     1, 12170,   420, 1022.1, 300, 0.0, 0.0, 0.0,  0, 0.0000,    80, 0.0,22.1, 0.0
M3,15/07/22,12:15:24,     1, 12171,   420, 1022.1, 300, 0.0, 0.0, 0.0,  0, 0.0000,    81, 0.0,22.1, 0.0
M3,15/07/22,12:15:25,     1, 12172,   420, 1022.1, 300, 0.0, 0.0, 0.0,  0, 0.0000,    83, 0.0,22.1, 0.0
M3,15/07/22,12:15:26,     1, 12173,   420, 1022.1, 300, 0.0, 0.0, 0.0,  0, 0.0000,    83, 0.0,22.1, 0.0
M3,15/07/22,12:15:27,     1, 12174,   420, 1022.1, 300, 0.0, 0.0, 0.0,  0, 0.0000,    83, 0.0,22.1, 0.0
M3,15/07/22,12:15:28,     1, 12175,   421, 1022.1, 300, 0.0, 0.0, 0.0,  0, 0.0000,    84, 0.0,22.1, 0.0
M3,15/07/22,12:15:29,     1, 12176,   421, 1022.1, 300, 0.0, 0.0, 0.0,  0, 0.0000,    84, 0.0,22.1, 0.0
M3,15/07/22,12:15:30,     1, 12177,   421, 1022.1, 300, 0.0, 0.0, 0.0,  0, 0.0000,    84, 0.0,22.1, 0.0
M3,15/07/22,12:15:31,     1, 12178,   420, 1022.1, 300, 0.0, 0.0, 0.0,  0, 0.0000,    83, 0.0,22.1, 0.0
M3,15/07/22,12:15:32,     1, 12179,   420, 1022.1, 300, 0.0, 0.0, 0.0,  0, 0.0000,    84, 0.0,22.1, 0.0
M3,15/07/22,12:15:33,     1, 12180,   420, 1022.1, 300, 0.0, 0.0, 0.0,  0, 0.0000,    83, 0.0,22.1, 0.0
M3,15/07/22,12:15:34,     1, 12181,   421, 1022.1, 300, 0.0, 0.0, 0.0,  0, 0.0000,    83, 0.0,22.1, 0.0
M3,15/07/22,12:15:35,     1, 12182,   421, 1022.1, 300, 0.0, 0.0, 0.0,  0, 0.0000,    83, 0.0,22.1, 0.0
M3,15/07/22,12:15:36,     1, 12183,   421, 1022.1, 300, 0.0, 0.0, 0.0,  0, 0.0000,    83, 0.0,22.1, 0.0
M3,15/07/22,12:15:37,     1, 12184,   421, 1022.1, 300, 0.0, 0.0, 0.0,  0, 0.0000,    83, 0.0,22.1, 0.0
M3,15/07/22,12:15:38,     1, 12185,   421, 1022.1, 300, 0.0, 0.0, 0.0,  0, 0.0000,    83, 0.0,22.1, 0.0
M3,15/07/22,12:15:39,     1, 12186,   421, 1022.1, 300, 0.0, 0.0, 0.0,  0, 0.0000,    83, 0.0,22.1, 0.0
M3,15/07/22,12:15:40,     1, 12187,   421, 1022.1, 300, 0.0, 0.0, 0.0,  0, 0.0000,    83, 0.0,22.1, 0.0
M3,15/07/22,12:15:41,     1, 12188,   421, 1022.1, 300, 0.0, 0.0, 0.0,  0, 0.0000,    83, 0.0,22.1, 0.0
M3,15/07/22,12:15:42,     1, 12189,   421, 1022.1, 300, 0.0, 0.0, 0.0,  0, 0.0000,    83, 0.0,22.1, 0.0
M3,15/07/22,12:15:43,     1, 12190,   420, 1022.1, 300, 0.0, 0.0, 0.0,  0, 0.0000,    83, 0.0,22.1, 0.0
M3,15/07/22,12:15:44,     1, 12191,   419, 1022.1, 300, 0.0, 0.0, 0.0,  0, 0.0000,    83, 0.0,22.1, 0.0
M3,15/07/22,12:15:45,     1, 12192,   420, 1022.1, 300, 0.0, 0.0, 0.0,  0, 0.0000,    83, 0.0,22.1, 0.0
M3,15/07/22,12:15:46,     1, 12193,   420, 1022.1, 300, 0.0, 0.0, 0.0,  0, 0.0000,    83, 0.0,22.1, 0.0
M3,15/07/22,12:15:47,     1, 12194,   420, 1022.1, 300, 0.0, 0.0, 0.0,  0, 0.0000,    83, 0.0,22.1, 0.0
M3,15/07/22,12:15:48,     1, 12195,   420, 1022.1, 300, 0.0, 0.0, 0.0,  0, 0.0000,    83, 0.0,22.1, 0.0
M3,15/07/22,12:15:49,     1, 12196,   420, 1022.1, 300, 0.0, 0.0, 0.0,  0, 0.0000,    83, 0.0,22.1, 0.0
M3,15/07/22,12:15:50,     1, 12197,   421, 1022.1, 300, 0.0, 0.0, 0.0,  0, 0.0000,    84, 0.0,22.1, 0.0
M3,15/07/22,12:15:51,     1, 12198,   422, 1022.1, 300, 0.0, 0.0, 0.0,  0, 0.0000,    88, 0.0,22.1, 0.0
M3,15/07/22,12:15:52,     1, 12199,   422, 1022.1, 300, 0.0, 0.0, 0.0,  0, 0.0000,    89, 0.0,22.1, 0.0
M3,15/07/22,12:15:53,     1, 12200,   422, 1022.1, 300, 0.0, 0.0, 0.0,  0, 0.0000,    85, 0.0,22.1, 0.0
M3,15/07/22,12:15:54,     1, 12201,   421, 1022.1, 300, 0.0, 0.0, 0.0,  0, 0.0000,    86, 0.0,22.1, 0.0
M3,15/07/22,12:15:55,     1, 12202,   421, 1022.1, 300, 0.0, 0.0, 0.0,  0, 0.0000,    85, 0.0,22.1, 0.0
M3,15/07/22,12:15:56,     1, 12203,   420, 1022.1, 300, 0.0, 0.0, 0.0,  0, 0.0000,    88, 0.0,22.1, 0.0
M3,15/07/22,12:15:57,     1, 12204,   420, 1022.1, 300, 0.0, 0.0, 0.0,  0, 0.0000,    93, 0.0,22.1, 0.0
M3,15/07/22,12:15:58,     1, 12205,   419, 1022.1, 300, 0.0, 0.0, 0.0,  0, 0.0000,    93, 0.0,22.1, 0.0
M3,15/07/22,12:15:59,     1, 12206,   420, 1022.1, 300, 0.0, 0.0, 0.0,  0, 0.0000,    96, 0.0,22.1, 0.0
M3,15/07/22,12:16:00,     1, 12207,   420, 1022.1, 300, 0.0, 0.0, 0.0,  0, 0.0000,    96, 0.0,22.1, 0.0
M3,15/07/22,12:16:01,     1, 12208,   420, 1022.1, 300, 0.0, 0.0, 0.0,  0, 0.0000,    96, 0.0,22.1, 0.0
M3,15/07/22,12:16:02,     1, 12209,   420, 1022.1, 300, 0.0, 0.0, 0.0,  0, 0.0000,    96, 0.0,22.0, 0.0
M3,15/07/22,12:16:03,     1, 12210,   420, 1022.1, 300, 0.0, 0.0, 0.0,  0, 0.0000,    90, 0.0,22.0, 0.0
M3,15/07/22,12:16:04,     1, 12211,   421, 1022.1, 300, 0.0, 0.0, 0.0,  0, 0.0000,    87, 0.0,22.0, 0.0
M3,15/07/22,12:16:05,     1, 12212,   421, 1022.1, 300, 0.0, 0.0, 0.0,  0, 0.0000,    86, 0.0,22.0, 0.0
M3,15/07/22,12:16:06,     1, 12213,   421, 1022.1, 300, 0.0, 0.0, 0.0,  0, 0.0000,    86, 0.0,22.0, 0.0
M3,15/07/22,12:16:07,     1, 12214,   421, 1022.1, 300, 0.0, 0.0, 0.0,  0, 0.0000,    87, 0.0,22.1, 0.0
M3,15/07/22,12:16:08,     1, 12215,   420, 1022.1, 300, 0.0, 0.0, 0.0,  0, 0.0000,    87, 0.0,22.1, 0.0
M3,15/07/22,12:16:09,     1, 12216,   420, 1022.1, 300, 0.0, 0.0, 0.0,  0, 0.0000,    87, 0.0,22.1, 0.0
M3,15/07/22,12:16:10,     1, 12217,   420, 1022.1, 300, 0.0, 0.0, 0.0,  0, 0.0000,    87, 0.0,22.0, 0.0
M3,15/07/22,12:16:11,     1, 12218,   421, 1022.1, 300, 0.0, 0.0, 0.0,  0, 0.0000,    86, 0.0,22.0, 0.0
M3,15/07/22,12:16:12,     1, 12219,   421, 1022.1, 300, 0.0, 0.0, 0.0,  0, 0.0000,    86, 0.0,22.0, 0.0
M3,15/07/22,12:16:13,     1, 12220,   421, 1022.1, 300, 0.0, 0.0, 0.0,  0, 0.0000,    86, 0.0,22.0, 0.0
M3,15/07/22,12:16:14,     1, 12221,   421, 1022.1, 300, 0.0, 0.0, 0.0,  0, 0.0000,    87, 0.0,22.0, 0.0
M3,15/07/22,12:16:15,     1, 12222,   422, 1022.1, 300, 0.0, 0.0, 0.0,  0, 0.0000,    86, 0.0,22.0, 0.0
M3,15/07/22,12:16:16,     1, 12223,   423, 1022.1, 300, 0.0, 0.0, 0.0,  0, 0.0000,    86, 0.0,22.0, 0.0
M3,15/07/22,12:16:17,     1, 12224,   423, 1022.1, 300, 0.0, 0.0, 0.0,  0, 0.0000,    86, 0.0,22.0, 0.0
M3,15/07/22,12:16:18,     1, 12225,   423, 1022.1, 300, 0.0, 0.0, 0.0,  0, 0.0000,    86, 0.0,22.0, 0.0
M3,15/07/22,12:16:19,     1, 12226,   422, 1022.1, 300, 0.0, 0.0, 0.0,  0, 0.0000,    86, 0.0,22.0, 0.0
M3,15/07/22,12:16:20,     1, 12227,   422, 1022.1, 300, 0.0, 0.0, 0.0,  0, 0.0000,    86, 0.0,22.0, 0.0
M3,15/07/22,12:16:21,     1, 12228,   422, 1022.1, 300, 0.0, 0.0, 0.0,  0, 0.0000,    86, 0.0,22.0, 0.0
M3,15/07/22,12:16:22,     1, 12229,   422, 1022.1, 300, 0.0, 0.0, 0.0,  0, 0.0000,    86, 0.0,22.0, 0.0
M3,15/07/22,12:16:23,     1, 12230,   421, 1022.1, 300, 0.0, 0.0, 0.0,  0, 0.0000,    86, 0.0,22.0, 0.0
M3,15/07/22,12:16:24,     1, 12231,   421, 1022.1, 300, 0.0, 0.0, 0.0,  0, 0.0000,    86, 0.0,22.0, 0.0
M3,15/07/22,12:16:26,     1, 12232,   422, 1022.1, 300, 0.0, 0.0, 0.0,  0, 0.0000,    86, 0.0,22.0, 0.0
M3,15/07/22,12:16:27,     1, 12233,   421, 1022.1, 300, 0.0, 0.0, 0.0,  0, 0.0000,    86, 0.0,22.0, 0.0
M3,15/07/22,12:16:28,     1, 12234,   421, 1022.1, 300, 0.0, 0.0, 0.0,  0, 0.0000,    86, 0.0,22.0, 0.0
M3,15/07/22,12:16:29,     1, 12235,   421, 1022.1, 300, 0.0, 0.0, 0.0,  0, 0.0000,    87, 0.0,22.0, 0.0
M3,15/07/22,12:16:30,     1, 12236,   421, 1022.1, 300, 0.0, 0.0, 0.0,  0, 0.0000,    86, 0.0,22.0, 0.0
M3,15/07/22,12:16:31,     1, 12237,   422, 1022.1, 300, 0.0, 0.0, 0.0,  0, 0.0000,    86, 0.0,22.1, 0.0
M3,15/07/22,12:16:32,     1, 12238,   421, 1022.1, 300, 0.0, 0.0, 0.0,  0, 0.0000,    86, 0.0,22.1, 0.0
M3,15/07/22,12:16:33,     1, 12239,   421, 1022.1, 300, 0.0, 0.0, 0.0,  0, 0.0000,    86, 0.0,22.1, 0.0
M3,15/07/22,12:16:34,     1, 12240,   421, 1022.1, 300, 0.0, 0.0, 0.0,  0, 0.0000,    87, 0.0,22.1, 0.0
M3,15/07/22,12:16:35,     1, 12241,   421, 1022.1, 300, 0.0, 0.0, 0.0,  0, 0.0000,    87, 0.0,22.1, 0.0
M3,15/07/22,12:16:36,     1, 12242,   421, 1022.1, 300, 0.0, 0.0, 0.0,  0, 0.0000,    86, 0.0,22.1, 0.0
M3,15/07/22,12:16:37,     1, 12243,   420, 1022.1, 300, 0.0, 0.0, 0.0,  0, 0.0000,    86, 0.0,22.1, 0.0
M3,15/07/22,12:16:38,     1, 12244,   419, 1022.1, 300, 0.0, 0.0, 0.0,  0, 0.0000,    86, 0.0,22.1, 0.0
M3,15/07/22,12:16:39,     1, 12245,   419, 1022.1, 300, 0.0, 0.0, 0.0,  0, 0.0000,    87, 0.0,22.1, 0.0
M3,15/07/22,12:16:40,     1, 12246,   420, 1022.1, 300, 0.0, 0.0, 0.0,  0, 0.0000,    87, 0.0,22.1, 0.0
M3,15/07/22,12:16:41,     1, 12247,   420, 1022.1, 300, 0.0, 0.0, 0.0,  0, 0.0000,    87, 0.0,22.0, 0.0
M3,15/07/22,12:16:42,     1, 12248,   420, 1022.1, 300, 0.0, 0.0, 0.0,  0, 0.0000,    87, 0.0,22.0, 0.0
M3,15/07/22,12:16:43,     1, 12249,   420, 1022.1, 300, 0.0, 0.0, 0.0,  0, 0.0000,    87, 0.0,22.0, 0.0
M3,15/07/22,12:16:44,     1, 12250,   420, 1022.1, 300, 0.0, 0.0, 0.0,  0, 0.0000,    87, 0.0,22.0, 0.0
M3,15/07/22,12:16:45,     1, 12251,   420, 1022.1, 300, 0.0, 0.0, 0.0,  0, 0.0000,    87, 0.0,22.0, 0.0
M3,15/07/22,12:16:46,     1, 12252,   420, 1022.1, 300, 0.0, 0.0, 0.0,  0, 0.0000,    82, 0.0,22.0, 0.0
M3,15/07/22,12:16:47,     1, 12253,   421, 1022.1, 300, 0.0, 0.0, 0.0,  0, 0.0000,    82, 0.0,22.0, 0.0
M3,15/07/22,12:16:48,     1, 12254,   421, 1022.1, 300, 0.0, 0.0, 0.0,  0, 0.0000,    85, 0.0,22.0, 0.0
M3,15/07/22,12:16:49,     1, 12255,   421, 1022.1, 300, 0.0, 0.0, 0.0,  0, 0.0000,    83, 0.0,22.0, 0.0
M3,15/07/22,12:16:50,     1, 12256,   421, 1022.1, 300, 0.0, 0.0, 0.0,  0, 0.0000,    83, 0.0,22.0, 0.0
M3,15/07/22,12:16:51,     1, 12257,   421, 1022.1, 300, 0.0, 0.0, 0.0,  0, 0.0000,    84, 0.0,22.0, 0.0
M3,15/07/22,12:16:52,     1, 12258,   420, 1022.1, 300, 0.0, 0.0, 0.0,  0, 0.0000,    86, 0.0,22.0, 0.0
M3,15/07/22,12:16:53,     1, 12259,   420, 1022.1, 300, 0.0, 0.0, 0.0,  0, 0.0000,    85, 0.0,22.0, 0.0
M3,15/07/22,12:16:54,     1, 12260,   419, 1022.1, 300, 0.0, 0.0, 0.0,  0, 0.0000,    79, 0.0,22.0, 0.0
M3,15/07/22,12:16:55,     1, 12261,   419, 1022.1, 300, 0.0, 0.0, 0.0,  0, 0.0000,    68, 0.0,22.0, 0.0
M3,15/07/22,12:16:56,     1, 12262,   420, 1022.1, 300, 0.0, 0.0, 0.0,  0, 0.0000,    57, 0.0,22.0, 0.0
M3,15/07/22,12:16:57,     1, 12263,   420, 1022.1, 300, 0.0, 0.0, 0.0,  0, 0.0000,    57, 0.0,22.0, 0.0
M3,15/07/22,12:16:58,     1, 12264,   421, 1022.1, 300, 0.0, 0.0, 0.0,  0, 0.0000,    59, 0.0,22.0, 0.0
M3,15/07/22,12:16:59,     1, 12265,   420, 1022.1, 300, 0.0, 0.0, 0.0,  0, 0.0000,    66, 0.0,22.0, 0.0
M3,15/07/22,12:17:00,     1, 12266,   420, 1022.1, 300, 0.0, 0.0, 0.0,  0, 0.0000,    67, 0.0,22.0, 0.0
M3,15/07/22,12:17:01,     1, 12267,   420, 1022.1, 300, 0.0, 0.0, 0.0,  0, 0.0000,    71, 0.0,22.0, 0.0
M3,15/07/22,12:17:02,     1, 12268,   421, 1022.1, 300, 0.0, 0.0, 0.0,  0, 0.0000,    74, 0.0,22.0, 0.0
M3,15/07/22,12:17:03,     1, 12269,   421, 1022.1, 300, 0.0, 0.0, 0.0,  0, 0.0000,    70, 0.0,22.0, 0.0
M3,15/07/22,12:17:04,     1, 12270,   421, 1022.1, 300, 0.0, 0.0, 0.0,  0, 0.0000,    62, 0.0,22.0, 0.0
M3,15/07/22,12:17:05,     1, 12271,   421, 1022.1, 300, 0.0, 0.0, 0.0,  0, 0.0000,    54, 0.0,22.0, 0.0
M3,15/07/22,12:17:06,     1, 12272,   420, 1022.1, 300, 0.0, 0.0, 0.0,  0, 0.0000,    45, 0.0,22.0, 0.0
M3,15/07/22,12:17:07,     1, 12273,   420, 1022.1, 300, 0.0, 0.0, 0.0,  0, 0.0000,    39, 0.0,22.0, 0.0
M3,15/07/22,12:17:08,     1, 12274,   420, 1022.1, 300, 0.0, 0.0, 0.0,  0, 0.0000,    37, 0.0,22.0, 0.0
M3,15/07/22,12:17:09,     1, 12275,   420, 1022.1, 300, 0.0, 0.0, 0.0,  0, 0.0000,    31, 0.0,22.0, 0.0
M3,15/07/22,12:17:10,     1, 12276,   421, 1022.1, 300, 0.0, 0.0, 0.0,  0, 0.0000,    26, 0.0,22.0, 0.0
M3,15/07/22,12:17:11,     1, 12277,   421, 1022.1, 300, 0.0, 0.0, 0.0,  0, 0.0000,    23, 0.0,22.0, 0.0
M3,15/07/22,12:17:12,     1, 12278,   421, 1022.1, 300, 0.0, 0.0, 0.0,  0, 0.0000,    21, 0.0,22.0, 0.0
M3,15/07/22,12:17:13,     1, 12279,   421, 1022.1, 300, 0.0, 0.0, 0.0,  0, 0.0000,    20, 0.0,22.0, 0.0
M3,15/07/22,12:17:14,     1, 12280,   421, 1022.1, 300, 0.0, 0.0, 0.0,  0, 0.0000,    20, 0.0,22.0, 0.0
M3,15/07/22,12:17:15,     1, 12281,   422, 1022.1, 300, 0.0, 0.0, 0.0,  0, 0.0000,    19, 0.0,22.0, 0.0
M3,15/07/22,12:17:16,     1, 12282,   422, 1022.1, 300, 0.0, 0.0, 0.0,  0, 0.0000,    18, 0.0,22.0, 0.0
M3,15/07/22,12:17:17,     1, 12283,   422, 1022.1, 300, 0.0, 0.0, 0.0,  0, 0.0000,    19, 0.0,22.0, 0.0
M3,15/07/22,12:17:18,     1, 12284,   421, 1022.1, 300, 0.0, 0.0, 0.0,  0, 0.0000,    20, 0.0,22.0, 0.0
M3,15/07/22,12:17:19,     1, 12285,   421, 1022.1, 300, 0.0, 0.0, 0.0,  0, 0.0000,    21, 0.0,22.0, 0.0
M3,15/07/22,12:17:20,     1, 12286,   420, 1022.1, 300, 0.0, 0.0, 0.0,  0, 0.0000,    21, 0.0,22.0, 0.0
M3,15/07/22,12:17:21,     1, 12287,   421, 1022.1, 300, 0.0, 0.0, 0.0,  0, 0.0000,    21, 0.0,22.0, 0.0
M3,15/07/22,12:17:22,     1, 12288,   422, 1022.1, 300, 0.0, 0.0, 0.0,  0, 0.0000,    20, 0.0,22.0, 0.0
M3,15/07/22,12:17:23,     1, 12289,   422, 1022.1, 300, 0.0, 0.0, 0.0,  0, 0.0000,    20, 0.0,22.0, 0.0
M3,15/07/22,12:17:24,     1, 12290,   422, 1022.1, 300, 0.0, 0.0, 0.0,  0, 0.0000,    20, 0.0,22.0, 0.0
M3,15/07/22,12:17:25,     1, 12291,   422, 1022.1, 300, 0.0, 0.0, 0.0,  0, 0.0000,    20, 0.0,22.0, 0.0
M3,15/07/22,12:17:26,     1, 12292,   422, 1022.1, 300, 0.0, 0.0, 0.0,  0, 0.0000,    24, 0.0,22.0, 0.0
M3,15/07/22,12:17:27,     1, 12293,   422, 1022.1, 300, 0.0, 0.0, 0.0,  0, 0.0000,    39, 0.0,22.0, 0.0
M3,15/07/22,12:17:28,     1, 12294,   421, 1022.1, 300, 0.0, 0.0, 0.0,  0, 0.0000,    66, 0.0,22.0, 0.0
M3,15/07/22,12:17:29,     1, 12295,   421, 1022.1, 300, 0.0, 0.0, 0.0,  0, 0.0000,    85, 0.0,22.0, 0.0
M3,15/07/22,12:17:30,     1, 12296,   421, 1022.1, 300, 0.0, 0.0, 0.0,  0, 0.0000,    82, 0.0,22.0, 0.0
M3,15/07/22,12:17:31,     1, 12297,   422, 1022.1, 300, 0.0, 0.0, 0.0,  0, 0.0000,    84, 0.0,22.0, 0.0
M3,15/07/22,12:17:32,     1, 12298,   422, 1022.1, 300, 0.0, 0.0, 0.0,  0, 0.0000,    91, 0.0,22.0, 0.0
M3,15/07/22,12:17:33,     1, 12299,   422, 1022.1, 300, 0.0, 0.0, 0.0,  0, 0.0000,    94, 0.0,22.0, 0.0
M3,15/07/22,12:17:34,     1, 12300,   422, 1022.1, 300, 0.0, 0.0, 0.0,  0, 0.0000,    95, 0.0,22.0, 0.0
M3,15/07/22,12:17:35,     1, 12301,   422, 1022.1, 300, 0.0, 0.0, 0.0,  0, 0.0000,    94, 0.0,22.0, 0.0
M3,15/07/22,12:17:36,     1, 12302,   422, 1022.1, 300, 0.0, 0.0, 0.0,  0, 0.0000,    95, 0.0,22.0, 0.0
M3,15/07/22,12:17:37,     1, 12303,   422, 1022.1, 300, 0.0, 0.0, 0.0,  0, 0.0000,    96, 0.0,22.0, 0.0
M3,15/07/22,12:17:38,     1, 12304,   421, 1022.1, 300, 0.0, 0.0, 0.0,  0, 0.0000,    96, 0.0,22.0, 0.0
M3,15/07/22,12:17:39,     1, 12305,   421, 1022.1, 300, 0.0, 0.0, 0.0,  0, 0.0000,    95, 0.0,22.0, 0.0
M3,15/07/22,12:17:40,     1, 12306,   420, 1022.1, 300, 0.0, 0.0, 0.0,  0, 0.0000,    96, 0.0,22.0, 0.0
M3,15/07/22,12:17:41,     1, 12307,   421, 1022.1, 300, 0.0, 0.0, 0.0,  0, 0.0000,    97, 0.0,21.9, 0.0
M3,15/07/22,12:17:42,     1, 12308,   422, 1022.1, 300, 0.0, 0.0, 0.0,  0, 0.0000,    96, 0.0,21.9, 0.0
M3,15/07/22,12:17:43,     1, 12309,   422, 1022.1, 300, 0.0, 0.0, 0.0,  0, 0.0000,   221, 0.0,21.9, 0.0
M3,15/07/22,12:17:44,     1, 12310,   423, 1022.1, 299, 0.0, 0.0, 0.0,  0, 0.0000,   582, 0.0,21.9, 0.0
M3,15/07/22,12:17:45,     1, 12311,   423, 1022.1, 300, 0.0, 0.0, 0.0,  0, 0.0000,   351, 0.0,21.9, 0.0
M3,15/07/22,12:17:46,     1, 12312,   423, 1022.1, 300, 0.0, 0.0, 0.0,  0, 0.0000,    96, 0.0,21.9, 0.0
M3,15/07/22,12:17:47,     1, 12313,   422, 1022.1, 300, 0.0, 0.0, 0.0,  0, 0.0000,   572, 0.0,21.9, 0.0
M3,15/07/22,12:17:48,     1, 12314,   421, 1022.1, 300, 0.0, 0.0, 0.0,  0, 0.0000,   206, 0.0,21.9, 0.0
M3,15/07/22,12:17:49,     1, 12315,   420, 1022.1, 299, 0.0, 0.0, 0.0,  0, 0.0000,   179, 0.0,21.8, 0.0
M3,15/07/22,12:17:50,     1, 12316,   420, 1022.1, 299, 0.0, 0.0, 0.0,  0, 0.0000,   272, 0.0,21.7, 0.0
M3,15/07/22,12:17:51,     1, 12317,   419, 1022.1, 301, 0.0, 0.0, 0.0,  0, 0.0000,  1394, 0.0,21.7, 0.0
M3,15/07/22,12:17:52,     1, 12318,   419, 1022.1, 300, 0.0, 0.0, 0.0,  0, 0.0000,  1467, 0.0,21.7, 0.0
M3,15/07/22,12:17:53,     1, 12319,   419, 1022.1, 300, 0.0, 0.0, 0.0,  0, 0.0000,  1578, 0.0,21.7, 0.0
M3,15/07/22,12:17:54,     1, 12320,   419, 1022.1, 300, 0.0, 0.0, 0.0,  0, 0.0000,  1575, 0.0,21.8, 0.0
M3,15/07/22,12:17:55,     1, 12321,   418, 1022.1, 300, 0.0, 0.0, 0.0,  0, 0.0000,  1572, 0.0,21.9, 0.0
M3,15/07/22,12:17:56,     1, 12322,   418, 1022.1, 300, 0.0, 0.0, 0.0,  0, 0.0000,  1572, 0.0,21.9, 0.0
M3,15/07/22,12:17:57,     1, 12323,   418, 1022.1, 300, 0.0, 0.0, 0.0,  0, 0.0000,  1570, 0.0,21.9, 0.0
M3,15/07/22,12:17:58,     1, 12324,   417, 1022.1, 300, 0.0, 0.0, 0.0,  0, 0.0000,  1568, 0.0,22.0, 0.0
M3,15/07/22,12:17:59,     1, 12325,   417, 1022.1, 300, 0.0, 0.0, 0.0,  0, 0.0000,  1559, 0.0,22.0, 0.0
M3,15/07/22,12:18:00,     1, 12326,   417, 1022.1, 300, 0.0, 0.0, 0.0,  0, 0.0000,  1556, 0.0,22.0, 0.0
M3,15/07/22,12:18:01,     1, 12327,   417, 1022.1, 300, 0.0, 0.0, 0.0,  0, 0.0000,  1557, 0.0,22.1, 0.0
M3,15/07/22,12:18:02,     1, 12328,   417, 1022.1, 300, 0.0, 0.0, 0.0,  0, 0.0000,  1555, 0.0,22.1, 0.0
M3,15/07/22,12:18:03,     1, 12329,   416, 1022.1, 300, 0.0, 0.0, 0.0,  0, 0.0000,  1556, 0.0,22.1, 0.0
M3,15/07/22,12:18:04,     1, 12330,   416, 1022.1, 300, 0.0, 0.0, 0.0,  0, 0.0000,  1557, 0.0,22.1, 0.0
M3,15/07/22,12:18:05,     1, 12331,   416, 1022.1, 300, 0.0, 0.0, 0.0,  0, 0.0000,  1565, 0.0,22.2, 0.0
M3,15/07/22,12:18:06,     1, 12332,   416, 1022.1, 300, 0.0, 0.0, 0.0,  0, 0.0000,  1571, 0.0,22.2, 0.0
M3,15/07/22,12:18:07,     1, 12333,   416, 1022.1, 300, 0.0, 0.0, 0.0,  0, 0.0000,  1474, 0.0,22.2, 0.0
M3,15/07/22,12:18:08,     1, 12334,   416, 1022.1, 300, 0.0, 0.0, 0.0,  0, 0.0000,  1390, 0.0,22.2, 0.0
M3,15/07/22,12:18:09,     1, 12335,   416, 1022.1, 300, 0.0, 0.0, 0.0,  0, 0.0000,  1432, 0.0,22.2, 0.0
M3,15/07/22,12:18:10,     1, 12336,   416, 1022.1, 300, 0.0, 0.0, 0.0,  0, 0.0000,  1498, 0.0,22.2, 0.0
M3,15/07/22,12:18:11,     1, 12337,   417, 1022.1, 300, 0.0, 0.0, 0.0,  0, 0.0000,  1544, 0.0,22.2, 0.0
