Tag(M3),Date,Time,Plot_No,Rec_No,CO2,Pressure,Flow,H2O,Tsen,O2,Error,Aux_V,PAR,Tsoil,Tair,Msoil
M3,13/07/22,09:57:03,     1,  4451,   411, 1014.5, 299, 0.0, 0.0, 0.0, 61, 0.0000,  1050, 0.0,24.3, 0.0
M3,13/07/22,09:57:04,     1,  4452,   411, 1014.5, 300, 0.0, 0.0, 0.0,  0, 0.0000,   966, 0.0,24.3, 0.0
M3,13/07/22,09:57:05,     1,  4453,   410, 1014.5, 301, 0.0, 0.0, 0.0,  0, 0.0000,   911, 0.0,24.3, 0.0
M3,13/07/22,09:57:06,     1,  4454,   410, 1014.5, 300, 0.0, 0.0, 0.0,  0, 0.0000,   916, 0.0,24.3, 0.0
M3,13/07/22,09:57:07,     1,  4455,   410, 1014.5, 300, 0.0, 0.0, 0.0,  0, 0.0000,   958, 0.0,24.4, 0.0
M3,13/07/22,09:57:08,     1,  4456,   411, 1014.5, 300, 0.0, 0.0, 0.0,  0, 0.0000,  1019, 0.0,24.4, 0.0
M3,13/07/22,09:57:09,     1,  4457,   411, 1014.5, 300, 0.0, 0.0, 0.0,  0, 0.0000,  1002, 0.0,24.4, 0.0
M3,13/07/22,09:57:10,     1,  4458,   411, 1014.5, 300, 0.0, 0.0, 0.0,  0, 0.0000,   960, 0.0,24.4, 0.0
M3,13/07/22,09:57:11,     1,  4459,   410, 1014.5, 300, 0.0, 0.0, 0.0,  0, 0.0000,   902, 0.0,24.4, 0.0
M3,13/07/22,09:57:12,     1,  4460,   410, 1014.5, 300, 0.0, 0.0, 0.0,  0, 0.0000,   904, 0.0,24.4, 0.0
M3,13/07/22,09:57:13,     1,  4461,   409, 1014.5, 300, 0.0, 0.0, 0.0,  0, 0.0000,   839, 0.0,24.4, 0.0
M3,13/07/22,09:57:14,     1,  4462,   409, 1014.5, 300, 0.0, 0.0, 0.0,  0, 0.0000,   964, 0.0,24.4, 0.0
M3,13/07/22,09:57:15,     1,  4463,   410, 1014.5, 300, 0.0, 0.0, 0.0,  0, 0.0000,   938, 0.0,24.4, 0.0
M3,13/07/22,09:57:16,     1,  4464,   410, 1014.5, 300, 0.0, 0.0, 0.0,  0, 0.0000,   898, 0.0,24.4, 0.0
M3,13/07/22,09:57:17,     1,  4465,   410, 1014.5, 300, 0.0, 0.0, 0.0,  0, 0.0000,   857, 0.0,24.4, 0.0
M3,13/07/22,09:57:18,     1,  4466,   410, 1014.5, 300, 0.0, 0.0, 0.0,  0, 0.0000,   900, 0.0,24.4, 0.0
M3,13/07/22,09:57:19,     1,  4467,   410, 1014.5, 300, 0.0, 0.0, 0.0,  0, 0.0000,   922, 0.0,24.4, 0.0
M3,13/07/22,09:57:20,     1,  4468,   410, 1014.5, 300, 0.0, 0.0, 0.0,  0, 0.0000,   883, 0.0,24.4, 0.0
M3,13/07/22,09:57:21,     1,  4469,   410, 1014.5, 300, 0.0, 0.0, 0.0,  0, 0.0000,   757, 0.0,24.4, 0.0
M3,13/07/22,09:57:22,     1,  4470,   410, 1014.5, 300, 0.0, 0.0, 0.0,  0, 0.0000,   624, 0.0,24.4, 0.0
M3,13/07/22,09:57:23,     1,  4471,   410, 1014.5, 300, 0.0, 0.0, 0.0,  0, 0.0000,   530, 0.0,24.4, 0.0
M3,13/07/22,09:57:24,     1,  4472,   410, 1014.5, 300, 0.0, 0.0, 0.0,  0, 0.0000,   480, 0.0,24.4, 0.0
M3,13/07/22,09:57:25,     1,  4473,   410, 1014.5, 300, 0.0, 0.0, 0.0,  0, 0.0000,   462, 0.0,24.4, 0.0
M3,13/07/22,09:57:26,     1,  4474,   410, 1014.5, 300, 0.0, 0.0, 0.0,  0, 0.0000,   450, 0.0,24.4, 0.0
M3,13/07/22,09:57:27,     1,  4475,   410, 1014.5, 300, 0.0, 0.0, 0.0,  0, 0.0000,   438, 0.0,24.4, 0.0
M3,13/07/22,09:57:28,     1,  4476,   410, 1014.5, 300, 0.0, 0.0, 0.0,  0, 0.0000,   439, 0.0,24.4, 0.0
M3,13/07/22,09:57:29,     1,  4477,   410, 1014.5, 300, 0.0, 0.0, 0.0,  0, 0.0000,   440, 0.0,24.4, 0.0
M3,13/07/22,09:57:30,     1,  4478,   410, 1014.5, 300, 0.0, 0.0, 0.0,  0, 0.0000,   438, 0.0,24.4, 0.0
M3,13/07/22,09:57:31,     1,  4479,   410, 1014.5, 300, 0.0, 0.0, 0.0,  0, 0.0000,   434, 0.0,24.4, 0.0
M3,13/07/22,09:57:32,     1,  4480,   410, 1014.5, 300, 0.0, 0.0, 0.0,  0, 0.0000,   428, 0.0,24.4, 0.0
M3,13/07/22,09:57:33,     1,  4481,   410, 1014.5, 300, 0.0, 0.0, 0.0,  0, 0.0000,   437, 0.0,24.4, 0.0
M3,13/07/22,09:57:34,     1,  4482,   410, 1014.5, 300, 0.0, 0.0, 0.0,  0, 0.0000,   447, 0.0,24.4, 0.0
M3,13/07/22,09:57:35,     1,  4483,   411, 1014.5, 300, 0.0, 0.0, 0.0,  0, 0.0000,   464, 0.0,24.4, 0.0
M3,13/07/22,09:57:36,     1,  4484,   411, 1014.5, 300, 0.0, 0.0, 0.0,  0, 0.0000,   488, 0.0,24.4, 0.0
M3,13/07/22,09:57:37,     1,  4485,   411, 1014.5, 300, 0.0, 0.0, 0.0,  0, 0.0000,   505, 0.0,24.4, 0.0
M3,13/07/22,09:57:38,     1,  4486,   411, 1014.5, 300, 0.0, 0.0, 0.0,  0, 0.0000,   556, 0.0,24.4, 0.0
M3,13/07/22,09:57:39,     1,  4487,   411, 1014.5, 300, 0.0, 0.0, 0.0,  0, 0.0000,   586, 0.0,24.4, 0.0
M3,13/07/22,09:57:40,     1,  4488,   411, 1014.5, 300, 0.0, 0.0, 0.0,  0, 0.0000,   612, 0.0,24.4, 0.0
M3,13/07/22,09:57:41,     1,  4489,   411, 1014.5, 300, 0.0, 0.0, 0.0,  0, 0.0000,   719, 0.0,24.4, 0.0
M3,13/07/22,09:57:42,     1,  4490,   410, 1014.5, 300, 0.0, 0.0, 0.0,  0, 0.0000,   767, 0.0,24.4, 0.0
M3,13/07/22,09:57:43,     1,  4491,   410, 1014.5, 300, 0.0, 0.0, 0.0,  0, 0.0000,   775, 0.0,24.4, 0.0
M3,13/07/22,09:57:44,     1,  4492,   410, 1014.5, 300, 0.0, 0.0, 0.0,  0, 0.0000,   764, 0.0,24.4, 0.0
M3,13/07/22,09:57:45,     1,  4493,   410, 1014.5, 300, 0.0, 0.0, 0.0,  0, 0.0000,   671, 0.0,24.4, 0.0
M3,13/07/22,09:57:46,     1,  4494,   410, 1014.5, 300, 0.0, 0.0, 0.0,  0, 0.0000,   605, 0.0,24.4, 0.0
M3,13/07/22,09:57:47,     1,  4495,   410, 1014.5, 300, 0.0, 0.0, 0.0,  0, 0.0000,   577, 0.0,24.4, 0.0
M3,13/07/22,09:57:48,     1,  4496,   410, 1014.5, 300, 0.0, 0.0, 0.0,  0, 0.0000,   630, 0.0,24.4, 0.0
M3,13/07/22,09:57:49,     1,  4497,   410, 1014.5, 300, 0.0, 0.0, 0.0,  0, 0.0000,   686, 0.0,24.4, 0.0
M3,13/07/22,09:57:50,     1,  4498,   410, 1014.5, 300, 0.0, 0.0, 0.0,  0, 0.0000,   700, 0.0,24.4, 0.0
M3,13/07/22,09:57:51,     1,  4499,   410, 1014.5, 300, 0.0, 0.0, 0.0,  0, 0.0000,   598, 0.0,24.4, 0.0
M3,13/07/22,09:57:52,     1,  4500,   410, 1014.5, 300, 0.0, 0.0, 0.0,  0, 0.0000,   472, 0.0,24.4, 0.0
M3,13/07/22,09:57:53,     1,  4501,   410, 1014.5, 300, 0.0, 0.0, 0.0,  0, 0.0000,   402, 0.0,24.4, 0.0
M3,13/07/22,09:57:54,     1,  4502,   410, 1014.5, 300, 0.0, 0.0, 0.0,  0, 0.0000,   369, 0.0,24.4, 0.0
M3,13/07/22,09:57:55,     1,  4503,   410, 1014.5, 300, 0.0, 0.0, 0.0,  0, 0.0000,   352, 0.0,24.4, 0.0
M3,13/07/22,09:57:56,     1,  4504,   410, 1014.5, 300, 0.0, 0.0, 0.0,  0, 0.0000,   342, 0.0,24.4, 0.0
M3,13/07/22,09:57:57,     1,  4505,   410, 1014.5, 301, 0.0, 0.0, 0.0,  0, 0.0000,   334, 0.0,24.4, 0.0
M3,13/07/22,09:57:58,     1,  4506,   410, 1014.5, 300, 0.0, 0.0, 0.0,  0, 0.0000,   329, 0.0,24.4, 0.0
M3,13/07/22,09:57:59,     1,  4507,   410, 1014.5, 300, 0.0, 0.0, 0.0,  0, 0.0000,   326, 0.0,24.4, 0.0
M3,13/07/22,09:58:00,     1,  4508,   410, 1014.5, 300, 0.0, 0.0, 0.0,  0, 0.0000,   324, 0.0,24.4, 0.0
M3,13/07/22,09:58:01,     1,  4509,   410, 1014.5, 300, 0.0, 0.0, 0.0,  0, 0.0000,   322, 0.0,24.4, 0.0
M3,13/07/22,09:58:02,     1,  4510,   410, 1014.5, 300, 0.0, 0.0, 0.0,  0, 0.0000,   320, 0.0,24.4, 0.0
M3,13/07/22,09:58:03,     1,  4511,   410, 1014.5, 300, 0.0, 0.0, 0.0,  0, 0.0000,   319, 0.0,24.4, 0.0
M3,13/07/22,09:58:04,     1,  4512,   410, 1014.5, 300, 0.0, 0.0, 0.0,  0, 0.0000,   318, 0.0,24.4, 0.0
M3,13/07/22,09:58:05,     1,  4513,   411, 1014.5, 300, 0.0, 0.0, 0.0,  0, 0.0000,   317, 0.0,24.4, 0.0
M3,13/07/22,09:58:06,     1,  4514,   411, 1014.5, 300, 0.0, 0.0, 0.0,  0, 0.0000,   317, 0.0,24.4, 0.0
M3,13/07/22,09:58:07,     1,  4515,   411, 1014.5, 300, 0.0, 0.0, 0.0,  0, 0.0000,   318, 0.0,24.4, 0.0
M3,13/07/22,09:58:08,     1,  4516,   411, 1014.5, 300, 0.0, 0.0, 0.0,  0, 0.0000,   320, 0.0,24.4, 0.0
M3,13/07/22,09:58:09,     1,  4517,   411, 1014.5, 300, 0.0, 0.0, 0.0,  0, 0.0000,   321, 0.0,24.4, 0.0
M3,13/07/22,09:58:10,     1,  4518,   411, 1014.5, 300, 0.0, 0.0, 0.0,  0, 0.0000,   321, 0.0,24.4, 0.0
M3,13/07/22,09:58:11,     1,  4519,   411, 1014.5, 300, 0.0, 0.0, 0.0,  0, 0.0000,   323, 0.0,24.4, 0.0
M3,13/07/22,09:58:12,     1,  4520,   410, 1014.5, 300, 0.0, 0.0, 0.0,  0, 0.0000,   325, 0.0,24.4, 0.0
M3,13/07/22,09:58:13,     1,  4521,   410, 1014.5, 300, 0.0, 0.0, 0.0,  0, 0.0000,   326, 0.0,24.4, 0.0
M3,13/07/22,09:58:14,     1,  4522,   410, 1014.5, 300, 0.0, 0.0, 0.0,  0, 0.0000,   328, 0.0,24.4, 0.0
M3,13/07/22,09:58:15,     1,  4523,   410, 1014.5, 300, 0.0, 0.0, 0.0,  0, 0.0000,   330, 0.0,24.4, 0.0
M3,13/07/22,09:58:16,     1,  4524,   410, 1014.5, 300, 0.0, 0.0, 0.0,  0, 0.0000,   332, 0.0,24.4, 0.0
M3,13/07/22,09:58:17,     1,  4525,   410, 1014.5, 300, 0.0, 0.0, 0.0,  0, 0.0000,   335, 0.0,24.4, 0.0
M3,13/07/22,09:58:18,     1,  4526,   410, 1014.5, 300, 0.0, 0.0, 0.0,  0, 0.0000,   338, 0.0,24.4, 0.0
M3,13/07/22,09:58:19,     1,  4527,   410, 1014.5, 300, 0.0, 0.0, 0.0,  0, 0.0000,   342, 0.0,24.4, 0.0
M3,13/07/22,09:58:20,     1,  4528,   410, 1014.5, 300, 0.0, 0.0, 0.0,  0, 0.0000,   346, 0.0,24.4, 0.0
M3,13/07/22,09:58:21,     1,  4529,   410, 1014.5, 300, 0.0, 0.0, 0.0,  0, 0.0000,   352, 0.0,24.4, 0.0
M3,13/07/22,09:58:22,     1,  4530,   410, 1014.5, 300, 0.0, 0.0, 0.0,  0, 0.0000,   358, 0.0,24.4, 0.0
M3,13/07/22,09:58:23,     1,  4531,   410, 1014.5, 300, 0.0, 0.0, 0.0,  0, 0.0000,   365, 0.0,24.4, 0.0
M3,13/07/22,09:58:24,     1,  4532,   410, 1014.5, 300, 0.0, 0.0, 0.0,  0, 0.0000,   373, 0.0,24.4, 0.0
M3,13/07/22,09:58:25,     1,  4533,   410, 1014.5, 300, 0.0, 0.0, 0.0,  0, 0.0000,   382, 0.0,24.4, 0.0
M3,13/07/22,09:58:26,     1,  4534,   410, 1014.5, 300, 0.0, 0.0, 0.0,  0, 0.0000,   393, 0.0,24.4, 0.0
M3,13/07/22,09:58:27,     1,  4535,   410, 1014.5, 300, 0.0, 0.0, 0.0,  0, 0.0000,   397, 0.0,24.4, 0.0
M3,13/07/22,09:58:28,     1,  4536,   410, 1014.5, 300, 0.0, 0.0, 0.0,  0, 0.0000,   404, 0.0,24.4, 0.0
M3,13/07/22,09:58:29,     1,  4537,   410, 1014.5, 300, 0.0, 0.0, 0.0,  0, 0.0000,   410, 0.0,24.4, 0.0
M3,13/07/22,09:58:30,     1,  4538,   410, 1014.5, 300, 0.0, 0.0, 0.0,  0, 0.0000,   420, 0.0,24.4, 0.0
M3,13/07/22,09:58:31,     1,  4539,   410, 1014.5, 300, 0.0, 0.0, 0.0,  0, 0.0000,   436, 0.0,24.4, 0.0
M3,13/07/22,09:58:32,     1,  4540,   410, 1014.5, 300, 0.0, 0.0, 0.0,  0, 0.0000,   481, 0.0,24.4, 0.0
M3,13/07/22,09:58:33,     1,  4541,   410, 1014.5, 300, 0.0, 0.0, 0.0,  0, 0.0000,   587, 0.0,24.4, 0.0
M3,13/07/22,09:58:34,     1,  4542,   410, 1014.5, 300, 0.0, 0.0, 0.0,  0, 0.0000,   653, 0.0,24.4, 0.0
M3,13/07/22,09:58:35,     1,  4543,   410, 1014.5, 300, 0.0, 0.0, 0.0,  0, 0.0000,   729, 0.0,24.4, 0.0
M3,13/07/22,09:58:36,     1,  4544,   410, 1014.5, 300, 0.0, 0.0, 0.0,  0, 0.0000,   812, 0.0,24.4, 0.0
M3,13/07/22,09:58:37,     1,  4545,   410, 1014.5, 300, 0.0, 0.0, 0.0,  0, 0.0000,   806, 0.0,24.4, 0.0
M3,13/07/22,09:58:38,     1,  4546,   411, 1014.5, 300, 0.0, 0.0, 0.0,  0, 0.0000,   811, 0.0,24.4, 0.0
M3,13/07/22,09:58:39,     1,  4547,   411, 1014.5, 300, 0.0, 0.0, 0.0,  0, 0.0000,   880, 0.0,24.4, 0.0
M3,13/07/22,09:58:40,     1,  4548,   411, 1014.5, 300, 0.0, 0.0, 0.0,  0, 0.0000,   894, 0.0,24.4, 0.0
M3,13/07/22,09:58:41,     1,  4549,   411, 1014.5, 300, 0.0, 0.0, 0.0,  0, 0.0000,   937, 0.0,24.4, 0.0
M3,13/07/22,09:58:42,     1,  4550,   411, 1014.5, 300, 0.0, 0.0, 0.0,  0, 0.0000,   920, 0.0,24.4, 0.0
M3,13/07/22,09:58:43,     1,  4551,   411, 1014.5, 300, 0.0, 0.0, 0.0,  0, 0.0000,   886, 0.0,24.4, 0.0
M3,13/07/22,09:58:44,     1,  4552,   410, 1014.5, 300, 0.0, 0.0, 0.0,  0, 0.0000,   867, 0.0,24.4, 0.0
M3,13/07/22,09:58:45,     1,  4553,   410, 1014.5, 300, 0.0, 0.0, 0.0,  0, 0.0000,   848, 0.0,24.4, 0.0
M3,13/07/22,09:58:46,     1,  4554,   410, 1014.5, 300, 0.0, 0.0, 0.0,  0, 0.0000,   854, 0.0,24.4, 0.0
M3,13/07/22,09:58:47,     1,  4555,   410, 1014.5, 300, 0.0, 0.0, 0.0,  0, 0.0000,   839, 0.0,24.4, 0.0
M3,13/07/22,09:58:48,     1,  4556,   410, 1014.5, 300, 0.0, 0.0, 0.0,  0, 0.0000,   864, 0.0,24.4, 0.0
M3,13/07/22,09:58:49,     1,  4557,   410, 1014.5, 300, 0.0, 0.0, 0.0,  0, 0.0000,   900, 0.0,24.4, 0.0
M3,13/07/22,09:58:50,     1,  4558,   410, 1014.5, 300, 0.0, 0.0, 0.0,  0, 0.0000,   870, 0.0,24.4, 0.0
M3,13/07/22,09:58:51,     1,  4559,   410, 1014.5, 300, 0.0, 0.0, 0.0,  0, 0.0000,   834, 0.0,24.4, 0.0
M3,13/07/22,09:58:52,     1,  4560,   411, 1014.5, 300, 0.0, 0.0, 0.0,  0, 0.0000,   825, 0.0,24.4, 0.0
M3,13/07/22,09:58:53,     1,  4561,   411, 1014.5, 300, 0.0, 0.0, 0.0,  0, 0.0000,   857, 0.0,24.4, 0.0
M3,13/07/22,09:58:54,     1,  4562,   411, 1014.5, 300, 0.0, 0.0, 0.0,  0, 0.0000,   870, 0.0,24.4, 0.0
M3,13/07/22,09:58:55,     1,  4563,   411, 1014.5, 300, 0.0, 0.0, 0.0,  0, 0.0000,   892, 0.0,24.4, 0.0
M3,13/07/22,09:58:56,     1,  4564,   411, 1014.5, 300, 0.0, 0.0, 0.0,  0, 0.0000,   838, 0.0,24.4, 0.0
M3,13/07/22,09:58:57,     1,  4565,   411, 1014.5, 300, 0.0, 0.0, 0.0,  0, 0.0000,   818, 0.0,24.4, 0.0
M3,13/07/22,09:58:58,     1,  4566,   411, 1014.5, 300, 0.0, 0.0, 0.0,  0, 0.0000,   829, 0.0,24.4, 0.0
M3,13/07/22,09:58:59,     1,  4567,   411, 1014.5, 300, 0.0, 0.0, 0.0,  0, 0.0000,   798, 0.0,24.4, 0.0
M3,13/07/22,09:59:00,     1,  4568,   411, 1014.5, 300, 0.0, 0.0, 0.0,  0, 0.0000,   772, 0.0,24.4, 0.0
M3,13/07/22,09:59:01,     1,  4569,   411, 1014.5, 300, 0.0, 0.0, 0.0,  0, 0.0000,   785, 0.0,24.4, 0.0
M3,13/07/22,09:59:02,     1,  4570,   411, 1014.5, 300, 0.0, 0.0, 0.0,  0, 0.0000,   769, 0.0,24.4, 0.0
M3,13/07/22,09:59:03,     1,  4571,   410, 1014.5, 300, 0.0, 0.0, 0.0,  0, 0.0000,   797, 0.0,24.4, 0.0
M3,13/07/22,09:59:04,     1,  4572,   410, 1014.5, 300, 0.0, 0.0, 0.0,  0, 0.0000,   796, 0.0,24.4, 0.0
M3,13/07/22,09:59:05,     1,  4573,   410, 1014.5, 300, 0.0, 0.0, 0.0,  0, 0.0000,   784, 0.0,24.4, 0.0
M3,13/07/22,09:59:06,     1,  4574,   410, 1014.5, 300, 0.0, 0.0, 0.0,  0, 0.0000,   804, 0.0,24.4, 0.0
M3,13/07/22,09:59:07,     1,  4575,   410, 1014.5, 300, 0.0, 0.0, 0.0,  0, 0.0000,   760, 0.0,24.4, 0.0
M3,13/07/22,09:59:09,     1,  4576,   410, 1014.5, 300, 0.0, 0.0, 0.0,  0, 0.0000,   712, 0.0,24.4, 0.0
M3,13/07/22,09:59:10,     1,  4577,   410, 1014.5, 300, 0.0, 0.0, 0.0,  0, 0.0000,   721, 0.0,24.4, 0.0
M3,13/07/22,09:59:11,     1,  4578,   410, 1014.5, 300, 0.0, 0.0, 0.0,  0, 0.0000,   760, 0.0,24.4, 0.0
M3,13/07/22,09:59:12,     1,  4579,   410, 1014.5, 300, 0.0, 0.0, 0.0,  0, 0.0000,   810, 0.0,24.4, 0.0
M3,13/07/22,09:59:13,     1,  4580,   410, 1014.5, 300, 0.0, 0.0, 0.0,  0, 0.0000,   874, 0.0,24.4, 0.0
M3,13/07/22,09:59:14,     1,  4581,   410, 1014.5, 300, 0.0, 0.0, 0.0,  0, 0.0000,   880, 0.0,24.4, 0.0
M3,13/07/22,09:59:15,     1,  4582,   410, 1014.5, 300, 0.0, 0.0, 0.0,  0, 0.0000,   812, 0.0,24.4, 0.0
M3,13/07/22,09:59:16,     1,  4583,   410, 1014.5, 300, 0.0, 0.0, 0.0,  0, 0.0000,   798, 0.0,24.4, 0.0
M3,13/07/22,09:59:17,     1,  4584,   410, 1014.5, 300, 0.0, 0.0, 0.0,  0, 0.0000,   777, 0.0,24.4, 0.0
M3,13/07/22,09:59:18,     1,  4585,   410, 1014.5, 300, 0.0, 0.0, 0.0,  0, 0.0000,   704, 0.0,24.4, 0.0
M3,13/07/22,09:59:19,     1,  4586,   410, 1014.5, 300, 0.0, 0.0, 0.0,  0, 0.0000,   648, 0.0,24.4, 0.0
M3,13/07/22,09:59:20,     1,  4587,   410, 1014.5, 300, 0.0, 0.0, 0.0,  0, 0.0000,   680, 0.0,24.4, 0.0
M3,13/07/22,09:59:21,     1,  4588,   410, 1014.5, 300, 0.0, 0.0, 0.0,  0, 0.0000,   719, 0.0,24.4, 0.0
M3,13/07/22,09:59:22,     1,  4589,   410, 1014.5, 300, 0.0, 0.0, 0.0,  0, 0.0000,   757, 0.0,24.4, 0.0
M3,13/07/22,09:59:23,     1,  4590,   410, 1014.5, 300, 0.0, 0.0, 0.0,  0, 0.0000,   771, 0.0,24.4, 0.0
M3,13/07/22,09:59:24,     1,  4591,   410, 1014.5, 300, 0.0, 0.0, 0.0,  0, 0.0000,   735, 0.0,24.4, 0.0
M3,13/07/22,09:59:25,     1,  4592,   410, 1014.5, 300, 0.0, 0.0, 0.0,  0, 0.0000,   735, 0.0,24.4, 0.0
M3,13/07/22,09:59:26,     1,  4593,   410, 1014.5, 300, 0.0, 0.0, 0.0,  0, 0.0000,   781, 0.0,24.4, 0.0
M3,13/07/22,09:59:27,     1,  4594,   410, 1014.5, 301, 0.0, 0.0, 0.0,  0, 0.0000,   762, 0.0,24.4, 0.0
