Tag(M3),Date,Time,Plot_No,Rec_No,CO2,Pressure,Flow,H2O,Tsen,O2,Error,Aux_V,PAR,Tsoil,Tair,Msoil
M3,13/07/22,10:57:13,     1,  8036,   403, 1015.0, 300, 0.0, 0.0, 0.0,  0, 0.0000,  1023, 0.0,28.4, 0.0
M3,13/07/22,10:57:14,     1,  8037,   403, 1015.0, 300, 0.0, 0.0, 0.0,  0, 0.0000,  1212, 0.0,28.4, 0.0
M3,13/07/22,10:57:15,     1,  8038,   403, 1015.0, 300, 0.0, 0.0, 0.0,  0, 0.0000,  1384, 0.0,28.4, 0.0
M3,13/07/22,10:57:16,     1,  8039,   404, 1015.0, 300, 0.0, 0.0, 0.0,  0, 0.0000,  1416, 0.0,28.5, 0.0
M3,13/07/22,10:57:17,     1,  8040,   404, 1015.0, 300, 0.0, 0.0, 0.0,  0, 0.0000,  1457, 0.0,28.5, 0.0
M3,13/07/22,10:57:18,     1,  8041,   404, 1015.0, 299, 0.0, 0.0, 0.0,  0, 0.0000,  1503, 0.0,28.5, 0.0
M3,13/07/22,10:57:19,     1,  8042,   404, 1015.0, 298, 0.0, 0.0, 0.0,  0, 0.0000,  1538, 0.0,28.5, 0.0
M3,13/07/22,10:57:20,     1,  8043,   403, 1015.0, 299, 0.0, 0.0, 0.0,  0, 0.0000,  1565, 0.0,28.5, 0.0
M3,13/07/22,10:57:21,     1,  8044,   403, 1015.0, 300, 0.0, 0.0, 0.0,  0, 0.0000,  1566, 0.0,28.5, 0.0
M3,13/07/22,10:57:22,     1,  8045,   403, 1015.0, 300, 0.0, 0.0, 0.0,  0, 0.0000,  1565, 0.0,28.5, 0.0
M3,13/07/22,10:57:23,     1,  8046,   403, 1015.0, 300, 0.0, 0.0, 0.0,  0, 0.0000,  1573, 0.0,28.5, 0.0
M3,13/07/22,10:57:24,     1,  8047,   403, 1015.0, 300, 0.0, 0.0, 0.0,  0, 0.0000,  1569, 0.0,28.5, 0.0
M3,13/07/22,10:57:25,     1,  8048,   403, 1015.0, 300, 0.0, 0.0, 0.0,  0, 0.0000,  1556, 0.0,28.5, 0.0
M3,13/07/22,10:57:26,     1,  8049,   404, 1015.0, 300, 0.0, 0.0, 0.0,  0, 0.0000,  1546, 0.0,28.5, 0.0
M3,13/07/22,10:57:27,     1,  8050,   404, 1015.0, 300, 0.0, 0.0, 0.0,  0, 0.0000,  1535, 0.0,28.5, 0.0
M3,13/07/22,10:57:28,     1,  8051,   404, 1015.0, 300, 0.0, 0.0, 0.0,  0, 0.0000,  1527, 0.0,28.5, 0.0
M3,13/07/22,10:57:29,     1,  8052,   404, 1015.0, 300, 0.0, 0.0, 0.0,  0, 0.0000,  1529, 0.0,28.5, 0.0
M3,13/07/22,10:57:30,     1,  8053,   404, 1015.0, 300, 0.0, 0.0, 0.0,  0, 0.0000,  1544, 0.0,28.5, 0.0
M3,13/07/22,10:57:31,     1,  8054,   403, 1015.0, 300, 0.0, 0.0, 0.0,  0, 0.0000,  1573, 0.0,28.5, 0.0
M3,13/07/22,10:57:32,     1,  8055,   403, 1015.0, 300, 0.0, 0.0, 0.0,  0, 0.0000,  1587, 0.0,28.5, 0.0
M3,13/07/22,10:57:33,     1,  8056,   403, 1015.0, 300, 0.0, 0.0, 0.0,  0, 0.0000,  1500, 0.0,28.5, 0.0
M3,13/07/22,10:57:34,     1,  8057,   403, 1015.0, 300, 0.0, 0.0, 0.0,  0, 0.0000,  1332, 0.0,28.5, 0.0
M3,13/07/22,10:57:35,     1,  8058,   403, 1015.0, 300, 0.0, 0.0, 0.0,  0, 0.0000,  1345, 0.0,28.5, 0.0
M3,13/07/22,10:57:36,     1,  8059,   403, 1015.0, 300, 0.0, 0.0, 0.0,  0, 0.0000,  1485, 0.0,28.6, 0.0
M3,13/07/22,10:57:37,     1,  8060,   404, 1015.0, 300, 0.0, 0.0, 0.0,  0, 0.0000,  1598, 0.0,28.6, 0.0
M3,13/07/22,10:57:38,     1,  8061,   404, 1015.0, 300, 0.0, 0.0, 0.0,  0, 0.0000,  1647, 0.0,28.6, 0.0
M3,13/07/22,10:57:39,     1,  8062,   404, 1015.0, 300, 0.0, 0.0, 0.0,  0, 0.0000,  1659, 0.0,28.6, 0.0
M3,13/07/22,10:57:40,     1,  8063,   404, 1015.0, 300, 0.0, 0.0, 0.0,  0, 0.0000,  1655, 0.0,28.6, 0.0
M3,13/07/22,10:57:41,     1,  8064,   403, 1015.0, 300, 0.0, 0.0, 0.0,  0, 0.0000,  1646, 0.0,28.6, 0.0
M3,13/07/22,10:57:42,     1,  8065,   403, 1015.0, 300, 0.0, 0.0, 0.0,  0, 0.0000,  1637, 0.0,28.6, 0.0
M3,13/07/22,10:57:43,     1,  8066,   403, 1015.0, 300, 0.0, 0.0, 0.0,  0, 0.0000,  1633, 0.0,28.6, 0.0
M3,13/07/22,10:57:44,     1,  8067,   403, 1015.0, 300, 0.0, 0.0, 0.0,  0, 0.0000,  1578, 0.0,28.6, 0.0
M3,13/07/22,10:57:45,     1,  8068,   403, 1015.0, 300, 0.0, 0.0, 0.0,  0, 0.0000,  1345, 0.0,28.6, 0.0
M3,13/07/22,10:57:46,     1,  8069,   403, 1015.0, 300, 0.0, 0.0, 0.0,  0, 0.0000,  1116, 0.0,28.6, 0.0
M3,13/07/22,10:57:47,     1,  8070,   403, 1015.0, 300, 0.0, 0.0, 0.0,  0, 0.0000,   987, 0.0,28.6, 0.0
M3,13/07/22,10:57:48,     1,  8071,   403, 1015.0, 300, 0.0, 0.0, 0.0,  0, 0.0000,   890, 0.0,28.6, 0.0
M3,13/07/22,10:57:49,     1,  8072,   403, 1015.0, 300, 0.0, 0.0, 0.0,  0, 0.0000,   838, 0.0,28.6, 0.0
M3,13/07/22,10:57:50,     1,  8073,   403, 1015.0, 300, 0.0, 0.0, 0.0,  0, 0.0000,   718, 0.0,28.6, 0.0
M3,13/07/22,10:57:51,     1,  8074,   403, 1015.0, 300, 0.0, 0.0, 0.0,  0, 0.0000,   924, 0.0,28.6, 0.0
M3,13/07/22,10:57:52,     1,  8075,   403, 1015.0, 300, 0.0, 0.0, 0.0,  0, 0.0000,  1197, 0.0,28.6, 0.0
M3,13/07/22,10:57:53,     1,  8076,   403, 1015.0, 300, 0.0, 0.0, 0.0,  0, 0.0000,  1236, 0.0,28.6, 0.0
M3,13/07/22,10:57:54,     1,  8077,   403, 1015.0, 300, 0.0, 0.0, 0.0,  0, 0.0000,  1384, 0.0,28.6, 0.0
M3,13/07/22,10:57:56,     1,  8078,   403, 1015.0, 300, 0.0, 0.0, 0.0,  0, 0.0000,  1599, 0.0,28.6, 0.0
M3,13/07/22,10:57:57,     1,  8079,   403, 1015.0, 300, 0.0, 0.0, 0.0,  0, 0.0000,  1671, 0.0,28.6, 0.0
M3,13/07/22,10:57:58,     1,  8080,   403, 1015.0, 300, 0.0, 0.0, 0.0,  0, 0.0000,  1718, 0.0,28.6, 0.0
M3,13/07/22,10:57:59,     1,  8081,   403, 1015.0, 300, 0.0, 0.0, 0.0,  0, 0.0000,  1724, 0.0,28.6, 0.0
M3,13/07/22,10:58:00,     1,  8082,   403, 1015.0, 300, 0.0, 0.0, 0.0,  0, 0.0000,  1725, 0.0,28.6, 0.0
M3,13/07/22,10:58:01,     1,  8083,   403, 1015.0, 300, 0.0, 0.0, 0.0,  0, 0.0000,  1722, 0.0,28.6, 0.0
M3,13/07/22,10:58:02,     1,  8084,   403, 1015.0, 300, 0.0, 0.0, 0.0,  0, 0.0000,  1719, 0.0,28.6, 0.0
M3,13/07/22,10:58:03,     1,  8085,   403, 1015.0, 300, 0.0, 0.0, 0.0,  0, 0.0000,  1717, 0.0,28.6, 0.0
M3,13/07/22,10:58:04,     1,  8086,   403, 1015.0, 300, 0.0, 0.0, 0.0,  0, 0.0000,  1714, 0.0,28.6, 0.0
M3,13/07/22,10:58:05,     1,  8087,   403, 1015.0, 300, 0.0, 0.0, 0.0,  0, 0.0000,  1707, 0.0,28.6, 0.0
M3,13/07/22,10:58:06,     1,  8088,   403, 1015.0, 300, 0.0, 0.0, 0.0,  0, 0.0000,  1707, 0.0,28.6, 0.0
M3,13/07/22,10:58:07,     1,  8089,   403, 1015.0, 300, 0.0, 0.0, 0.0,  0, 0.0000,  1698, 0.0,28.6, 0.0
M3,13/07/22,10:58:08,     1,  8090,   403, 1015.0, 300, 0.0, 0.0, 0.0,  0, 0.0000,  1694, 0.0,28.6, 0.0
M3,13/07/22,10:58:09,     1,  8091,   404, 1015.0, 300, 0.0, 0.0, 0.0,  0, 0.0000,  1712, 0.0,28.6, 0.0
M3,13/07/22,10:58:10,     1,  8092,   404, 1015.0, 300, 0.0, 0.0, 0.0,  0, 0.0000,  1724, 0.0,28.6, 0.0
M3,13/07/22,10:58:11,     1,  8093,   404, 1015.0, 300, 0.0, 0.0, 0.0,  0, 0.0000,  1732, 0.0,28.6, 0.0
M3,13/07/22,10:58:12,     1,  8094,   404, 1015.0, 300, 0.0, 0.0, 0.0,  0, 0.0000,  1739, 0.0,28.7, 0.0
M3,13/07/22,10:58:13,     1,  8095,   404, 1015.0, 300, 0.0, 0.0, 0.0,  0, 0.0000,  1744, 0.0,28.7, 0.0
M3,13/07/22,10:58:14,     1,  8096,   404, 1015.0, 300, 0.0, 0.0, 0.0,  0, 0.0000,  1747, 0.0,28.7, 0.0
M3,13/07/22,10:58:15,     1,  8097,   404, 1015.0, 300, 0.0, 0.0, 0.0,  0, 0.0000,  1746, 0.0,28.7, 0.0
M3,13/07/22,10:58:16,     1,  8098,   404, 1015.0, 300, 0.0, 0.0, 0.0,  0, 0.0000,  1747, 0.0,28.7, 0.0
M3,13/07/22,10:58:17,     1,  8099,   405, 1015.0, 300, 0.0, 0.0, 0.0,  0, 0.0000,  1747, 0.0,28.7, 0.0
M3,13/07/22,10:58:18,     1,  8100,   405, 1015.0, 300, 0.0, 0.0, 0.0,  0, 0.0000,  1753, 0.0,28.7, 0.0
M3,13/07/22,10:58:19,     1,  8101,   405, 1015.0, 300, 0.0, 0.0, 0.0,  0, 0.0000,  1757, 0.0,28.7, 0.0
M3,13/07/22,10:58:20,     1,  8102,   405, 1015.0, 300, 0.0, 0.0, 0.0,  0, 0.0000,  1761, 0.0,28.7, 0.0
M3,13/07/22,10:58:21,     1,  8103,   405, 1015.0, 300, 0.0, 0.0, 0.0,  0, 0.0000,  1764, 0.0,28.7, 0.0
M3,13/07/22,10:58:22,     1,  8104,   405, 1015.0, 300, 0.0, 0.0, 0.0,  0, 0.0000,  1769, 0.0,28.7, 0.0
M3,13/07/22,10:58:23,     1,  8105,   405, 1015.0, 300, 0.0, 0.0, 0.0,  0, 0.0000,  1771, 0.0,28.7, 0.0
M3,13/07/22,10:58:24,     1,  8106,   405, 1015.0, 300, 0.0, 0.0, 0.0,  0, 0.0000,  1771, 0.0,28.7, 0.0
M3,13/07/22,10:58:25,     1,  8107,   404, 1015.0, 300, 0.0, 0.0, 0.0,  0, 0.0000,  1772, 0.0,28.7, 0.0
M3,13/07/22,10:58:26,     1,  8108,   404, 1015.0, 300, 0.0, 0.0, 0.0,  0, 0.0000,  1770, 0.0,28.7, 0.0
M3,13/07/22,10:58:27,     1,  8109,   405, 1015.0, 300, 0.0, 0.0, 0.0,  0, 0.0000,  1765, 0.0,28.7, 0.0
M3,13/07/22,10:58:28,     1,  8110,   405, 1015.0, 300, 0.0, 0.0, 0.0,  0, 0.0000,  1763, 0.0,28.7, 0.0
M3,13/07/22,10:58:29,     1,  8111,   405, 1015.0, 300, 0.0, 0.0, 0.0,  0, 0.0000,  1764, 0.0,28.7, 0.0
M3,13/07/22,10:58:30,     1,  8112,   405, 1015.0, 300, 0.0, 0.0, 0.0,  0, 0.0000,  1769, 0.0,28.7, 0.0
M3,13/07/22,10:58:31,     1,  8113,   405, 1015.0, 300, 0.0, 0.0, 0.0,  0, 0.0000,  1779, 0.0,28.7, 0.0
M3,13/07/22,10:58:32,     1,  8114,   405, 1015.0, 300, 0.0, 0.0, 0.0,  0, 0.0000,  1787, 0.0,28.7, 0.0
M3,13/07/22,10:58:33,     1,  8115,   404, 1015.0, 300, 0.0, 0.0, 0.0,  0, 0.0000,  1795, 0.0,28.7, 0.0
M3,13/07/22,10:58:34,     1,  8116,   404, 1015.0, 300, 0.0, 0.0, 0.0,  0, 0.0000,  1799, 0.0,28.7, 0.0
M3,13/07/22,10:58:35,     1,  8117,   404, 1015.0, 300, 0.0, 0.0, 0.0,  0, 0.0000,  1803, 0.0,28.7, 0.0
M3,13/07/22,10:58:36,     1,  8118,   404, 1015.0, 300, 0.0, 0.0, 0.0,  0, 0.0000,  1805, 0.0,28.7, 0.0
M3,13/07/22,10:58:37,     1,  8119,   404, 1015.0, 300, 0.0, 0.0, 0.0,  0, 0.0000,  1807, 0.0,28.8, 0.0
M3,13/07/22,10:58:38,     1,  8120,   405, 1015.0, 300, 0.0, 0.0, 0.0,  0, 0.0000,  1811, 0.0,28.8, 0.0
M3,13/07/22,10:58:39,     1,  8121,   405, 1015.0, 300, 0.0, 0.0, 0.0,  0, 0.0000,  1815, 0.0,28.8, 0.0
M3,13/07/22,10:58:40,     1,  8122,   405, 1015.0, 300, 0.0, 0.0, 0.0,  0, 0.0000,  1822, 0.0,28.8, 0.0
M3,13/07/22,10:58:41,     1,  8123,   405, 1015.0, 300, 0.0, 0.0, 0.0,  0, 0.0000,  1831, 0.0,28.8, 0.0
M3,13/07/22,10:58:42,     1,  8124,   405, 1015.0, 300, 0.0, 0.0, 0.0,  0, 0.0000,  1830, 0.0,28.8, 0.0
M3,13/07/22,10:58:43,     1,  8125,   405, 1015.0, 300, 0.0, 0.0, 0.0,  0, 0.0000,  1824, 0.0,28.8, 0.0
M3,13/07/22,10:58:44,     1,  8126,   404, 1015.0, 300, 0.0, 0.0, 0.0,  0, 0.0000,  1816, 0.0,28.8, 0.0
M3,13/07/22,10:58:45,     1,  8127,   405, 1015.0, 300, 0.0, 0.0, 0.0,  0, 0.0000,  1816, 0.0,28.8, 0.0
M3,13/07/22,10:58:46,     1,  8128,   405, 1015.0, 300, 0.0, 0.0, 0.0,  0, 0.0000,  1822, 0.0,28.8, 0.0
M3,13/07/22,10:58:47,     1,  8129,   405, 1015.0, 300, 0.0, 0.0, 0.0,  0, 0.0000,  1833, 0.0,28.8, 0.0
M3,13/07/22,10:58:48,     1,  8130,   405, 1015.0, 300, 0.0, 0.0, 0.0,  0, 0.0000,  1843, 0.0,28.8, 0.0
M3,13/07/22,10:58:49,     1,  8131,   405, 1015.0, 300, 0.0, 0.0, 0.0,  0, 0.0000,  1853, 0.0,28.8, 0.0
M3,13/07/22,10:58:50,     1,  8132,   405, 1015.0, 300, 0.0, 0.0, 0.0,  0, 0.0000,  1861, 0.0,28.8, 0.0
M3,13/07/22,10:58:51,     1,  8133,   405, 1015.0, 300, 0.0, 0.0, 0.0,  0, 0.0000,  1869, 0.0,28.8, 0.0
M3,13/07/22,10:58:52,     1,  8134,   405, 1015.0, 300, 0.0, 0.0, 0.0,  0, 0.0000,  1871, 0.0,28.8, 0.0
M3,13/07/22,10:58:53,     1,  8135,   405, 1015.0, 300, 0.0, 0.0, 0.0,  0, 0.0000,  1872, 0.0,28.8, 0.0
M3,13/07/22,10:58:54,     1,  8136,   405, 1015.0, 300, 0.0, 0.0, 0.0,  0, 0.0000,  1869, 0.0,28.8, 0.0
M3,13/07/22,10:58:55,     1,  8137,   405, 1015.0, 300, 0.0, 0.0, 0.0,  0, 0.0000,  1865, 0.0,28.8, 0.0
M3,13/07/22,10:58:56,     1,  8138,   405, 1015.0, 300, 0.0, 0.0, 0.0,  0, 0.0000,  1866, 0.0,28.8, 0.0
M3,13/07/22,10:58:57,     1,  8139,   405, 1015.1, 300, 0.0, 0.0, 0.0,  0, 0.0000,  1868, 0.0,28.8, 0.0
M3,13/07/22,10:58:58,     1,  8140,   405, 1015.1, 300, 0.0, 0.0, 0.0,  0, 0.0000,  1872, 0.0,28.8, 0.0
M3,13/07/22,10:58:59,     1,  8141,   404, 1015.1, 300, 0.0, 0.0, 0.0,  0, 0.0000,  1882, 0.0,28.8, 0.0
M3,13/07/22,10:59:00,     1,  8142,   404, 1015.1, 300, 0.0, 0.0, 0.0,  0, 0.0000,  1891, 0.0,28.8, 0.0
M3,13/07/22,10:59:01,     1,  8143,   404, 1015.1, 300, 0.0, 0.0, 0.0,  0, 0.0000,  1898, 0.0,28.8, 0.0
M3,13/07/22,10:59:02,     1,  8144,   403, 1015.0, 300, 0.0, 0.0, 0.0,  0, 0.0000,  1902, 0.0,28.8, 0.0
M3,13/07/22,10:59:03,     1,  8145,   403, 1015.0, 300, 0.0, 0.0, 0.0,  0, 0.0000,  1903, 0.0,28.8, 0.0
M3,13/07/22,10:59:04,     1,  8146,   403, 1015.0, 300, 0.0, 0.0, 0.0,  0, 0.0000,  1902, 0.0,28.8, 0.0
M3,13/07/22,10:59:05,     1,  8147,   404, 1015.0, 300, 0.0, 0.0, 0.0,  0, 0.0000,  1899, 0.0,28.9, 0.0
M3,13/07/22,10:59:06,     1,  8148,   404, 1015.0, 300, 0.0, 0.0, 0.0,  0, 0.0000,  1899, 0.0,28.9, 0.0
M3,13/07/22,10:59:07,     1,  8149,   404, 1015.0, 300, 0.0, 0.0, 0.0,  0, 0.0000,  1906, 0.0,28.9, 0.0
M3,13/07/22,10:59:08,     1,  8150,   404, 1015.0, 300, 0.0, 0.0, 0.0,  0, 0.0000,  1912, 0.0,28.9, 0.0
M3,13/07/22,10:59:09,     1,  8151,   404, 1015.0, 300, 0.0, 0.0, 0.0,  0, 0.0000,  1916, 0.0,28.9, 0.0
M3,13/07/22,10:59:10,     1,  8152,   404, 1015.0, 300, 0.0, 0.0, 0.0,  0, 0.0000,  1917, 0.0,28.9, 0.0
M3,13/07/22,10:59:11,     1,  8153,   404, 1015.0, 300, 0.0, 0.0, 0.0,  0, 0.0000,  1907, 0.0,28.9, 0.0
M3,13/07/22,10:59:12,     1,  8154,   404, 1015.0, 300, 0.0, 0.0, 0.0,  0, 0.0000,  1861, 0.0,28.9, 0.0
M3,13/07/22,10:59:13,     1,  8155,   404, 1015.0, 300, 0.0, 0.0, 0.0,  0, 0.0000,  1847, 0.0,28.9, 0.0
M3,13/07/22,10:59:14,     1,  8156,   404, 1015.0, 300, 0.0, 0.0, 0.0,  0, 0.0000,  1851, 0.0,28.9, 0.0
M3,13/07/22,10:59:15,     1,  8157,   404, 1015.0, 300, 0.0, 0.0, 0.0,  0, 0.0000,  1613, 0.0,28.9, 0.0
M3,13/07/22,10:59:16,     1,  8158,   404, 1015.0, 300, 0.0, 0.0, 0.0,  0, 0.0000,  1389, 0.0,28.9, 0.0
M3,13/07/22,10:59:17,     1,  8159,   404, 1015.0, 300, 0.0, 0.0, 0.0,  0, 0.0000,  1420, 0.0,28.9, 0.0
M3,13/07/22,10:59:18,     1,  8160,   404, 1015.0, 300, 0.0, 0.0, 0.0,  0, 0.0000,  1524, 0.0,28.9, 0.0
M3,13/07/22,10:59:19,     1,  8161,   404, 1015.0, 300, 0.0, 0.0, 0.0,  0, 0.0000,  1547, 0.0,28.9, 0.0
M3,13/07/22,10:59:20,     1,  8162,   404, 1015.1, 300, 0.0, 0.0, 0.0,  0, 0.0000,  1412, 0.0,28.9, 0.0
M3,13/07/22,10:59:21,     1,  8163,   404, 1015.1, 300, 0.0, 0.0, 0.0,  0, 0.0000,  1488, 0.0,28.9, 0.0
M3,13/07/22,10:59:22,     1,  8164,   404, 1015.1, 300, 0.0, 0.0, 0.0,  0, 0.0000,  1429, 0.0,28.9, 0.0
M3,13/07/22,10:59:23,     1,  8165,   405, 1015.1, 299, 0.0, 0.0, 0.0,  0, 0.0000,  1153, 0.0,28.9, 0.0
M3,13/07/22,10:59:24,     1,  8166,   405, 1015.1, 300, 0.0, 0.0, 0.0,  0, 0.0000,   682, 0.0,28.9, 0.0
M3,13/07/22,10:59:25,     1,  8167,   405, 1015.1, 300, 0.0, 0.0, 0.0,  0, 0.0000,   672, 0.0,28.9, 0.0
M3,13/07/22,10:59:26,     1,  8168,   405, 1015.1, 300, 0.0, 0.0, 0.0,  0, 0.0000,   717, 0.0,28.9, 0.0
M3,13/07/22,10:59:27,     1,  8169,   405, 1015.1, 300, 0.0, 0.0, 0.0,  0, 0.0000,   688, 0.0,28.9, 0.0
M3,13/07/22,10:59:28,     1,  8170,   405, 1015.1, 300, 0.0, 0.0, 0.0,  0, 0.0000,   622, 0.0,28.9, 0.0
M3,13/07/22,10:59:29,     1,  8171,   405, 1015.1, 300, 0.0, 0.0, 0.0,  0, 0.0000,   658, 0.0,28.9, 0.0
M3,13/07/22,10:59:30,     1,  8172,   405, 1015.1, 300, 0.0, 0.0, 0.0,  0, 0.0000,   690, 0.0,28.9, 0.0
M3,13/07/22,10:59:31,     1,  8173,   405, 1015.1, 300, 0.0, 0.0, 0.0,  0, 0.0000,   688, 0.0,28.9, 0.0
M3,13/07/22,10:59:32,     1,  8174,   405, 1015.1, 300, 0.0, 0.0, 0.0,  0, 0.0000,   687, 0.0,28.9, 0.0
M3,13/07/22,10:59:33,     1,  8175,   405, 1015.1, 300, 0.0, 0.0, 0.0,  0, 0.0000,   699, 0.0,28.9, 0.0
M3,13/07/22,10:59:34,     1,  8176,   405, 1015.1, 300, 0.0, 0.0, 0.0,  0, 0.0000,   693, 0.0,28.9, 0.0
M3,13/07/22,10:59:35,     1,  8177,   405, 1015.1, 300, 0.0, 0.0, 0.0,  0, 0.0000,   676, 0.0,28.9, 0.0
M3,13/07/22,10:59:36,     1,  8178,   405, 1015.1, 300, 0.0, 0.0, 0.0,  0, 0.0000,   655, 0.0,28.9, 0.0
M3,13/07/22,10:59:37,     1,  8179,   405, 1015.0, 300, 0.0, 0.0, 0.0,  0, 0.0000,   933, 0.0,28.9, 0.0
M3,13/07/22,10:59:38,     1,  8180,   405, 1015.0, 300, 0.0, 0.0, 0.0,  0, 0.0000,  1184, 0.0,28.9, 0.0
M3,13/07/22,10:59:39,     1,  8181,   405, 1015.0, 300, 0.0, 0.0, 0.0,  0, 0.0000,  1138, 0.0,28.9, 0.0
M3,13/07/22,10:59:40,     1,  8182,   405, 1015.0, 300, 0.0, 0.0, 0.0,  0, 0.0000,  1150, 0.0,28.9, 0.0
M3,13/07/22,10:59:41,     1,  8183,   405, 1015.0, 300, 0.0, 0.0, 0.0,  0, 0.0000,  1204, 0.0,28.9, 0.0
M3,13/07/22,10:59:42,     1,  8184,   405, 1015.0, 300, 0.0, 0.0, 0.0,  0, 0.0000,  1173, 0.0,28.9, 0.0
M3,13/07/22,10:59:43,     1,  8185,   405, 1015.0, 300, 0.0, 0.0, 0.0,  0, 0.0000,  1090, 0.0,28.9, 0.0
M3,13/07/22,10:59:44,     1,  8186,   405, 1015.0, 300, 0.0, 0.0, 0.0,  0, 0.0000,  1055, 0.0,28.9, 0.0
M3,13/07/22,10:59:45,     1,  8187,   405, 1015.0, 300, 0.0, 0.0, 0.0,  0, 0.0000,  1048, 0.0,28.9, 0.0
M3,13/07/22,10:59:46,     1,  8188,   405, 1015.0, 300, 0.0, 0.0, 0.0,  0, 0.0000,  1169, 0.0,28.9, 0.0
M3,13/07/22,10:59:47,     1,  8189,   405, 1015.0, 300, 0.0, 0.0, 0.0,  0, 0.0000,  1372, 0.0,28.9, 0.0
M3,13/07/22,10:59:48,     1,  8190,   405, 1015.0, 300, 0.0, 0.0, 0.0,  0, 0.0000,  1382, 0.0,28.9, 0.0
M3,13/07/22,10:59:49,     1,  8191,   405, 1015.0, 300, 0.0, 0.0, 0.0,  0, 0.0000,  1303, 0.0,28.9, 0.0
M3,13/07/22,10:59:50,     1,  8192,   405, 1015.0, 300, 0.0, 0.0, 0.0,  0, 0.0000,  1508, 0.0,28.9, 0.0
M3,13/07/22,10:59:51,     1,  8193,   405, 1015.0, 300, 0.0, 0.0, 0.0,  0, 0.0000,  1549, 0.0,28.9, 0.0
M3,13/07/22,10:59:52,     1,  8194,   405, 1015.0, 300, 0.0, 0.0, 0.0,  0, 0.0000,  1589, 0.0,28.9, 0.0
M3,13/07/22,10:59:53,     1,  8195,   405, 1015.0, 300, 0.0, 0.0, 0.0,  0, 0.0000,  1006, 0.0,28.9, 0.0
M3,13/07/22,10:59:54,     1,  8196,   405, 1015.0, 300, 0.0, 0.0, 0.0,  0, 0.0000,   584, 0.0,28.9, 0.0
M3,13/07/22,10:59:55,     1,  8197,   405, 1015.0, 300, 0.0, 0.0, 0.0,  0, 0.0000,  1038, 0.0,28.9, 0.0
M3,13/07/22,10:59:56,     1,  8198,   405, 1015.0, 300, 0.0, 0.0, 0.0,  0, 0.0000,  1695, 0.0,29.0, 0.0
M3,13/07/22,10:59:57,     1,  8199,   405, 1015.0, 300, 0.0, 0.0, 0.0,  0, 0.0000,  1498, 0.0,29.0, 0.0
M3,13/07/22,10:59:58,     1,  8200,   405, 1015.0, 300, 0.0, 0.0, 0.0,  0, 0.0000,  1667, 0.0,29.0, 0.0
M3,13/07/22,10:59:59,     1,  8201,   405, 1015.0, 300, 0.0, 0.0, 0.0,  0, 0.0000,   663, 0.0,29.0, 0.0
M3,13/07/22,11:00:00,     1,  8202,   405, 1015.0, 300, 0.0, 0.0, 0.0,  0, 0.0000,   589, 0.0,29.0, 0.0
M3,13/07/22,11:00:01,     1,  8203,   405, 1015.0, 300, 0.0, 0.0, 0.0,  0, 0.0000,   630, 0.0,29.0, 0.0
M3,13/07/22,11:00:02,     1,  8204,   405, 1015.0, 300, 0.0, 0.0, 0.0,  0, 0.0000,  1409, 0.0,29.0, 0.0
M3,13/07/22,11:00:03,     1,  8205,   405, 1015.0, 300, 0.0, 0.0, 0.0,  0, 0.0000,   619, 0.0,29.0, 0.0
M3,13/07/22,11:00:04,     1,  8206,   405, 1015.0, 300, 0.0, 0.0, 0.0,  0, 0.0000,  1634, 0.0,29.0, 0.0
M3,13/07/22,11:00:05,     1,  8207,   405, 1015.0, 300, 0.0, 0.0, 0.0,  0, 0.0000,  1808, 0.0,29.0, 0.0
M3,13/07/22,11:00:06,     1,  8208,   405, 1015.0, 300, 0.0, 0.0, 0.0,  0, 0.0000,  1819, 0.0,29.0, 0.0
M3,13/07/22,11:00:07,     1,  8209,   405, 1015.0, 300, 0.0, 0.0, 0.0,  0, 0.0000,  1829, 0.0,29.0, 0.0
M3,13/07/22,11:00:08,     1,  8210,   405, 1015.0, 300, 0.0, 0.0, 0.0,  0, 0.0000,  1825, 0.0,29.0, 0.0
M3,13/07/22,11:00:09,     1,  8211,   406, 1015.1, 300, 0.0, 0.0, 0.0,  0, 0.0000,  1819, 0.0,29.0, 0.0
M3,13/07/22,11:00:10,     1,  8212,   406, 1015.1, 300, 0.0, 0.0, 0.0,  0, 0.0000,  1817, 0.0,29.0, 0.0
M3,13/07/22,11:00:11,     1,  8213,   406, 1015.1, 300, 0.0, 0.0, 0.0,  0, 0.0000,  1817, 0.0,29.0, 0.0
M3,13/07/22,11:00:12,     1,  8214,   405, 1015.1, 300, 0.0, 0.0, 0.0,  0, 0.0000,  1820, 0.0,29.0, 0.0
M3,13/07/22,11:00:13,     1,  8215,   405, 1015.1, 300, 0.0, 0.0, 0.0,  0, 0.0000,  1828, 0.0,29.0, 0.0
M3,13/07/22,11:00:14,     1,  8216,   405, 1015.1, 300, 0.0, 0.0, 0.0,  0, 0.0000,  1836, 0.0,29.0, 0.0
M3,13/07/22,11:00:15,     1,  8217,   405, 1015.1, 300, 0.0, 0.0, 0.0,  0, 0.0000,  1838, 0.0,29.0, 0.0
M3,13/07/22,11:00:17,     1,  8218,   405, 1015.1, 300, 0.0, 0.0, 0.0,  0, 0.0000,  1835, 0.0,29.0, 0.0
M3,13/07/22,11:00:18,     1,  8219,   406, 1015.1, 300, 0.0, 0.0, 0.0,  0, 0.0000,  1827, 0.0,29.0, 0.0
M3,13/07/22,11:00:19,     1,  8220,   406, 1015.1, 300, 0.0, 0.0, 0.0,  0, 0.0000,  1808, 0.0,29.0, 0.0
M3,13/07/22,11:00:20,     1,  8221,   406, 1015.1, 300, 0.0, 0.0, 0.0,  0, 0.0000,  1785, 0.0,29.0, 0.0
M3,13/07/22,11:00:21,     1,  8222,   406, 1015.1, 300, 0.0, 0.0, 0.0,  0, 0.0000,  1769, 0.0,29.0, 0.0
M3,13/07/22,11:00:22,     1,  8223,   405, 1015.1, 300, 0.0, 0.0, 0.0,  0, 0.0000,  1763, 0.0,29.0, 0.0
M3,13/07/22,11:00:23,     1,  8224,   405, 1015.1, 300, 0.0, 0.0, 0.0,  0, 0.0000,  1756, 0.0,29.0, 0.0
M3,13/07/22,11:00:24,     1,  8225,   406, 1015.1, 300, 0.0, 0.0, 0.0,  0, 0.0000,  1731, 0.0,29.1, 0.0
M3,13/07/22,11:00:25,     1,  8226,   406, 1015.1, 300, 0.0, 0.0, 0.0,  0, 0.0000,  1661, 0.0,29.1, 0.0
M3,13/07/22,11:00:26,     1,  8227,   406, 1015.1, 300, 0.0, 0.0, 0.0,  0, 0.0000,  1639, 0.0,29.1, 0.0
M3,13/07/22,11:00:27,     1,  8228,   406, 1015.1, 300, 0.0, 0.0, 0.0,  0, 0.0000,  1724, 0.0,29.1, 0.0
M3,13/07/22,11:00:28,     1,  8229,   406, 1015.1, 300, 0.0, 0.0, 0.0,  0, 0.0000,  1659, 0.0,29.1, 0.0
M3,13/07/22,11:00:29,     1,  8230,   406, 1015.1, 300, 0.0, 0.0, 0.0,  0, 0.0000,  1706, 0.0,29.1, 0.0
M3,13/07/22,11:00:30,     1,  8231,   406, 1015.1, 300, 0.0, 0.0, 0.0,  0, 0.0000,  1689, 0.0,29.1, 0.0
M3,13/07/22,11:00:31,     1,  8232,   406, 1015.1, 300, 0.0, 0.0, 0.0,  0, 0.0000,  1534, 0.0,29.1, 0.0
M3,13/07/22,11:00:32,     1,  8233,   406, 1015.1, 300, 0.0, 0.0, 0.0,  0, 0.0000,  1372, 0.0,29.1, 0.0
M3,13/07/22,11:00:33,     1,  8234,   406, 1015.1, 300, 0.0, 0.0, 0.0,  0, 0.0000,  1350, 0.0,29.1, 0.0
M3,13/07/22,11:00:34,     1,  8235,   406, 1015.1, 300, 0.0, 0.0, 0.0,  0, 0.0000,  1452, 0.0,29.1, 0.0
M3,13/07/22,11:00:35,     1,  8236,   406, 1015.1, 300, 0.0, 0.0, 0.0,  0, 0.0000,  1398, 0.0,29.1, 0.0
M3,13/07/22,11:00:36,     1,  8237,   406, 1015.1, 300, 0.0, 0.0, 0.0,  0, 0.0000,  1295, 0.0,29.1, 0.0
M3,13/07/22,11:00:37,     1,  8238,   406, 1015.1, 300, 0.0, 0.0, 0.0,  0, 0.0000,  1237, 0.0,29.1, 0.0
M3,13/07/22,11:00:38,     1,  8239,   406, 1015.1, 300, 0.0, 0.0, 0.0,  0, 0.0000,  1141, 0.0,29.1, 0.0
M3,13/07/22,11:00:39,     1,  8240,   406, 1015.1, 300, 0.0, 0.0, 0.0,  0, 0.0000,   939, 0.0,29.1, 0.0
M3,13/07/22,11:00:40,     1,  8241,   406, 1015.1, 300, 0.0, 0.0, 0.0,  0, 0.0000,   795, 0.0,29.1, 0.0
M3,13/07/22,11:00:41,     1,  8242,   405, 1015.1, 300, 0.0, 0.0, 0.0,  0, 0.0000,   762, 0.0,29.1, 0.0
M3,13/07/22,11:00:42,     1,  8243,   405, 1015.1, 300, 0.0, 0.0, 0.0,  0, 0.0000,   737, 0.0,29.1, 0.0
M3,13/07/22,11:00:43,     1,  8244,   405, 1015.1, 300, 0.0, 0.0, 0.0,  0, 0.0000,   710, 0.0,29.1, 0.0
M3,13/07/22,11:00:44,     1,  8245,   406, 1015.1, 300, 0.0, 0.0, 0.0,  0, 0.0000,   730, 0.0,29.1, 0.0
M3,13/07/22,11:00:45,     1,  8246,   406, 1015.1, 300, 0.0, 0.0, 0.0,  0, 0.0000,   719, 0.0,29.1, 0.0
M3,13/07/22,11:00:46,     1,  8247,   406, 1015.1, 300, 0.0, 0.0, 0.0,  0, 0.0000,   696, 0.0,29.1, 0.0
M3,13/07/22,11:00:47,     1,  8248,   406, 1015.1, 300, 0.0, 0.0, 0.0,  0, 0.0000,   727, 0.0,29.1, 0.0
M3,13/07/22,11:00:48,     1,  8249,   406, 1015.1, 300, 0.0, 0.0, 0.0,  0, 0.0000,   875, 0.0,29.1, 0.0
M3,13/07/22,11:00:49,     1,  8250,   406, 1015.1, 300, 0.0, 0.0, 0.0,  0, 0.0000,  1155, 0.0,29.1, 0.0
M3,13/07/22,11:00:50,     1,  8251,   406, 1015.1, 300, 0.0, 0.0, 0.0,  0, 0.0000,  1009, 0.0,29.1, 0.0
M3,13/07/22,11:00:51,     1,  8252,   406, 1015.1, 300, 0.0, 0.0, 0.0,  0, 0.0000,   705, 0.0,29.1, 0.0
M3,13/07/22,11:00:52,     1,  8253,   406, 1015.1, 300, 0.0, 0.0, 0.0,  0, 0.0000,  1186, 0.0,29.1, 0.0
M3,13/07/22,11:00:53,     1,  8254,   406, 1015.1, 300, 0.0, 0.0, 0.0,  0, 0.0000,  1817, 0.0,29.1, 0.0
M3,13/07/22,11:00:54,     1,  8255,   406, 1015.1, 300, 0.0, 0.0, 0.0,  0, 0.0000,  1796, 0.0,29.1, 0.0
M3,13/07/22,11:00:55,     1,  8256,   405, 1015.1, 300, 0.0, 0.0, 0.0,  0, 0.0000,  1828, 0.0,29.1, 0.0
M3,13/07/22,11:00:56,     1,  8257,   405, 1015.1, 300, 0.0, 0.0, 0.0,  0, 0.0000,  1838, 0.0,29.1, 0.0
M3,13/07/22,11:00:57,     1,  8258,   405, 1015.1, 300, 0.0, 0.0, 0.0,  0, 0.0000,  1779, 0.0,29.1, 0.0
M3,13/07/22,11:00:58,     1,  8259,   405, 1015.1, 300, 0.0, 0.0, 0.0,  0, 0.0000,  1756, 0.0,29.1, 0.0
M3,13/07/22,11:00:59,     1,  8260,   405, 1015.1, 300, 0.0, 0.0, 0.0,  0, 0.0000,  1850, 0.0,29.1, 0.0
M3,13/07/22,11:01:00,     1,  8261,   405, 1015.1, 300, 0.0, 0.0, 0.0,  0, 0.0000,  1834, 0.0,29.1, 0.0
M3,13/07/22,11:01:01,     1,  8262,   405, 1015.1, 300, 0.0, 0.0, 0.0,  0, 0.0000,  1821, 0.0,29.1, 0.0
M3,13/07/22,11:01:02,     1,  8263,   406, 1015.1, 300, 0.0, 0.0, 0.0,  0, 0.0000,  1798, 0.0,29.1, 0.0
M3,13/07/22,11:01:03,     1,  8264,   406, 1015.1, 300, 0.0, 0.0, 0.0,  0, 0.0000,  1775, 0.0,29.1, 0.0
M3,13/07/22,11:01:04,     1,  8265,   406, 1015.1, 300, 0.0, 0.0, 0.0,  0, 0.0000,  1750, 0.0,29.1, 0.0
M3,13/07/22,11:01:05,     1,  8266,   406, 1015.1, 300, 0.0, 0.0, 0.0,  0, 0.0000,  1728, 0.0,29.1, 0.0
M3,13/07/22,11:01:06,     1,  8267,   406, 1015.1, 300, 0.0, 0.0, 0.0,  0, 0.0000,  1711, 0.0,29.1, 0.0
M3,13/07/22,11:01:07,     1,  8268,   406, 1015.1, 300, 0.0, 0.0, 0.0,  0, 0.0000,  1704, 0.0,29.1, 0.0
M3,13/07/22,11:01:08,     1,  8269,   406, 1015.1, 300, 0.0, 0.0, 0.0,  0, 0.0000,  1667, 0.0,29.1, 0.0
M3,13/07/22,11:01:09,     1,  8270,   406, 1015.1, 300, 0.0, 0.0, 0.0,  0, 0.0000,  1367, 0.0,29.1, 0.0
M3,13/07/22,11:01:10,     1,  8271,   406, 1015.1, 300, 0.0, 0.0, 0.0,  0, 0.0000,  1681, 0.0,29.1, 0.0
M3,13/07/22,11:01:11,     1,  8272,   406, 1015.1, 300, 0.0, 0.0, 0.0,  0, 0.0000,  1687, 0.0,29.1, 0.0
M3,13/07/22,11:01:12,     1,  8273,   406, 1015.1, 300, 0.0, 0.0, 0.0,  0, 0.0000,  1691, 0.0,29.1, 0.0
M3,13/07/22,11:01:13,     1,  8274,   406, 1015.1, 300, 0.0, 0.0, 0.0,  0, 0.0000,  1730, 0.0,29.2, 0.0
M3,13/07/22,11:01:14,     1,  8275,   406, 1015.1, 300, 0.0, 0.0, 0.0,  0, 0.0000,  1747, 0.0,29.2, 0.0
M3,13/07/22,11:01:15,     1,  8276,   406, 1015.1, 300, 0.0, 0.0, 0.0,  0, 0.0000,  1754, 0.0,29.2, 0.0
M3,13/07/22,11:01:16,     1,  8277,   406, 1015.1, 300, 0.0, 0.0, 0.0,  0, 0.0000,  1761, 0.0,29.2, 0.0
M3,13/07/22,11:01:17,     1,  8278,   406, 1015.1, 300, 0.0, 0.0, 0.0,  0, 0.0000,  1770, 0.0,29.2, 0.0
M3,13/07/22,11:01:18,     1,  8279,   406, 1015.1, 300, 0.0, 0.0, 0.0,  0, 0.0000,  1784, 0.0,29.2, 0.0
M3,13/07/22,11:01:19,     1,  8280,   406, 1015.1, 300, 0.0, 0.0, 0.0,  0, 0.0000,  1792, 0.0,29.2, 0.0
M3,13/07/22,11:01:20,     1,  8281,   406, 1015.1, 300, 0.0, 0.0, 0.0,  0, 0.0000,  1791, 0.0,29.2, 0.0
M3,13/07/22,11:01:21,     1,  8282,   406, 1015.1, 300, 0.0, 0.0, 0.0,  0, 0.0000,  1787, 0.0,29.2, 0.0
M3,13/07/22,11:01:22,     1,  8283,   406, 1015.1, 300, 0.0, 0.0, 0.0,  0, 0.0000,  1785, 0.0,29.2, 0.0
M3,13/07/22,11:01:23,     1,  8284,   405, 1015.1, 300, 0.0, 0.0, 0.0,  0, 0.0000,  1785, 0.0,29.2, 0.0
M3,13/07/22,11:01:24,     1,  8285,   405, 1015.1, 300, 0.0, 0.0, 0.0,  0, 0.0000,  1791, 0.0,29.2, 0.0
M3,13/07/22,11:01:25,     1,  8286,   405, 1015.1, 300, 0.0, 0.0, 0.0,  0, 0.0000,  1793, 0.0,29.2, 0.0
M3,13/07/22,11:01:26,     1,  8287,   405, 1015.1, 300, 0.0, 0.0, 0.0,  0, 0.0000,  1795, 0.0,29.2, 0.0
M3,13/07/22,11:01:27,     1,  8288,   405, 1015.1, 300, 0.0, 0.0, 0.0,  0, 0.0000,  1797, 0.0,29.2, 0.0
M3,13/07/22,11:01:28,     1,  8289,   405, 1015.1, 300, 0.0, 0.0, 0.0,  0, 0.0000,  1803, 0.0,29.2, 0.0
M3,13/07/22,11:01:29,     1,  8290,   405, 1015.1, 300, 0.0, 0.0, 0.0,  0, 0.0000,  1812, 0.0,29.2, 0.0
M3,13/07/22,11:01:30,     1,  8291,   405, 1015.1, 300, 0.0, 0.0, 0.0,  0, 0.0000,  1817, 0.0,29.2, 0.0
M3,13/07/22,11:01:31,     1,  8292,   405, 1015.1, 300, 0.0, 0.0, 0.0,  0, 0.0000,  1820, 0.0,29.2, 0.0
M3,13/07/22,11:01:32,     1,  8293,   405, 1015.1, 300, 0.0, 0.0, 0.0,  0, 0.0000,  1823, 0.0,29.2, 0.0
M3,13/07/22,11:01:33,     1,  8294,   404, 1015.1, 300, 0.0, 0.0, 0.0,  0, 0.0000,  1825, 0.0,29.2, 0.0
M3,13/07/22,11:01:34,     1,  8295,   404, 1015.1, 300, 0.0, 0.0, 0.0,  0, 0.0000,  1830, 0.0,29.2, 0.0
M3,13/07/22,11:01:35,     1,  8296,   405, 1015.1, 300, 0.0, 0.0, 0.0,  0, 0.0000,  1836, 0.0,29.2, 0.0
M3,13/07/22,11:01:36,     1,  8297,   405, 1015.1, 300, 0.0, 0.0, 0.0,  0, 0.0000,  1842, 0.0,29.3, 0.0
M3,13/07/22,11:01:37,     1,  8298,   405, 1015.1, 300, 0.0, 0.0, 0.0,  0, 0.0000,  1845, 0.0,29.3, 0.0
M3,13/07/22,11:01:38,     1,  8299,   405, 1015.1, 300, 0.0, 0.0, 0.0,  0, 0.0000,  1843, 0.0,29.2, 0.0
M3,13/07/22,11:01:39,     1,  8300,   405, 1015.1, 300, 0.0, 0.0, 0.0,  0, 0.0000,  1838, 0.0,29.3, 0.0
M3,13/07/22,11:01:40,     1,  8301,   405, 1015.1, 300, 0.0, 0.0, 0.0,  0, 0.0000,  1834, 0.0,29.3, 0.0
M3,13/07/22,11:01:41,     1,  8302,   405, 1015.1, 300, 0.0, 0.0, 0.0,  0, 0.0000,  1828, 0.0,29.3, 0.0
M3,13/07/22,11:01:42,     1,  8303,   405, 1015.1, 300, 0.0, 0.0, 0.0,  0, 0.0000,  1817, 0.0,29.3, 0.0
M3,13/07/22,11:01:43,     1,  8304,   406, 1015.1, 300, 0.0, 0.0, 0.0,  0, 0.0000,  1803, 0.0,29.3, 0.0
M3,13/07/22,11:01:44,     1,  8305,   406, 1015.1, 300, 0.0, 0.0, 0.0,  0, 0.0000,  1792, 0.0,29.3, 0.0
M3,13/07/22,11:01:45,     1,  8306,   406, 1015.1, 300, 0.0, 0.0, 0.0,  0, 0.0000,  1781, 0.0,29.3, 0.0
M3,13/07/22,11:01:46,     1,  8307,   405, 1015.1, 300, 0.0, 0.0, 0.0,  0, 0.0000,  1773, 0.0,29.3, 0.0
M3,13/07/22,11:01:47,     1,  8308,   405, 1015.1, 300, 0.0, 0.0, 0.0,  0, 0.0000,  1772, 0.0,29.3, 0.0
M3,13/07/22,11:01:48,     1,  8309,   405, 1015.1, 300, 0.0, 0.0, 0.0,  0, 0.0000,  1774, 0.0,29.3, 0.0
M3,13/07/22,11:01:49,     1,  8310,   405, 1015.1, 300, 0.0, 0.0, 0.0,  0, 0.0000,  1782, 0.0,29.3, 0.0
M3,13/07/22,11:01:50,     1,  8311,   405, 1015.1, 300, 0.0, 0.0, 0.0,  0, 0.0000,  1792, 0.0,29.3, 0.0
M3,13/07/22,11:01:51,     1,  8312,   406, 1015.1, 300, 0.0, 0.0, 0.0,  0, 0.0000,  1799, 0.0,29.3, 0.0
M3,13/07/22,11:01:52,     1,  8313,   406, 1015.1, 300, 0.0, 0.0, 0.0,  0, 0.0000,  1799, 0.0,29.3, 0.0
M3,13/07/22,11:01:53,     1,  8314,   406, 1015.1, 300, 0.0, 0.0, 0.0,  0, 0.0000,  1795, 0.0,29.3, 0.0
M3,13/07/22,11:01:54,     1,  8315,   406, 1015.1, 300, 0.0, 0.0, 0.0,  0, 0.0000,  1793, 0.0,29.3, 0.0
M3,13/07/22,11:01:55,     1,  8316,   406, 1015.1, 300, 0.0, 0.0, 0.0,  0, 0.0000,  1794, 0.0,29.3, 0.0
M3,13/07/22,11:01:56,     1,  8317,   406, 1015.1, 300, 0.0, 0.0, 0.0,  0, 0.0000,  1713, 0.0,29.3, 0.0
M3,13/07/22,11:01:57,     1,  8318,   406, 1015.1, 300, 0.0, 0.0, 0.0,  0, 0.0000,  1073, 0.0,29.3, 0.0
M3,13/07/22,11:01:58,     1,  8319,   406, 1015.1, 300, 0.0, 0.0, 0.0,  0, 0.0000,   891, 0.0,29.3, 0.0
M3,13/07/22,11:01:59,     1,  8320,   406, 1015.1, 300, 0.0, 0.0, 0.0,  0, 0.0000,  1707, 0.0,29.3, 0.0
M3,13/07/22,11:02:00,     1,  8321,   406, 1015.1, 300, 0.0, 0.0, 0.0,  0, 0.0000,  1503, 0.0,29.3, 0.0
M3,13/07/22,11:02:01,     1,  8322,   406, 1015.1, 300, 0.0, 0.0, 0.0,  0, 0.0000,  1098, 0.0,29.3, 0.0
M3,13/07/22,11:02:02,     1,  8323,   406, 1015.1, 300, 0.0, 0.0, 0.0,  0, 0.0000,  1370, 0.0,29.3, 0.0
M3,13/07/22,11:02:03,     1,  8324,   406, 1015.1, 300, 0.0, 0.0, 0.0,  0, 0.0000,  1718, 0.0,29.3, 0.0
M3,13/07/22,11:02:04,     1,  8325,   406, 1015.1, 300, 0.0, 0.0, 0.0,  0, 0.0000,  1724, 0.0,29.3, 0.0
M3,13/07/22,11:02:05,     1,  8326,   406, 1015.1, 300, 0.0, 0.0, 0.0,  0, 0.0000,  1732, 0.0,29.3, 0.0
M3,13/07/22,11:02:06,     1,  8327,   406, 1015.1, 300, 0.0, 0.0, 0.0,  0, 0.0000,  1744, 0.0,29.3, 0.0
M3,13/07/22,11:02:07,     1,  8328,   406, 1015.1, 300, 0.0, 0.0, 0.0,  0, 0.0000,  1330, 0.0,29.3, 0.0
M3,13/07/22,11:02:08,     1,  8329,   406, 1015.1, 300, 0.0, 0.0, 0.0,  0, 0.0000,  1576, 0.0,29.3, 0.0
M3,13/07/22,11:02:09,     1,  8330,   406, 1015.1, 300, 0.0, 0.0, 0.0,  0, 0.0000,  1728, 0.0,29.4, 0.0
M3,13/07/22,11:02:10,     1,  8331,   406, 1015.1, 300, 0.0, 0.0, 0.0,  0, 0.0000,  1663, 0.0,29.4, 0.0
M3,13/07/22,11:02:11,     1,  8332,   405, 1015.1, 300, 0.0, 0.0, 0.0,  0, 0.0000,  1498, 0.0,29.4, 0.0
M3,13/07/22,11:02:12,     1,  8333,   406, 1015.1, 300, 0.0, 0.0, 0.0,  0, 0.0000,  1365, 0.0,29.4, 0.0
M3,13/07/22,11:02:13,     1,  8334,   406, 1015.1, 300, 0.0, 0.0, 0.0,  0, 0.0000,  1129, 0.0,29.4, 0.0
M3,13/07/22,11:02:14,     1,  8335,   405, 1015.1, 300, 0.0, 0.0, 0.0,  0, 0.0000,  1011, 0.0,29.4, 0.0
M3,13/07/22,11:02:15,     1,  8336,   405, 1015.1, 300, 0.0, 0.0, 0.0,  0, 0.0000,  1056, 0.0,29.4, 0.0
M3,13/07/22,11:02:16,     1,  8337,   405, 1015.1, 300, 0.0, 0.0, 0.0,  0, 0.0000,  1142, 0.0,29.4, 0.0
M3,13/07/22,11:02:17,     1,  8338,   405, 1015.1, 300, 0.0, 0.0, 0.0,  0, 0.0000,  1256, 0.0,29.4, 0.0
M3,13/07/22,11:02:18,     1,  8339,   406, 1015.1, 300, 0.0, 0.0, 0.0,  0, 0.0000,  1239, 0.0,29.4, 0.0
M3,13/07/22,11:02:19,     1,  8340,   406, 1015.1, 300, 0.0, 0.0, 0.0,  0, 0.0000,  1183, 0.0,29.4, 0.0
M3,13/07/22,11:02:20,     1,  8341,   406, 1015.1, 300, 0.0, 0.0, 0.0,  0, 0.0000,  1323, 0.0,29.3, 0.0
M3,13/07/22,11:02:21,     1,  8342,   406, 1015.1, 300, 0.0, 0.0, 0.0,  0, 0.0000,  1400, 0.0,29.3, 0.0
M3,13/07/22,11:02:22,     1,  8343,   406, 1015.1, 300, 0.0, 0.0, 0.0,  0, 0.0000,  1412, 0.0,29.3, 0.0
M3,13/07/22,11:02:23,     1,  8344,   406, 1015.1, 300, 0.0, 0.0, 0.0,  0, 0.0000,  1287, 0.0,29.4, 0.0
M3,13/07/22,11:02:24,     1,  8345,   406, 1015.1, 300, 0.0, 0.0, 0.0,  0, 0.0000,  1193, 0.0,29.4, 0.0
M3,13/07/22,11:02:25,     1,  8346,   406, 1015.1, 300, 0.0, 0.0, 0.0,  0, 0.0000,  1289, 0.0,29.4, 0.0
M3,13/07/22,11:02:26,     1,  8347,   406, 1015.1, 300, 0.0, 0.0, 0.0,  0, 0.0000,  1440, 0.0,29.4, 0.0
M3,13/07/22,11:02:27,     1,  8348,   406, 1015.1, 300, 0.0, 0.0, 0.0,  0, 0.0000,  1637, 0.0,29.4, 0.0
M3,13/07/22,11:02:28,     1,  8349,   406, 1015.1, 300, 0.0, 0.0, 0.0,  0, 0.0000,  1652, 0.0,29.4, 0.0
M3,13/07/22,11:02:29,     1,  8350,   406, 1015.1, 300, 0.0, 0.0, 0.0,  0, 0.0000,  1599, 0.0,29.4, 0.0
M3,13/07/22,11:02:30,     1,  8351,   406, 1015.1, 300, 0.0, 0.0, 0.0,  0, 0.0000,  1603, 0.0,29.4, 0.0
M3,13/07/22,11:02:31,     1,  8352,   406, 1015.1, 300, 0.0, 0.0, 0.0,  0, 0.0000,  1772, 0.0,29.4, 0.0
M3,13/07/22,11:02:32,     1,  8353,   406, 1015.1, 300, 0.0, 0.0, 0.0,  0, 0.0000,  1814, 0.0,29.4, 0.0
M3,13/07/22,11:02:33,     1,  8354,   406, 1015.1, 300, 0.0, 0.0, 0.0,  0, 0.0000,  1706, 0.0,29.4, 0.0
M3,13/07/22,11:02:34,     1,  8355,   406, 1015.1, 300, 0.0, 0.0, 0.0,  0, 0.0000,  1632, 0.0,29.4, 0.0
M3,13/07/22,11:02:35,     1,  8356,   406, 1015.1, 300, 0.0, 0.0, 0.0,  0, 0.0000,  1656, 0.0,29.4, 0.0
M3,13/07/22,11:02:36,     1,  8357,   406, 1015.1, 300, 0.0, 0.0, 0.0,  0, 0.0000,  1587, 0.0,29.4, 0.0
M3,13/07/22,11:02:38,     1,  8358,   405, 1015.1, 300, 0.0, 0.0, 0.0,  0, 0.0000,  1548, 0.0,29.4, 0.0
M3,13/07/22,11:02:39,     1,  8359,   405, 1015.1, 300, 0.0, 0.0, 0.0,  0, 0.0000,  1435, 0.0,29.4, 0.0
M3,13/07/22,11:02:40,     1,  8360,   406, 1015.1, 300, 0.0, 0.0, 0.0,  0, 0.0000,  1316, 0.0,29.4, 0.0
M3,13/07/22,11:02:41,     1,  8361,   406, 1015.1, 300, 0.0, 0.0, 0.0,  0, 0.0000,  1406, 0.0,29.4, 0.0
M3,13/07/22,11:02:42,     1,  8362,   406, 1015.1, 300, 0.0, 0.0, 0.0,  0, 0.0000,  1537, 0.0,29.4, 0.0
M3,13/07/22,11:02:43,     1,  8363,   406, 1015.1, 300, 0.0, 0.0, 0.0,  0, 0.0000,  1575, 0.0,29.4, 0.0
M3,13/07/22,11:02:44,     1,  8364,   406, 1015.1, 300, 0.0, 0.0, 0.0,  0, 0.0000,  1607, 0.0,29.4, 0.0
M3,13/07/22,11:02:45,     1,  8365,   406, 1015.1, 300, 0.0, 0.0, 0.0,  0, 0.0000,  1636, 0.0,29.4, 0.0
M3,13/07/22,11:02:46,     1,  8366,   406, 1015.1, 300, 0.0, 0.0, 0.0,  0, 0.0000,  1394, 0.0,29.4, 0.0
M3,13/07/22,11:02:47,     1,  8367,   406, 1015.1, 300, 0.0, 0.0, 0.0,  0, 0.0000,   950, 0.0,29.4, 0.0
M3,13/07/22,11:02:48,     1,  8368,   406, 1015.1, 300, 0.0, 0.0, 0.0,  0, 0.0000,  1565, 0.0,29.4, 0.0
M3,13/07/22,11:02:49,     1,  8369,   406, 1015.1, 300, 0.0, 0.0, 0.0,  0, 0.0000,  1539, 0.0,29.4, 0.0
M3,13/07/22,11:02:50,     1,  8370,   406, 1015.1, 300, 0.0, 0.0, 0.0,  0, 0.0000,  1601, 0.0,29.4, 0.0
M3,13/07/22,11:02:51,     1,  8371,   406, 1015.1, 300, 0.0, 0.0, 0.0,  0, 0.0000,  1681, 0.0,29.4, 0.0
M3,13/07/22,11:02:52,     1,  8372,   406, 1015.1, 300, 0.0, 0.0, 0.0,  0, 0.0000,  1704, 0.0,29.4, 0.0
M3,13/07/22,11:02:53,     1,  8373,   406, 1015.1, 300, 0.0, 0.0, 0.0,  0, 0.0000,  1686, 0.0,29.4, 0.0
M3,13/07/22,11:02:54,     1,  8374,   406, 1015.1, 300, 0.0, 0.0, 0.0,  0, 0.0000,  1654, 0.0,29.4, 0.0
M3,13/07/22,11:02:55,     1,  8375,   406, 1015.1, 300, 0.0, 0.0, 0.0,  0, 0.0000,  1507, 0.0,29.4, 0.0
M3,13/07/22,11:02:56,     1,  8376,   406, 1015.1, 300, 0.0, 0.0, 0.0,  0, 0.0000,  1640, 0.0,29.4, 0.0
M3,13/07/22,11:02:57,     1,  8377,   406, 1015.1, 300, 0.0, 0.0, 0.0,  0, 0.0000,  1633, 0.0,29.4, 0.0
M3,13/07/22,11:02:58,     1,  8378,   406, 1015.1, 300, 0.0, 0.0, 0.0,  0, 0.0000,  1631, 0.0,29.4, 0.0
M3,13/07/22,11:02:59,     1,  8379,   406, 1015.1, 300, 0.0, 0.0, 0.0,  0, 0.0000,  1619, 0.0,29.4, 0.0
M3,13/07/22,11:03:00,     1,  8380,   406, 1015.1, 300, 0.0, 0.0, 0.0,  0, 0.0000,  1599, 0.0,29.4, 0.0
M3,13/07/22,11:03:01,     1,  8381,   406, 1015.1, 300, 0.0, 0.0, 0.0,  0, 0.0000,  1613, 0.0,29.5, 0.0
M3,13/07/22,11:03:02,     1,  8382,   406, 1015.1, 300, 0.0, 0.0, 0.0,  0, 0.0000,  1609, 0.0,29.5, 0.0
M3,13/07/22,11:03:03,     1,  8383,   406, 1015.1, 300, 0.0, 0.0, 0.0,  0, 0.0000,  1588, 0.0,29.5, 0.0
M3,13/07/22,11:03:04,     1,  8384,   406, 1015.1, 300, 0.0, 0.0, 0.0,  0, 0.0000,  1541, 0.0,29.5, 0.0
M3,13/07/22,11:03:05,     1,  8385,   406, 1015.1, 300, 0.0, 0.0, 0.0,  0, 0.0000,  1525, 0.0,29.5, 0.0
M3,13/07/22,11:03:06,     1,  8386,   406, 1015.1, 300, 0.0, 0.0, 0.0,  0, 0.0000,  1525, 0.0,29.5, 0.0
M3,13/07/22,11:03:07,     1,  8387,   406, 1015.1, 300, 0.0, 0.0, 0.0,  0, 0.0000,  1542, 0.0,29.5, 0.0
M3,13/07/22,11:03:08,     1,  8388,   405, 1015.1, 300, 0.0, 0.0, 0.0,  0, 0.0000,  1565, 0.0,29.5, 0.0
M3,13/07/22,11:03:09,     1,  8389,   405, 1015.1, 300, 0.0, 0.0, 0.0,  0, 0.0000,  1575, 0.0,29.5, 0.0
M3,13/07/22,11:03:10,     1,  8390,   405, 1015.1, 300, 0.0, 0.0, 0.0,  0, 0.0000,  1547, 0.0,29.5, 0.0
M3,13/07/22,11:03:11,     1,  8391,   406, 1015.1, 300, 0.0, 0.0, 0.0,  0, 0.0000,  1358, 0.0,29.5, 0.0
M3,13/07/22,11:03:12,     1,  8392,   406, 1015.1, 300, 0.0, 0.0, 0.0,  0, 0.0000,  1004, 0.0,29.5, 0.0
M3,13/07/22,11:03:13,     1,  8393,   406, 1015.1, 300, 0.0, 0.0, 0.0,  0, 0.0000,   768, 0.0,29.5, 0.0
M3,13/07/22,11:03:14,     1,  8394,   406, 1015.1, 300, 0.0, 0.0, 0.0,  0, 0.0000,   671, 0.0,29.5, 0.0
M3,13/07/22,11:03:15,     1,  8395,   406, 1015.1, 300, 0.0, 0.0, 0.0,  0, 0.0000,   647, 0.0,29.5, 0.0
M3,13/07/22,11:03:16,     1,  8396,   406, 1015.1, 300, 0.0, 0.0, 0.0,  0, 0.0000,   652, 0.0,29.5, 0.0
M3,13/07/22,11:03:17,     1,  8397,   406, 1015.1, 300, 0.0, 0.0, 0.0,  0, 0.0000,   653, 0.0,29.5, 0.0
M3,13/07/22,11:03:18,     1,  8398,   406, 1015.1, 300, 0.0, 0.0, 0.0,  0, 0.0000,   639, 0.0,29.5, 0.0
M3,13/07/22,11:03:19,     1,  8399,   406, 1015.1, 300, 0.0, 0.0, 0.0,  0, 0.0000,   631, 0.0,29.5, 0.0
M3,13/07/22,11:03:20,     1,  8400,   405, 1015.1, 300, 0.0, 0.0, 0.0,  0, 0.0000,   670, 0.0,29.5, 0.0
M3,13/07/22,11:03:21,     1,  8401,   405, 1015.1, 300, 0.0, 0.0, 0.0,  0, 0.0000,   802, 0.0,29.5, 0.0
M3,13/07/22,11:03:22,     1,  8402,   405, 1015.1, 300, 0.0, 0.0, 0.0,  0, 0.0000,   985, 0.0,29.5, 0.0
M3,13/07/22,11:03:23,     1,  8403,   405, 1015.1, 300, 0.0, 0.0, 0.0,  0, 0.0000,  1058, 0.0,29.5, 0.0
M3,13/07/22,11:03:24,     1,  8404,   406, 1015.1, 300, 0.0, 0.0, 0.0,  0, 0.0000,   809, 0.0,29.5, 0.0
M3,13/07/22,11:03:25,     1,  8405,   406, 1015.1, 300, 0.0, 0.0, 0.0,  0, 0.0000,   462, 0.0,29.5, 0.0
M3,13/07/22,11:03:26,     1,  8406,   406, 1015.1, 300, 0.0, 0.0, 0.0,  0, 0.0000,   490, 0.0,29.5, 0.0
M3,13/07/22,11:03:27,     1,  8407,   406, 1015.1, 300, 0.0, 0.0, 0.0,  0, 0.0000,   532, 0.0,29.5, 0.0
M3,13/07/22,11:03:28,     1,  8408,   406, 1015.1, 300, 0.0, 0.0, 0.0,  0, 0.0000,   480, 0.0,29.5, 0.0
M3,13/07/22,11:03:29,     1,  8409,   406, 1015.1, 300, 0.0, 0.0, 0.0,  0, 0.0000,   766, 0.0,29.5, 0.0
M3,13/07/22,11:03:30,     1,  8410,   406, 1015.1, 300, 0.0, 0.0, 0.0,  0, 0.0000,   943, 0.0,29.5, 0.0
M3,13/07/22,11:03:31,     1,  8411,   406, 1015.1, 300, 0.0, 0.0, 0.0,  0, 0.0000,   962, 0.0,29.5, 0.0
M3,13/07/22,11:03:32,     1,  8412,   406, 1015.1, 300, 0.0, 0.0, 0.0,  0, 0.0000,   930, 0.0,29.5, 0.0
M3,13/07/22,11:03:33,     1,  8413,   406, 1015.1, 300, 0.0, 0.0, 0.0,  0, 0.0000,   805, 0.0,29.5, 0.0
M3,13/07/22,11:03:34,     1,  8414,   406, 1015.1, 300, 0.0, 0.0, 0.0,  0, 0.0000,   679, 0.0,29.5, 0.0
M3,13/07/22,11:03:35,     1,  8415,   406, 1015.1, 300, 0.0, 0.0, 0.0,  0, 0.0000,   627, 0.0,29.5, 0.0
M3,13/07/22,11:03:36,     1,  8416,   406, 1015.1, 300, 0.0, 0.0, 0.0,  0, 0.0000,   587, 0.0,29.5, 0.0
M3,13/07/22,11:03:37,     1,  8417,   406, 1015.1, 300, 0.0, 0.0, 0.0,  0, 0.0000,   559, 0.0,29.5, 0.0
M3,13/07/22,11:03:38,     1,  8418,   406, 1015.1, 300, 0.0, 0.0, 0.0,  0, 0.0000,   542, 0.0,29.5, 0.0
M3,13/07/22,11:03:39,     1,  8419,   406, 1015.1, 300, 0.0, 0.0, 0.0,  0, 0.0000,   540, 0.0,29.5, 0.0
M3,13/07/22,11:03:40,     1,  8420,   406, 1015.1, 300, 0.0, 0.0, 0.0,  0, 0.0000,   536, 0.0,29.5, 0.0
M3,13/07/22,11:03:41,     1,  8421,   406, 1015.1, 300, 0.0, 0.0, 0.0,  0, 0.0000,   534, 0.0,29.5, 0.0
M3,13/07/22,11:03:42,     1,  8422,   406, 1015.1, 300, 0.0, 0.0, 0.0,  0, 0.0000,   527, 0.0,29.5, 0.0
M3,13/07/22,11:03:43,     1,  8423,   405, 1015.1, 300, 0.0, 0.0, 0.0,  0, 0.0000,   525, 0.0,29.5, 0.0
M3,13/07/22,11:03:44,     1,  8424,   405, 1015.1, 300, 0.0, 0.0, 0.0,  0, 0.0000,   517, 0.0,29.5, 0.0
M3,13/07/22,11:03:45,     1,  8425,   405, 1015.1, 300, 0.0, 0.0, 0.0,  0, 0.0000,   515, 0.0,29.5, 0.0
M3,13/07/22,11:03:46,     1,  8426,   405, 1015.1, 300, 0.0, 0.0, 0.0,  0, 0.0000,   517, 0.0,29.4, 0.0
M3,13/07/22,11:03:47,     1,  8427,   405, 1015.1, 300, 0.0, 0.0, 0.0,  0, 0.0000,   521, 0.0,29.4, 0.0
M3,13/07/22,11:03:48,     1,  8428,   405, 1015.1, 300, 0.0, 0.0, 0.0,  0, 0.0000,   523, 0.0,29.4, 0.0
M3,13/07/22,11:03:49,     1,  8429,   405, 1015.1, 300, 0.0, 0.0, 0.0,  0, 0.0000,   528, 0.0,29.4, 0.0
M3,13/07/22,11:03:50,     1,  8430,   405, 1015.1, 300, 0.0, 0.0, 0.0,  0, 0.0000,   534, 0.0,29.4, 0.0
M3,13/07/22,11:03:51,     1,  8431,   405, 1015.1, 300, 0.0, 0.0, 0.0,  0, 0.0000,   550, 0.0,29.4, 0.0
M3,13/07/22,11:03:52,     1,  8432,   405, 1015.1, 300, 0.0, 0.0, 0.0,  0, 0.0000,   560, 0.0,29.4, 0.0
M3,13/07/22,11:03:53,     1,  8433,   405, 1015.1, 300, 0.0, 0.0, 0.0,  0, 0.0000,   553, 0.0,29.4, 0.0
M3,13/07/22,11:03:54,     1,  8434,   405, 1015.1, 300, 0.0, 0.0, 0.0,  0, 0.0000,   549, 0.0,29.4, 0.0
M3,13/07/22,11:03:55,     1,  8435,   405, 1015.1, 300, 0.0, 0.0, 0.0,  0, 0.0000,   551, 0.0,29.4, 0.0
M3,13/07/22,11:03:56,     1,  8436,   405, 1015.1, 300, 0.0, 0.0, 0.0,  0, 0.0000,   550, 0.0,29.4, 0.0
M3,13/07/22,11:03:57,     1,  8437,   405, 1015.1, 300, 0.0, 0.0, 0.0,  0, 0.0000,   553, 0.0,29.4, 0.0
M3,13/07/22,11:03:58,     1,  8438,   405, 1015.1, 300, 0.0, 0.0, 0.0,  0, 0.0000,   556, 0.0,29.4, 0.0
M3,13/07/22,11:03:59,     1,  8439,   405, 1015.1, 300, 0.0, 0.0, 0.0,  0, 0.0000,   551, 0.0,29.4, 0.0
M3,13/07/22,11:04:00,     1,  8440,   405, 1015.1, 300, 0.0, 0.0, 0.0,  0, 0.0000,   552, 0.0,29.4, 0.0
M3,13/07/22,11:04:01,     1,  8441,   405, 1015.1, 300, 0.0, 0.0, 0.0,  0, 0.0000,   539, 0.0,29.4, 0.0
M3,13/07/22,11:04:02,     1,  8442,   405, 1015.1, 300, 0.0, 0.0, 0.0,  0, 0.0000,   513, 0.0,29.4, 0.0
M3,13/07/22,11:04:03,     1,  8443,   405, 1015.1, 300, 0.0, 0.0, 0.0,  0, 0.0000,   556, 0.0,29.4, 0.0
M3,13/07/22,11:04:04,     1,  8444,   405, 1015.1, 300, 0.0, 0.0, 0.0,  0, 0.0000,   547, 0.0,29.4, 0.0
M3,13/07/22,11:04:05,     1,  8445,   405, 1015.1, 300, 0.0, 0.0, 0.0,  0, 0.0000,   532, 0.0,29.4, 0.0
M3,13/07/22,11:04:06,     1,  8446,   405, 1015.1, 300, 0.0, 0.0, 0.0,  0, 0.0000,   529, 0.0,29.4, 0.0
M3,13/07/22,11:04:07,     1,  8447,   405, 1015.1, 300, 0.0, 0.0, 0.0,  0, 0.0000,   534, 0.0,29.4, 0.0
M3,13/07/22,11:04:08,     1,  8448,   405, 1015.1, 300, 0.0, 0.0, 0.0,  0, 0.0000,   524, 0.0,29.4, 0.0
M3,13/07/22,11:04:09,     1,  8449,   406, 1015.1, 300, 0.0, 0.0, 0.0,  0, 0.0000,   505, 0.0,29.4, 0.0
M3,13/07/22,11:04:10,     1,  8450,   406, 1015.1, 300, 0.0, 0.0, 0.0,  0, 0.0000,   489, 0.0,29.4, 0.0
M3,13/07/22,11:04:11,     1,  8451,   406, 1015.1, 300, 0.0, 0.0, 0.0,  0, 0.0000,   482, 0.0,29.4, 0.0
M3,13/07/22,11:04:12,     1,  8452,   405, 1015.1, 300, 0.0, 0.0, 0.0,  0, 0.0000,   467, 0.0,29.4, 0.0
M3,13/07/22,11:04:13,     1,  8453,   405, 1015.1, 300, 0.0, 0.0, 0.0,  0, 0.0000,   449, 0.0,29.4, 0.0
M3,13/07/22,11:04:14,     1,  8454,   405, 1015.1, 300, 0.0, 0.0, 0.0,  0, 0.0000,   463, 0.0,29.4, 0.0
M3,13/07/22,11:04:15,     1,  8455,   405, 1015.1, 300, 0.0, 0.0, 0.0,  0, 0.0000,   463, 0.0,29.4, 0.0
M3,13/07/22,11:04:16,     1,  8456,   406, 1015.1, 300, 0.0, 0.0, 0.0,  0, 0.0000,   460, 0.0,29.4, 0.0
M3,13/07/22,11:04:17,     1,  8457,   406, 1015.1, 300, 0.0, 0.0, 0.0,  0, 0.0000,   458, 0.0,29.4, 0.0
M3,13/07/22,11:04:18,     1,  8458,   406, 1015.1, 300, 0.0, 0.0, 0.0,  0, 0.0000,   451, 0.0,29.4, 0.0
M3,13/07/22,11:04:19,     1,  8459,   406, 1015.1, 300, 0.0, 0.0, 0.0,  0, 0.0000,   451, 0.0,29.4, 0.0
M3,13/07/22,11:04:20,     1,  8460,   406, 1015.1, 300, 0.0, 0.0, 0.0,  0, 0.0000,   451, 0.0,29.4, 0.0
M3,13/07/22,11:04:21,     1,  8461,   406, 1015.1, 300, 0.0, 0.0, 0.0,  0, 0.0000,   455, 0.0,29.4, 0.0
M3,13/07/22,11:04:22,     1,  8462,   406, 1015.1, 300, 0.0, 0.0, 0.0,  0, 0.0000,   458, 0.0,29.4, 0.0
M3,13/07/22,11:04:23,     1,  8463,   406, 1015.1, 300, 0.0, 0.0, 0.0,  0, 0.0000,   461, 0.0,29.4, 0.0
M3,13/07/22,11:04:24,     1,  8464,   406, 1015.1, 300, 0.0, 0.0, 0.0,  0, 0.0000,   468, 0.0,29.4, 0.0
M3,13/07/22,11:04:25,     1,  8465,   406, 1015.1, 300, 0.0, 0.0, 0.0,  0, 0.0000,   477, 0.0,29.4, 0.0
M3,13/07/22,11:04:26,     1,  8466,   406, 1015.1, 300, 0.0, 0.0, 0.0,  0, 0.0000,   480, 0.0,29.4, 0.0
M3,13/07/22,11:04:27,     1,  8467,   406, 1015.1, 300, 0.0, 0.0, 0.0,  0, 0.0000,   475, 0.0,29.4, 0.0
M3,13/07/22,11:04:28,     1,  8468,   406, 1015.2, 300, 0.0, 0.0, 0.0,  0, 0.0000,   472, 0.0,29.4, 0.0
M3,13/07/22,11:04:29,     1,  8469,   406, 1015.2, 300, 0.0, 0.0, 0.0,  0, 0.0000,   458, 0.0,29.3, 0.0
M3,13/07/22,11:04:30,     1,  8470,   406, 1015.2, 300, 0.0, 0.0, 0.0,  0, 0.0000,   472, 0.0,29.3, 0.0
M3,13/07/22,11:04:31,     1,  8471,   406, 1015.2, 300, 0.0, 0.0, 0.0,  0, 0.0000,   471, 0.0,29.3, 0.0
M3,13/07/22,11:04:32,     1,  8472,   406, 1015.2, 300, 0.0, 0.0, 0.0,  0, 0.0000,   461, 0.0,29.3, 0.0
M3,13/07/22,11:04:33,     1,  8473,   406, 1015.2, 300, 0.0, 0.0, 0.0,  0, 0.0000,   468, 0.0,29.3, 0.0
M3,13/07/22,11:04:34,     1,  8474,   406, 1015.1, 300, 0.0, 0.0, 0.0,  0, 0.0000,   472, 0.0,29.3, 0.0
M3,13/07/22,11:04:35,     1,  8475,   406, 1015.1, 300, 0.0, 0.0, 0.0,  0, 0.0000,   476, 0.0,29.3, 0.0
M3,13/07/22,11:04:36,     1,  8476,   406, 1015.1, 300, 0.0, 0.0, 0.0,  0, 0.0000,   483, 0.0,29.3, 0.0
M3,13/07/22,11:04:37,     1,  8477,   406, 1015.1, 300, 0.0, 0.0, 0.0,  0, 0.0000,   489, 0.0,29.3, 0.0
M3,13/07/22,11:04:38,     1,  8478,   406, 1015.1, 300, 0.0, 0.0, 0.0,  0, 0.0000,   496, 0.0,29.3, 0.0
M3,13/07/22,11:04:39,     1,  8479,   406, 1015.1, 299, 0.0, 0.0, 0.0,  0, 0.0000,   509, 0.0,29.3, 0.0
M3,13/07/22,11:04:40,     1,  8480,   406, 1015.1, 300, 0.0, 0.0, 0.0,  0, 0.0000,   536, 0.0,29.3, 0.0
M3,13/07/22,11:04:41,     1,  8481,   406, 1015.1, 300, 0.0, 0.0, 0.0,  0, 0.0000,   625, 0.0,29.3, 0.0
M3,13/07/22,11:04:42,     1,  8482,   406, 1015.1, 300, 0.0, 0.0, 0.0,  0, 0.0000,   718, 0.0,29.3, 0.0
M3,13/07/22,11:04:43,     1,  8483,   406, 1015.1, 300, 0.0, 0.0, 0.0,  0, 0.0000,   684, 0.0,29.3, 0.0
M3,13/07/22,11:04:44,     1,  8484,   406, 1015.1, 300, 0.0, 0.0, 0.0,  0, 0.0000,   605, 0.0,29.3, 0.0
M3,13/07/22,11:04:45,     1,  8485,   406, 1015.1, 300, 0.0, 0.0, 0.0,  0, 0.0000,   588, 0.0,29.3, 0.0
M3,13/07/22,11:04:46,     1,  8486,   406, 1015.1, 300, 0.0, 0.0, 0.0,  0, 0.0000,   606, 0.0,29.3, 0.0
M3,13/07/22,11:04:47,     1,  8487,   407, 1015.2, 300, 0.0, 0.0, 0.0,  0, 0.0000,   655, 0.0,29.3, 0.0
M3,13/07/22,11:04:48,     1,  8488,   407, 1015.2, 300, 0.0, 0.0, 0.0,  0, 0.0000,   766, 0.0,29.3, 0.0
M3,13/07/22,11:04:49,     1,  8489,   406, 1015.2, 300, 0.0, 0.0, 0.0,  0, 0.0000,   871, 0.0,29.3, 0.0
M3,13/07/22,11:04:50,     1,  8490,   406, 1015.2, 300, 0.0, 0.0, 0.0,  0, 0.0000,   892, 0.0,29.3, 0.0
M3,13/07/22,11:04:51,     1,  8491,   406, 1015.1, 300, 0.0, 0.0, 0.0,  0, 0.0000,   949, 0.0,29.3, 0.0
M3,13/07/22,11:04:52,     1,  8492,   406, 1015.1, 300, 0.0, 0.0, 0.0,  0, 0.0000,  1128, 0.0,29.3, 0.0
M3,13/07/22,11:04:53,     1,  8493,   406, 1015.1, 300, 0.0, 0.0, 0.0,  0, 0.0000,  1095, 0.0,29.3, 0.0
M3,13/07/22,11:04:54,     1,  8494,   406, 1015.1, 300, 0.0, 0.0, 0.0,  0, 0.0000,   944, 0.0,29.3, 0.0
M3,13/07/22,11:04:55,     1,  8495,   406, 1015.1, 300, 0.0, 0.0, 0.0,  0, 0.0000,   928, 0.0,29.3, 0.0
M3,13/07/22,11:04:56,     1,  8496,   407, 1015.1, 300, 0.0, 0.0, 0.0,  0, 0.0000,   904, 0.0,29.3, 0.0
M3,13/07/22,11:04:57,     1,  8497,   407, 1015.1, 300, 0.0, 0.0, 0.0,  0, 0.0000,   833, 0.0,29.3, 0.0
M3,13/07/22,11:04:58,     1,  8498,   407, 1015.1, 300, 0.0, 0.0, 0.0,  0, 0.0000,   838, 0.0,29.3, 0.0
M3,13/07/22,11:05:00,     1,  8499,   407, 1015.1, 300, 0.0, 0.0, 0.0,  0, 0.0000,   774, 0.0,29.3, 0.0
M3,13/07/22,11:05:01,     1,  8500,   407, 1015.1, 300, 0.0, 0.0, 0.0,  0, 0.0000,   684, 0.0,29.3, 0.0
M3,13/07/22,11:05:02,     1,  8501,   407, 1015.1, 300, 0.0, 0.0, 0.0,  0, 0.0000,   635, 0.0,29.3, 0.0
M3,13/07/22,11:05:03,     1,  8502,   407, 1015.2, 300, 0.0, 0.0, 0.0,  0, 0.0000,   594, 0.0,29.3, 0.0
M3,13/07/22,11:05:04,     1,  8503,   406, 1015.2, 300, 0.0, 0.0, 0.0,  0, 0.0000,   582, 0.0,29.3, 0.0
M3,13/07/22,11:05:05,     1,  8504,   406, 1015.2, 300, 0.0, 0.0, 0.0,  0, 0.0000,   625, 0.0,29.3, 0.0
M3,13/07/22,11:05:06,     1,  8505,   406, 1015.2, 300, 0.0, 0.0, 0.0,  0, 0.0000,   691, 0.0,29.3, 0.0
M3,13/07/22,11:05:07,     1,  8506,   406, 1015.2, 300, 0.0, 0.0, 0.0,  0, 0.0000,   789, 0.0,29.3, 0.0
M3,13/07/22,11:05:08,     1,  8507,   406, 1015.2, 300, 0.0, 0.0, 0.0,  0, 0.0000,   815, 0.0,29.3, 0.0
M3,13/07/22,11:05:09,     1,  8508,   406, 1015.2, 300, 0.0, 0.0, 0.0,  0, 0.0000,   779, 0.0,29.3, 0.0
M3,13/07/22,11:05:10,     1,  8509,   406, 1015.2, 300, 0.0, 0.0, 0.0,  0, 0.0000,   815, 0.0,29.3, 0.0
M3,13/07/22,11:05:11,     1,  8510,   406, 1015.2, 300, 0.0, 0.0, 0.0,  0, 0.0000,   881, 0.0,29.3, 0.0
M3,13/07/22,11:05:12,     1,  8511,   406, 1015.2, 300, 0.0, 0.0, 0.0,  0, 0.0000,   871, 0.0,29.3, 0.0
M3,13/07/22,11:05:13,     1,  8512,   406, 1015.2, 300, 0.0, 0.0, 0.0,  0, 0.0000,   801, 0.0,29.3, 0.0
M3,13/07/22,11:05:14,     1,  8513,   406, 1015.2, 300, 0.0, 0.0, 0.0,  0, 0.0000,   796, 0.0,29.3, 0.0
M3,13/07/22,11:05:15,     1,  8514,   406, 1015.2, 300, 0.0, 0.0, 0.0,  0, 0.0000,   798, 0.0,29.3, 0.0
M3,13/07/22,11:05:16,     1,  8515,   406, 1015.2, 300, 0.0, 0.0, 0.0,  0, 0.0000,   781, 0.0,29.3, 0.0
M3,13/07/22,11:05:17,     1,  8516,   406, 1015.2, 300, 0.0, 0.0, 0.0,  0, 0.0000,   925, 0.0,29.3, 0.0
M3,13/07/22,11:05:18,     1,  8517,   407, 1015.2, 300, 0.0, 0.0, 0.0,  0, 0.0000,  1231, 0.0,29.3, 0.0
M3,13/07/22,11:05:19,     1,  8518,   407, 1015.1, 300, 0.0, 0.0, 0.0,  0, 0.0000,  1336, 0.0,29.3, 0.0
M3,13/07/22,11:05:20,     1,  8519,   407, 1015.1, 300, 0.0, 0.0, 0.0,  0, 0.0000,  1392, 0.0,29.3, 0.0
M3,13/07/22,11:05:21,     1,  8520,   407, 1015.1, 300, 0.0, 0.0, 0.0,  0, 0.0000,  1428, 0.0,29.3, 0.0
M3,13/07/22,11:05:22,     1,  8521,   406, 1015.1, 300, 0.0, 0.0, 0.0,  0, 0.0000,  1463, 0.0,29.3, 0.0
M3,13/07/22,11:05:23,     1,  8522,   406, 1015.1, 300, 0.0, 0.0, 0.0,  0, 0.0000,  1506, 0.0,29.3, 0.0
M3,13/07/22,11:05:24,     1,  8523,   406, 1015.1, 300, 0.0, 0.0, 0.0,  0, 0.0000,  1476, 0.0,29.3, 0.0
M3,13/07/22,11:05:25,     1,  8524,   406, 1015.1, 300, 0.0, 0.0, 0.0,  0, 0.0000,  1387, 0.0,29.3, 0.0
M3,13/07/22,11:05:26,     1,  8525,   406, 1015.1, 300, 0.0, 0.0, 0.0,  0, 0.0000,  1341, 0.0,29.3, 0.0
M3,13/07/22,11:05:27,     1,  8526,   406, 1015.1, 300, 0.0, 0.0, 0.0,  0, 0.0000,  1432, 0.0,29.3, 0.0
M3,13/07/22,11:05:28,     1,  8527,   406, 1015.1, 300, 0.0, 0.0, 0.0,  0, 0.0000,  1474, 0.0,29.3, 0.0
M3,13/07/22,11:05:29,     1,  8528,   406, 1015.1, 300, 0.0, 0.0, 0.0,  0, 0.0000,  1471, 0.0,29.3, 0.0
M3,13/07/22,11:05:30,     1,  8529,   406, 1015.1, 300, 0.0, 0.0, 0.0,  0, 0.0000,  1474, 0.0,29.3, 0.0
M3,13/07/22,11:05:31,     1,  8530,   406, 1015.1, 300, 0.0, 0.0, 0.0,  0, 0.0000,  1470, 0.0,29.3, 0.0
M3,13/07/22,11:05:32,     1,  8531,   406, 1015.1, 300, 0.0, 0.0, 0.0,  0, 0.0000,  1465, 0.0,29.3, 0.0
M3,13/07/22,11:05:33,     1,  8532,   406, 1015.1, 300, 0.0, 0.0, 0.0,  0, 0.0000,  1456, 0.0,29.3, 0.0
M3,13/07/22,11:05:34,     1,  8533,   406, 1015.1, 300, 0.0, 0.0, 0.0,  0, 0.0000,  1429, 0.0,29.3, 0.0
M3,13/07/22,11:05:35,     1,  8534,   406, 1015.1, 300, 0.0, 0.0, 0.0,  0, 0.0000,  1425, 0.0,29.3, 0.0
M3,13/07/22,11:05:36,     1,  8535,   406, 1015.1, 300, 0.0, 0.0, 0.0,  0, 0.0000,  1431, 0.0,29.3, 0.0
M3,13/07/22,11:05:37,     1,  8536,   406, 1015.1, 300, 0.0, 0.0, 0.0,  0, 0.0000,  1429, 0.0,29.3, 0.0
M3,13/07/22,11:05:38,     1,  8537,   406, 1015.1, 300, 0.0, 0.0, 0.0,  0, 0.0000,  1433, 0.0,29.3, 0.0
M3,13/07/22,11:05:39,     1,  8538,   406, 1015.1, 300, 0.0, 0.0, 0.0,  0, 0.0000,  1434, 0.0,29.3, 0.0
M3,13/07/22,11:05:40,     1,  8539,   406, 1015.1, 300, 0.0, 0.0, 0.0,  0, 0.0000,  1428, 0.0,29.3, 0.0
M3,13/07/22,11:05:41,     1,  8540,   406, 1015.1, 300, 0.0, 0.0, 0.0,  0, 0.0000,  1459, 0.0,29.3, 0.0
M3,13/07/22,11:05:42,     1,  8541,   406, 1015.1, 300, 0.0, 0.0, 0.0,  0, 0.0000,  1525, 0.0,29.3, 0.0
M3,13/07/22,11:05:43,     1,  8542,   406, 1015.1, 300, 0.0, 0.0, 0.0,  0, 0.0000,  1560, 0.0,29.3, 0.0
M3,13/07/22,11:05:44,     1,  8543,   405, 1015.1, 300, 0.0, 0.0, 0.0,  0, 0.0000,  1082, 0.0,29.3, 0.0
M3,13/07/22,11:05:45,     1,  8544,   405, 1015.1, 300, 0.0, 0.0, 0.0,  0, 0.0000,  1578, 0.0,29.3, 0.0
M3,13/07/22,11:05:46,     1,  8545,   405, 1015.1, 300, 0.0, 0.0, 0.0,  0, 0.0000,  1638, 0.0,29.3, 0.0
M3,13/07/22,11:05:47,     1,  8546,   405, 1015.1, 300, 0.0, 0.0, 0.0,  0, 0.0000,  1629, 0.0,29.3, 0.0
M3,13/07/22,11:05:48,     1,  8547,   405, 1015.1, 300, 0.0, 0.0, 0.0,  0, 0.0000,  1601, 0.0,29.3, 0.0
M3,13/07/22,11:05:49,     1,  8548,   405, 1015.1, 300, 0.0, 0.0, 0.0,  0, 0.0000,  1564, 0.0,29.3, 0.0
M3,13/07/22,11:05:50,     1,  8549,   405, 1015.1, 300, 0.0, 0.0, 0.0,  0, 0.0000,  1524, 0.0,29.3, 0.0
M3,13/07/22,11:05:51,     1,  8550,   405, 1015.2, 300, 0.0, 0.0, 0.0,  0, 0.0000,  1495, 0.0,29.3, 0.0
M3,13/07/22,11:05:52,     1,  8551,   406, 1015.2, 300, 0.0, 0.0, 0.0,  0, 0.0000,  1474, 0.0,29.3, 0.0
M3,13/07/22,11:05:53,     1,  8552,   406, 1015.2, 300, 0.0, 0.0, 0.0,  0, 0.0000,  1464, 0.0,29.3, 0.0
M3,13/07/22,11:05:54,     1,  8553,   406, 1015.2, 300, 0.0, 0.0, 0.0,  0, 0.0000,  1459, 0.0,29.3, 0.0
M3,13/07/22,11:05:55,     1,  8554,   406, 1015.2, 300, 0.0, 0.0, 0.0,  0, 0.0000,  1458, 0.0,29.3, 0.0
M3,13/07/22,11:05:56,     1,  8555,   406, 1015.2, 300, 0.0, 0.0, 0.0,  0, 0.0000,  1465, 0.0,29.3, 0.0
M3,13/07/22,11:05:57,     1,  8556,   406, 1015.2, 300, 0.0, 0.0, 0.0,  0, 0.0000,  1480, 0.0,29.3, 0.0
M3,13/07/22,11:05:58,     1,  8557,   406, 1015.1, 300, 0.0, 0.0, 0.0,  0, 0.0000,  1489, 0.0,29.3, 0.0
M3,13/07/22,11:05:59,     1,  8558,   406, 1015.1, 300, 0.0, 0.0, 0.0,  0, 0.0000,  1491, 0.0,29.3, 0.0
M3,13/07/22,11:06:00,     1,  8559,   406, 1015.1, 300, 0.0, 0.0, 0.0,  0, 0.0000,  1493, 0.0,29.3, 0.0
M3,13/07/22,11:06:01,     1,  8560,   406, 1015.1, 300, 0.0, 0.0, 0.0,  0, 0.0000,  1490, 0.0,29.3, 0.0
M3,13/07/22,11:06:02,     1,  8561,   406, 1015.1, 300, 0.0, 0.0, 0.0,  0, 0.0000,  1500, 0.0,29.3, 0.0
M3,13/07/22,11:06:03,     1,  8562,   406, 1015.1, 300, 0.0, 0.0, 0.0,  0, 0.0000,  1505, 0.0,29.3, 0.0
M3,13/07/22,11:06:04,     1,  8563,   405, 1015.1, 300, 0.0, 0.0, 0.0,  0, 0.0000,  1500, 0.0,29.3, 0.0
M3,13/07/22,11:06:05,     1,  8564,   405, 1015.1, 300, 0.0, 0.0, 0.0,  0, 0.0000,  1491, 0.0,29.3, 0.0
M3,13/07/22,11:06:06,     1,  8565,   405, 1015.1, 300, 0.0, 0.0, 0.0,  0, 0.0000,  1485, 0.0,29.3, 0.0
M3,13/07/22,11:06:07,     1,  8566,   405, 1015.1, 300, 0.0, 0.0, 0.0,  0, 0.0000,  1482, 0.0,29.3, 0.0
M3,13/07/22,11:06:08,     1,  8567,   405, 1015.1, 300, 0.0, 0.0, 0.0,  0, 0.0000,  1480, 0.0,29.3, 0.0
M3,13/07/22,11:06:09,     1,  8568,   405, 1015.1, 300, 0.0, 0.0, 0.0,  0, 0.0000,  1479, 0.0,29.3, 0.0
M3,13/07/22,11:06:10,     1,  8569,   406, 1015.1, 300, 0.0, 0.0, 0.0,  0, 0.0000,  1477, 0.0,29.3, 0.0
M3,13/07/22,11:06:11,     1,  8570,   406, 1015.1, 300, 0.0, 0.0, 0.0,  0, 0.0000,  1475, 0.0,29.3, 0.0
M3,13/07/22,11:06:12,     1,  8571,   406, 1015.1, 300, 0.0, 0.0, 0.0,  0, 0.0000,  1473, 0.0,29.3, 0.0
M3,13/07/22,11:06:13,     1,  8572,   406, 1015.1, 300, 0.0, 0.0, 0.0,  0, 0.0000,  1472, 0.0,29.3, 0.0
M3,13/07/22,11:06:14,     1,  8573,   406, 1015.1, 300, 0.0, 0.0, 0.0,  0, 0.0000,  1442, 0.0,29.3, 0.0
M3,13/07/22,11:06:15,     1,  8574,   406, 1015.1, 300, 0.0, 0.0, 0.0,  0, 0.0000,  1449, 0.0,29.3, 0.0
M3,13/07/22,11:06:16,     1,  8575,   406, 1015.1, 300, 0.0, 0.0, 0.0,  0, 0.0000,  1491, 0.0,29.3, 0.0
M3,13/07/22,11:06:17,     1,  8576,   406, 1015.1, 300, 0.0, 0.0, 0.0,  0, 0.0000,  1495, 0.0,29.3, 0.0
M3,13/07/22,11:06:18,     1,  8577,   406, 1015.1, 300, 0.0, 0.0, 0.0,  0, 0.0000,  1505, 0.0,29.3, 0.0
M3,13/07/22,11:06:19,     1,  8578,   406, 1015.1, 300, 0.0, 0.0, 0.0,  0, 0.0000,  1506, 0.0,29.3, 0.0
M3,13/07/22,11:06:20,     1,  8579,   406, 1015.1, 300, 0.0, 0.0, 0.0,  0, 0.0000,  1499, 0.0,29.3, 0.0
M3,13/07/22,11:06:21,     1,  8580,   407, 1015.1, 300, 0.0, 0.0, 0.0,  0, 0.0000,  1489, 0.0,29.3, 0.0
M3,13/07/22,11:06:22,     1,  8581,   407, 1015.1, 300, 0.0, 0.0, 0.0,  0, 0.0000,  1485, 0.0,29.3, 0.0
M3,13/07/22,11:06:23,     1,  8582,   406, 1015.1, 300, 0.0, 0.0, 0.0,  0, 0.0000,  1487, 0.0,29.3, 0.0
M3,13/07/22,11:06:24,     1,  8583,   406, 1015.1, 300, 0.0, 0.0, 0.0,  0, 0.0000,  1497, 0.0,29.3, 0.0
M3,13/07/22,11:06:25,     1,  8584,   406, 1015.1, 300, 0.0, 0.0, 0.0,  0, 0.0000,  1485, 0.0,29.3, 0.0
M3,13/07/22,11:06:26,     1,  8585,   406, 1015.1, 300, 0.0, 0.0, 0.0,  0, 0.0000,  1518, 0.0,29.3, 0.0
M3,13/07/22,11:06:27,     1,  8586,   406, 1015.1, 300, 0.0, 0.0, 0.0,  0, 0.0000,  1554, 0.0,29.3, 0.0
M3,13/07/22,11:06:28,     1,  8587,   406, 1015.1, 300, 0.0, 0.0, 0.0,  0, 0.0000,  1562, 0.0,29.3, 0.0
M3,13/07/22,11:06:29,     1,  8588,   407, 1015.1, 300, 0.0, 0.0, 0.0,  0, 0.0000,  1568, 0.0,29.3, 0.0
M3,13/07/22,11:06:30,     1,  8589,   407, 1015.1, 300, 0.0, 0.0, 0.0,  0, 0.0000,  1550, 0.0,29.3, 0.0
M3,13/07/22,11:06:31,     1,  8590,   406, 1015.1, 300, 0.0, 0.0, 0.0,  0, 0.0000,  1547, 0.0,29.3, 0.0
M3,13/07/22,11:06:32,     1,  8591,   406, 1015.1, 300, 0.0, 0.0, 0.0,  0, 0.0000,  1534, 0.0,29.3, 0.0
M3,13/07/22,11:06:33,     1,  8592,   406, 1015.1, 300, 0.0, 0.0, 0.0,  0, 0.0000,  1510, 0.0,29.3, 0.0
M3,13/07/22,11:06:34,     1,  8593,   406, 1015.1, 300, 0.0, 0.0, 0.0,  0, 0.0000,  1491, 0.0,29.3, 0.0
M3,13/07/22,11:06:35,     1,  8594,   406, 1015.1, 300, 0.0, 0.0, 0.0,  0, 0.0000,  1481, 0.0,29.3, 0.0
M3,13/07/22,11:06:36,     1,  8595,   406, 1015.1, 300, 0.0, 0.0, 0.0,  0, 0.0000,  1488, 0.0,29.3, 0.0
M3,13/07/22,11:06:37,     1,  8596,   406, 1015.1, 300, 0.0, 0.0, 0.0,  0, 0.0000,  1519, 0.0,29.3, 0.0
M3,13/07/22,11:06:38,     1,  8597,   406, 1015.1, 300, 0.0, 0.0, 0.0,  0, 0.0000,  1533, 0.0,29.3, 0.0
M3,13/07/22,11:06:39,     1,  8598,   407, 1015.1, 300, 0.0, 0.0, 0.0,  0, 0.0000,  1171, 0.0,29.3, 0.0
M3,13/07/22,11:06:40,     1,  8599,   407, 1015.1, 300, 0.0, 0.0, 0.0,  0, 0.0000,  1507, 0.0,29.3, 0.0
M3,13/07/22,11:06:41,     1,  8600,   407, 1015.1, 300, 0.0, 0.0, 0.0,  0, 0.0000,  1491, 0.0,29.3, 0.0
M3,13/07/22,11:06:42,     1,  8601,   407, 1015.1, 300, 0.0, 0.0, 0.0,  0, 0.0000,  1531, 0.0,29.3, 0.0
M3,13/07/22,11:06:43,     1,  8602,   406, 1015.1, 300, 0.0, 0.0, 0.0,  0, 0.0000,  1027, 0.0,29.3, 0.0
M3,13/07/22,11:06:44,     1,  8603,   406, 1015.1, 300, 0.0, 0.0, 0.0,  0, 0.0000,   880, 0.0,29.3, 0.0
M3,13/07/22,11:06:45,     1,  8604,   406, 1015.1, 300, 0.0, 0.0, 0.0,  0, 0.0000,  1381, 0.0,29.3, 0.0
M3,13/07/22,11:06:46,     1,  8605,   406, 1015.1, 300, 0.0, 0.0, 0.0,  0, 0.0000,  1467, 0.0,29.3, 0.0
M3,13/07/22,11:06:47,     1,  8606,   406, 1015.1, 300, 0.0, 0.0, 0.0,  0, 0.0000,  1454, 0.0,29.3, 0.0
M3,13/07/22,11:06:48,     1,  8607,   406, 1015.1, 300, 0.0, 0.0, 0.0,  0, 0.0000,  1456, 0.0,29.3, 0.0
M3,13/07/22,11:06:49,     1,  8608,   406, 1015.1, 300, 0.0, 0.0, 0.0,  0, 0.0000,  1469, 0.0,29.3, 0.0
M3,13/07/22,11:06:50,     1,  8609,   406, 1015.1, 300, 0.0, 0.0, 0.0,  0, 0.0000,  1491, 0.0,29.3, 0.0
M3,13/07/22,11:06:51,     1,  8610,   406, 1015.1, 300, 0.0, 0.0, 0.0,  0, 0.0000,   971, 0.0,29.3, 0.0
M3,13/07/22,11:06:52,     1,  8611,   406, 1015.1, 300, 0.0, 0.0, 0.0,  0, 0.0000,   751, 0.0,29.3, 0.0
M3,13/07/22,11:06:53,     1,  8612,   406, 1015.1, 300, 0.0, 0.0, 0.0,  0, 0.0000,  1561, 0.0,29.3, 0.0
M3,13/07/22,11:06:54,     1,  8613,   406, 1015.1, 300, 0.0, 0.0, 0.0,  0, 0.0000,  1596, 0.0,29.3, 0.0
M3,13/07/22,11:06:55,     1,  8614,   406, 1015.1, 300, 0.0, 0.0, 0.0,  0, 0.0000,  1454, 0.0,29.3, 0.0
M3,13/07/22,11:06:56,     1,  8615,   406, 1015.1, 300, 0.0, 0.0, 0.0,  0, 0.0000,  1352, 0.0,29.3, 0.0
M3,13/07/22,11:06:57,     1,  8616,   406, 1015.1, 300, 0.0, 0.0, 0.0,  0, 0.0000,  1046, 0.0,29.3, 0.0
M3,13/07/22,11:06:58,     1,  8617,   406, 1015.1, 300, 0.0, 0.0, 0.0,  0, 0.0000,   638, 0.0,29.3, 0.0
M3,13/07/22,11:06:59,     1,  8618,   406, 1015.1, 300, 0.0, 0.0, 0.0,  0, 0.0000,  1654, 0.0,29.3, 0.0
M3,13/07/22,11:07:00,     1,  8619,   406, 1015.1, 300, 0.0, 0.0, 0.0,  0, 0.0000,  1086, 0.0,29.3, 0.0
M3,13/07/22,11:07:01,     1,  8620,   405, 1015.1, 300, 0.0, 0.0, 0.0,  0, 0.0000,  1250, 0.0,29.2, 0.0
M3,13/07/22,11:07:02,     1,  8621,   405, 1015.1, 300, 0.0, 0.0, 0.0,  0, 0.0000,  1741, 0.0,29.2, 0.0
M3,13/07/22,11:07:03,     1,  8622,   405, 1015.1, 300, 0.0, 0.0, 0.0,  0, 0.0000,  1806, 0.0,29.2, 0.0
M3,13/07/22,11:07:04,     1,  8623,   405, 1015.1, 300, 0.0, 0.0, 0.0,  0, 0.0000,  1781, 0.0,29.1, 0.0
M3,13/07/22,11:07:05,     1,  8624,   405, 1015.1, 300, 0.0, 0.0, 0.0,  0, 0.0000,  1754, 0.0,29.0, 0.0
M3,13/07/22,11:07:06,     1,  8625,   405, 1015.2, 300, 0.0, 0.0, 0.0,  0, 0.0000,  1736, 0.0,28.9, 0.0
M3,13/07/22,11:07:07,     1,  8626,   404, 1015.2, 300, 0.0, 0.0, 0.0,  0, 0.0000,  1713, 0.0,28.8, 0.0
M3,13/07/22,11:07:08,     1,  8627,   404, 1015.2, 300, 0.0, 0.0, 0.0,  0, 0.0000,  1738, 0.0,28.8, 0.0
M3,13/07/22,11:07:09,     1,  8628,   403, 1015.2, 300, 0.0, 0.0, 0.0,  0, 0.0000,  1746, 0.0,28.8, 0.0
M3,13/07/22,11:07:10,     1,  8629,   403, 1015.2, 300, 0.0, 0.0, 0.0,  0, 0.0000,  1753, 0.0,28.7, 0.0
M3,13/07/22,11:07:11,     1,  8630,   403, 1015.2, 300, 0.0, 0.0, 0.0,  0, 0.0000,  1763, 0.0,28.7, 0.0
M3,13/07/22,11:07:12,     1,  8631,   402, 1015.2, 300, 0.0, 0.0, 0.0,  0, 0.0000,  1768, 0.0,28.6, 0.0
M3,13/07/22,11:07:13,     1,  8632,   402, 1015.2, 300, 0.0, 0.0, 0.0,  0, 0.0000,  1791, 0.0,28.6, 0.0
M3,13/07/22,11:07:14,     1,  8633,   402, 1015.2, 300, 0.0, 0.0, 0.0,  0, 0.0000,  1806, 0.0,28.6, 0.0
M3,13/07/22,11:07:15,     1,  8634,   402, 1015.2, 300, 0.0, 0.0, 0.0,  0, 0.0000,  1799, 0.0,28.6, 0.0
M3,13/07/22,11:07:16,     1,  8635,   402, 1015.2, 300, 0.0, 0.0, 0.0,  0, 0.0000,  1789, 0.0,28.5, 0.0
M3,13/07/22,11:07:17,     1,  8636,   402, 1015.2, 300, 0.0, 0.0, 0.0,  0, 0.0000,  1787, 0.0,28.5, 0.0
M3,13/07/22,11:07:18,     1,  8637,   402, 1015.2, 300, 0.0, 0.0, 0.0,  0, 0.0000,  1790, 0.0,28.5, 0.0
M3,13/07/22,11:07:19,     1,  8638,   402, 1015.2, 300, 0.0, 0.0, 0.0,  0, 0.0000,  1792, 0.0,28.4, 0.0
M3,13/07/22,11:07:20,     1,  8639,   402, 1015.2, 300, 0.0, 0.0, 0.0,  0, 0.0000,  1787, 0.0,28.4, 0.0
M3,13/07/22,11:07:22,     1,  8640,   402, 1015.2, 300, 0.0, 0.0, 0.0,  0, 0.0000,  1777, 0.0,28.4, 0.0
M3,13/07/22,11:07:23,     1,  8641,   402, 1015.2, 300, 0.0, 0.0, 0.0,  0, 0.0000,  1761, 0.0,28.4, 0.0
M3,13/07/22,11:07:24,     1,  8642,   402, 1015.2, 300, 0.0, 0.0, 0.0,  0, 0.0000,  1744, 0.0,28.3, 0.0
M3,13/07/22,11:07:25,     1,  8643,   402, 1015.2, 300, 0.0, 0.0, 0.0,  0, 0.0000,  1723, 0.0,28.3, 0.0
M3,13/07/22,11:07:26,     1,  8644,   402, 1015.2, 300, 0.0, 0.0, 0.0,  0, 0.0000,  1708, 0.0,28.3, 0.0
M3,13/07/22,11:07:27,     1,  8645,   402, 1015.2, 300, 0.0, 0.0, 0.0,  0, 0.0000,  1698, 0.0,28.3, 0.0
M3,13/07/22,11:07:28,     1,  8646,   402, 1015.2, 300, 0.0, 0.0, 0.0,  0, 0.0000,  1695, 0.0,28.3, 0.0
M3,13/07/22,11:07:29,     1,  8647,   403, 1015.2, 300, 0.0, 0.0, 0.0,  0, 0.0000,  1703, 0.0,28.2, 0.0
M3,13/07/22,11:07:30,     1,  8648,   403, 1015.2, 300, 0.0, 0.0, 0.0,  0, 0.0000,  1722, 0.0,28.1, 0.0
M3,13/07/22,11:07:31,     1,  8649,   403, 1015.2, 300, 0.0, 0.0, 0.0,  0, 0.0000,  1720, 0.0,28.1, 0.0
M3,13/07/22,11:07:32,     1,  8650,   403, 1015.2, 300, 0.0, 0.0, 0.0,  0, 0.0000,   949, 0.0,28.1, 0.0
M3,13/07/22,11:07:33,     1,  8651,   403, 1015.2, 300, 0.0, 0.0, 0.0,  0, 0.0000,  1677, 0.0,28.1, 0.0
M3,13/07/22,11:07:34,     1,  8652,   403, 1015.2, 300, 0.0, 0.0, 0.0,  0, 0.0000,  1737, 0.0,28.1, 0.0
M3,13/07/22,11:07:35,     1,  8653,   403, 1015.2, 300, 0.0, 0.0, 0.0,  0, 0.0000,  1720, 0.0,28.1, 0.0
M3,13/07/22,11:07:36,     1,  8654,   403, 1015.2, 300, 0.0, 0.0, 0.0,  0, 0.0000,  1698, 0.0,28.1, 0.0
M3,13/07/22,11:07:37,     1,  8655,   403, 1015.2, 300, 0.0, 0.0, 0.0,  0, 0.0000,  1678, 0.0,28.1, 0.0
M3,13/07/22,11:07:38,     1,  8656,   403, 1015.2, 300, 0.0, 0.0, 0.0,  0, 0.0000,  1660, 0.0,28.1, 0.0
M3,13/07/22,11:07:39,     1,  8657,   403, 1015.2, 300, 0.0, 0.0, 0.0,  0, 0.0000,  1660, 0.0,28.1, 0.0
M3,13/07/22,11:07:40,     1,  8658,   403, 1015.2, 300, 0.0, 0.0, 0.0,  0, 0.0000,  1677, 0.0,28.1, 0.0
M3,13/07/22,11:07:41,     1,  8659,   403, 1015.2, 300, 0.0, 0.0, 0.0,  0, 0.0000,  1688, 0.0,28.1, 0.0
M3,13/07/22,11:07:42,     1,  8660,   403, 1015.2, 300, 0.0, 0.0, 0.0,  0, 0.0000,  1682, 0.0,28.1, 0.0
M3,13/07/22,11:07:43,     1,  8661,   403, 1015.2, 300, 0.0, 0.0, 0.0,  0, 0.0000,  1677, 0.0,28.1, 0.0
M3,13/07/22,11:07:44,     1,  8662,   403, 1015.2, 300, 0.0, 0.0, 0.0,  0, 0.0000,  1672, 0.0,28.1, 0.0
M3,13/07/22,11:07:45,     1,  8663,   403, 1015.2, 300, 0.0, 0.0, 0.0,  0, 0.0000,  1666, 0.0,28.1, 0.0
M3,13/07/22,11:07:46,     1,  8664,   403, 1015.2, 300, 0.0, 0.0, 0.0,  0, 0.0000,  1665, 0.0,28.1, 0.0
M3,13/07/22,11:07:47,     1,  8665,   403, 1015.2, 300, 0.0, 0.0, 0.0,  0, 0.0000,  1689, 0.0,28.1, 0.0
M3,13/07/22,11:07:48,     1,  8666,   403, 1015.2, 300, 0.0, 0.0, 0.0,  0, 0.0000,  1721, 0.0,28.1, 0.0
M3,13/07/22,11:07:49,     1,  8667,   403, 1015.2, 300, 0.0, 0.0, 0.0,  0, 0.0000,  1739, 0.0,28.1, 0.0
M3,13/07/22,11:07:50,     1,  8668,   403, 1015.2, 300, 0.0, 0.0, 0.0,  0, 0.0000,  1757, 0.0,28.1, 0.0
M3,13/07/22,11:07:51,     1,  8669,   403, 1015.2, 300, 0.0, 0.0, 0.0,  0, 0.0000,  1788, 0.0,28.0, 0.0
M3,13/07/22,11:07:52,     1,  8670,   403, 1015.2, 300, 0.0, 0.0, 0.0,  0, 0.0000,  1808, 0.0,27.9, 0.0
M3,13/07/22,11:07:53,     1,  8671,   403, 1015.2, 300, 0.0, 0.0, 0.0,  0, 0.0000,  1823, 0.0,27.9, 0.0
M3,13/07/22,11:07:54,     1,  8672,   403, 1015.2, 300, 0.0, 0.0, 0.0,  0, 0.0000,  1838, 0.0,27.9, 0.0
M3,13/07/22,11:07:55,     1,  8673,   403, 1015.2, 300, 0.0, 0.0, 0.0,  0, 0.0000,  1845, 0.0,27.8, 0.0
M3,13/07/22,11:07:56,     1,  8674,   403, 1015.2, 301, 0.0, 0.0, 0.0,  0, 0.0000,  1840, 0.0,27.8, 0.0
M3,13/07/22,11:07:57,     1,  8675,   403, 1015.2, 300, 0.0, 0.0, 0.0,  0, 0.0000,  1845, 0.0,27.7, 0.0
M3,13/07/22,11:07:58,     1,  8676,   403, 1015.2, 300, 0.0, 0.0, 0.0,  0, 0.0000,  1852, 0.0,27.7, 0.0
M3,13/07/22,11:07:59,     1,  8677,   403, 1015.2, 300, 0.0, 0.0, 0.0,  0, 0.0000,  1855, 0.0,27.7, 0.0
M3,13/07/22,11:08:00,     1,  8678,   403, 1015.2, 300, 0.0, 0.0, 0.0,  0, 0.0000,  1861, 0.0,27.7, 0.0
M3,13/07/22,11:08:01,     1,  8679,   403, 1015.2, 300, 0.0, 0.0, 0.0,  0, 0.0000,  1869, 0.0,27.7, 0.0
M3,13/07/22,11:08:02,     1,  8680,   403, 1015.2, 300, 0.0, 0.0, 0.0,  0, 0.0000,  1864, 0.0,27.7, 0.0
M3,13/07/22,11:08:03,     1,  8681,   403, 1015.2, 300, 0.0, 0.0, 0.0,  0, 0.0000,  1854, 0.0,27.8, 0.0
M3,13/07/22,11:08:04,     1,  8682,   403, 1015.2, 300, 0.0, 0.0, 0.0,  0, 0.0000,  1836, 0.0,27.8, 0.0
M3,13/07/22,11:08:05,     1,  8683,   403, 1015.2, 300, 0.0, 0.0, 0.0,  0, 0.0000,  1806, 0.0,27.8, 0.0
M3,13/07/22,11:08:06,     1,  8684,   403, 1015.2, 300, 0.0, 0.0, 0.0,  0, 0.0000,  1775, 0.0,27.8, 0.0
M3,13/07/22,11:08:07,     1,  8685,   403, 1015.2, 300, 0.0, 0.0, 0.0,  0, 0.0000,  1751, 0.0,27.8, 0.0
M3,13/07/22,11:08:08,     1,  8686,   403, 1015.2, 300, 0.0, 0.0, 0.0,  0, 0.0000,  1715, 0.0,27.8, 0.0
M3,13/07/22,11:08:09,     1,  8687,   403, 1015.2, 300, 0.0, 0.0, 0.0,  0, 0.0000,  1673, 0.0,27.8, 0.0
M3,13/07/22,11:08:10,     1,  8688,   403, 1015.2, 300, 0.0, 0.0, 0.0,  0, 0.0000,  1642, 0.0,27.8, 0.0
M3,13/07/22,11:08:11,     1,  8689,   403, 1015.2, 300, 0.0, 0.0, 0.0,  0, 0.0000,  1616, 0.0,27.8, 0.0
M3,13/07/22,11:08:12,     1,  8690,   403, 1015.2, 300, 0.0, 0.0, 0.0,  0, 0.0000,  1619, 0.0,27.8, 0.0
M3,13/07/22,11:08:13,     1,  8691,   403, 1015.2, 300, 0.0, 0.0, 0.0,  0, 0.0000,  1628, 0.0,27.8, 0.0
M3,13/07/22,11:08:14,     1,  8692,   403, 1015.2, 300, 0.0, 0.0, 0.0,  0, 0.0000,  1629, 0.0,27.8, 0.0
M3,13/07/22,11:08:15,     1,  8693,   403, 1015.2, 300, 0.0, 0.0, 0.0,  0, 0.0000,  1634, 0.0,27.9, 0.0
M3,13/07/22,11:08:16,     1,  8694,   403, 1015.2, 300, 0.0, 0.0, 0.0,  0, 0.0000,  1637, 0.0,27.9, 0.0
M3,13/07/22,11:08:17,     1,  8695,   403, 1015.2, 300, 0.0, 0.0, 0.0,  0, 0.0000,  1603, 0.0,27.9, 0.0
M3,13/07/22,11:08:18,     1,  8696,   403, 1015.2, 300, 0.0, 0.0, 0.0,  0, 0.0000,  1491, 0.0,27.9, 0.0
M3,13/07/22,11:08:19,     1,  8697,   403, 1015.2, 300, 0.0, 0.0, 0.0,  0, 0.0000,  1431, 0.0,27.9, 0.0
M3,13/07/22,11:08:20,     1,  8698,   403, 1015.2, 300, 0.0, 0.0, 0.0,  0, 0.0000,  1461, 0.0,27.9, 0.0
M3,13/07/22,11:08:21,     1,  8699,   403, 1015.2, 300, 0.0, 0.0, 0.0,  0, 0.0000,  1525, 0.0,28.0, 0.0
M3,13/07/22,11:08:22,     1,  8700,   403, 1015.2, 300, 0.0, 0.0, 0.0,  0, 0.0000,  1602, 0.0,28.0, 0.0
M3,13/07/22,11:08:23,     1,  8701,   402, 1015.2, 300, 0.0, 0.0, 0.0,  0, 0.0000,  1549, 0.0,28.0, 0.0
M3,13/07/22,11:08:24,     1,  8702,   402, 1015.2, 300, 0.0, 0.0, 0.0,  0, 0.0000,  1540, 0.0,27.9, 0.0
M3,13/07/22,11:08:25,     1,  8703,   402, 1015.2, 300, 0.0, 0.0, 0.0,  0, 0.0000,  1519, 0.0,27.9, 0.0
M3,13/07/22,11:08:26,     1,  8704,   402, 1015.2, 300, 0.0, 0.0, 0.0,  0, 0.0000,  1455, 0.0,27.9, 0.0
M3,13/07/22,11:08:27,     1,  8705,   402, 1015.2, 300, 0.0, 0.0, 0.0,  0, 0.0000,  1431, 0.0,27.8, 0.0
M3,13/07/22,11:08:28,     1,  8706,   402, 1015.2, 300, 0.0, 0.0, 0.0,  0, 0.0000,  1483, 0.0,27.8, 0.0
M3,13/07/22,11:08:29,     1,  8707,   402, 1015.2, 300, 0.0, 0.0, 0.0,  0, 0.0000,  1500, 0.0,27.8, 0.0
M3,13/07/22,11:08:30,     1,  8708,   402, 1015.2, 300, 0.0, 0.0, 0.0,  0, 0.0000,  1513, 0.0,27.8, 0.0
M3,13/07/22,11:08:31,     1,  8709,   402, 1015.2, 300, 0.0, 0.0, 0.0,  0, 0.0000,  1501, 0.0,27.8, 0.0
M3,13/07/22,11:08:32,     1,  8710,   402, 1015.2, 300, 0.0, 0.0, 0.0,  0, 0.0000,  1504, 0.0,27.8, 0.0
M3,13/07/22,11:08:33,     1,  8711,   402, 1015.2, 300, 0.0, 0.0, 0.0,  0, 0.0000,  1478, 0.0,27.7, 0.0
M3,13/07/22,11:08:34,     1,  8712,   402, 1015.2, 300, 0.0, 0.0, 0.0,  0, 0.0000,  1436, 0.0,27.7, 0.0
M3,13/07/22,11:08:35,     1,  8713,   402, 1015.2, 300, 0.0, 0.0, 0.0,  0, 0.0000,  1453, 0.0,27.7, 0.0
M3,13/07/22,11:08:36,     1,  8714,   402, 1015.2, 300, 0.0, 0.0, 0.0,  0, 0.0000,  1474, 0.0,27.7, 0.0
M3,13/07/22,11:08:37,     1,  8715,   402, 1015.2, 300, 0.0, 0.0, 0.0,  0, 0.0000,  1461, 0.0,27.6, 0.0
M3,13/07/22,11:08:38,     1,  8716,   402, 1015.2, 300, 0.0, 0.0, 0.0,  0, 0.0000,  1430, 0.0,27.6, 0.0
M3,13/07/22,11:08:39,     1,  8717,   402, 1015.2, 300, 0.0, 0.0, 0.0,  0, 0.0000,  1405, 0.0,27.6, 0.0
M3,13/07/22,11:08:40,     1,  8718,   402, 1015.2, 300, 0.0, 0.0, 0.0,  0, 0.0000,  1391, 0.0,27.6, 0.0
M3,13/07/22,11:08:41,     1,  8719,   402, 1015.2, 300, 0.0, 0.0, 0.0,  0, 0.0000,  1359, 0.0,27.6, 0.0
M3,13/07/22,11:08:42,     1,  8720,   403, 1015.2, 300, 0.0, 0.0, 0.0,  0, 0.0000,  1483, 0.0,27.6, 0.0
M3,13/07/22,11:08:43,     1,  8721,   403, 1015.2, 300, 0.0, 0.0, 0.0,  0, 0.0000,  1633, 0.0,27.6, 0.0
M3,13/07/22,11:08:44,     1,  8722,   403, 1015.2, 300, 0.0, 0.0, 0.0,  0, 0.0000,  1665, 0.0,27.6, 0.0
M3,13/07/22,11:08:45,     1,  8723,   403, 1015.2, 300, 0.0, 0.0, 0.0,  0, 0.0000,  1669, 0.0,27.6, 0.0
M3,13/07/22,11:08:46,     1,  8724,   403, 1015.2, 300, 0.0, 0.0, 0.0,  0, 0.0000,  1643, 0.0,27.7, 0.0
M3,13/07/22,11:08:47,     1,  8725,   403, 1015.2, 300, 0.0, 0.0, 0.0,  0, 0.0000,  1622, 0.0,27.7, 0.0
M3,13/07/22,11:08:48,     1,  8726,   403, 1015.2, 300, 0.0, 0.0, 0.0,  0, 0.0000,  1617, 0.0,27.7, 0.0
M3,13/07/22,11:08:49,     1,  8727,   403, 1015.2, 300, 0.0, 0.0, 0.0,  0, 0.0000,  1636, 0.0,27.7, 0.0
M3,13/07/22,11:08:50,     1,  8728,   403, 1015.2, 300, 0.0, 0.0, 0.0,  0, 0.0000,  1664, 0.0,27.7, 0.0
M3,13/07/22,11:08:51,     1,  8729,   403, 1015.2, 300, 0.0, 0.0, 0.0,  0, 0.0000,  1700, 0.0,27.7, 0.0
M3,13/07/22,11:08:52,     1,  8730,   402, 1015.2, 300, 0.0, 0.0, 0.0,  0, 0.0000,  1711, 0.0,27.7, 0.0
M3,13/07/22,11:08:53,     1,  8731,   402, 1015.2, 300, 0.0, 0.0, 0.0,  0, 0.0000,  1702, 0.0,27.7, 0.0
M3,13/07/22,11:08:54,     1,  8732,   402, 1015.2, 300, 0.0, 0.0, 0.0,  0, 0.0000,  1697, 0.0,27.7, 0.0
M3,13/07/22,11:08:55,     1,  8733,   402, 1015.2, 300, 0.0, 0.0, 0.0,  0, 0.0000,  1705, 0.0,27.7, 0.0
M3,13/07/22,11:08:56,     1,  8734,   402, 1015.2, 300, 0.0, 0.0, 0.0,  0, 0.0000,  1722, 0.0,27.7, 0.0
M3,13/07/22,11:08:57,     1,  8735,   402, 1015.2, 300, 0.0, 0.0, 0.0,  0, 0.0000,  1058, 0.0,27.7, 0.0
M3,13/07/22,11:08:58,     1,  8736,   402, 1015.2, 300, 0.0, 0.0, 0.0,  0, 0.0000,  1190, 0.0,27.7, 0.0
M3,13/07/22,11:08:59,     1,  8737,   402, 1015.2, 300, 0.0, 0.0, 0.0,  0, 0.0000,  1561, 0.0,27.7, 0.0
M3,13/07/22,11:09:00,     1,  8738,   402, 1015.2, 300, 0.0, 0.0, 0.0,  0, 0.0000,  1573, 0.0,27.8, 0.0
M3,13/07/22,11:09:01,     1,  8739,   403, 1015.2, 300, 0.0, 0.0, 0.0,  0, 0.0000,  1571, 0.0,27.8, 0.0
M3,13/07/22,11:09:02,     1,  8740,   403, 1015.2, 300, 0.0, 0.0, 0.0,  0, 0.0000,  1568, 0.0,27.9, 0.0
M3,13/07/22,11:09:03,     1,  8741,   402, 1015.2, 300, 0.0, 0.0, 0.0,  0, 0.0000,  1527, 0.0,27.9, 0.0
M3,13/07/22,11:09:04,     1,  8742,   402, 1015.2, 300, 0.0, 0.0, 0.0,  0, 0.0000,  1502, 0.0,28.0, 0.0
M3,13/07/22,11:09:05,     1,  8743,   402, 1015.2, 300, 0.0, 0.0, 0.0,  0, 0.0000,  1177, 0.0,28.0, 0.0
M3,13/07/22,11:09:06,     1,  8744,   402, 1015.2, 299, 0.0, 0.0, 0.0,  0, 0.0000,   510, 0.0,28.0, 0.0
M3,13/07/22,11:09:07,     1,  8745,   402, 1015.2, 299, 0.0, 0.0, 0.0,  0, 0.0000,   429, 0.0,28.0, 0.0
M3,13/07/22,11:09:08,     1,  8746,   402, 1015.2, 300, 0.0, 0.0, 0.0,  0, 0.0000,  1263, 0.0,27.9, 0.0
M3,13/07/22,11:09:09,     1,  8747,   402, 1015.2, 300, 0.0, 0.0, 0.0,  0, 0.0000,   506, 0.0,27.9, 0.0
M3,13/07/22,11:09:10,     1,  8748,   403, 1015.2, 300, 0.0, 0.0, 0.0,  0, 0.0000,   348, 0.0,27.9, 0.0
M3,13/07/22,11:09:11,     1,  8749,   403, 1015.2, 300, 0.0, 0.0, 0.0,  0, 0.0000,   228, 0.0,27.9, 0.0
M3,13/07/22,11:09:12,     1,  8750,   403, 1015.2, 300, 0.0, 0.0, 0.0,  0, 0.0000,   610, 0.0,28.0, 0.0
M3,13/07/22,11:09:13,     1,  8751,   403, 1015.2, 300, 0.0, 0.0, 0.0,  0, 0.0000,  1113, 0.0,28.0, 0.0
M3,13/07/22,11:09:14,     1,  8752,   403, 1015.2, 300, 0.0, 0.0, 0.0,  0, 0.0000,  1004, 0.0,28.0, 0.0
M3,13/07/22,11:09:15,     1,  8753,   403, 1015.2, 300, 0.0, 0.0, 0.0,  0, 0.0000,   979, 0.0,28.0, 0.0
M3,13/07/22,11:09:16,     1,  8754,   403, 1015.2, 300, 0.0, 0.0, 0.0,  0, 0.0000,   283, 0.0,28.0, 0.0
M3,13/07/22,11:09:17,     1,  8755,   403, 1015.2, 300, 0.0, 0.0, 0.0,  0, 0.0000,   194, 0.0,28.0, 0.0
M3,13/07/22,11:09:18,     1,  8756,   403, 1015.2, 300, 0.0, 0.0, 0.0,  0, 0.0000,   208, 0.0,28.0, 0.0
M3,13/07/22,11:09:19,     1,  8757,   403, 1015.2, 300, 0.0, 0.0, 0.0,  0, 0.0000,   259, 0.0,28.1, 0.0
