Tag(M3),Date,Time,Plot_No,Rec_No,CO2,Pressure,Flow,H2O,Tsen,O2,Error,Aux_V,PAR,Tsoil,Tair,Msoil
M3,15/07/22,11:53:13,     1, 10849,   412, 1022.4, 300, 0.0, 0.0, 0.0, 61, 0.0000,  1720, 0.0,23.7, 0.0
M3,15/07/22,11:53:14,     1, 10850,   412, 1022.4, 300, 0.0, 0.0, 0.0,  0, 0.0000,  1719, 0.0,23.7, 0.0
M3,15/07/22,11:53:15,     1, 10851,   412, 1022.4, 300, 0.0, 0.0, 0.0,  0, 0.0000,  1722, 0.0,23.7, 0.0
M3,15/07/22,11:53:16,     1, 10852,   412, 1022.4, 300, 0.0, 0.0, 0.0,  0, 0.0000,  1726, 0.0,23.7, 0.0
M3,15/07/22,11:53:17,     1, 10853,   412, 1022.4, 300, 0.0, 0.0, 0.0,  0, 0.0000,  1732, 0.0,23.7, 0.0
M3,15/07/22,11:53:18,     1, 10854,   411, 1022.4, 300, 0.0, 0.0, 0.0,  0, 0.0000,  1732, 0.0,23.7, 0.0
M3,15/07/22,11:53:19,     1, 10855,   411, 1022.4, 300, 0.0, 0.0, 0.0,  0, 0.0000,  1732, 0.0,23.7, 0.0
M3,15/07/22,11:53:20,     1, 10856,   411, 1022.4, 300, 0.0, 0.0, 0.0,  0, 0.0000,  1734, 0.0,23.7, 0.0
M3,15/07/22,11:53:21,     1, 10857,   411, 1022.4, 300, 0.0, 0.0, 0.0,  0, 0.0000,  1732, 0.0,23.8, 0.0
M3,15/07/22,11:53:22,     1, 10858,   411, 1022.4, 300, 0.0, 0.0, 0.0,  0, 0.0000,  1732, 0.0,23.8, 0.0
M3,15/07/22,11:53:23,     1, 10859,   411, 1022.4, 299, 0.0, 0.0, 0.0,  0, 0.0000,  1733, 0.0,23.8, 0.0
M3,15/07/22,11:53:24,     1, 10860,   411, 1022.4, 300, 0.0, 0.0, 0.0,  0, 0.0000,  1732, 0.0,23.8, 0.0
M3,15/07/22,11:53:25,     1, 10861,   411, 1022.4, 300, 0.0, 0.0, 0.0,  0, 0.0000,  1733, 0.0,23.8, 0.0
M3,15/07/22,11:53:26,     1, 10862,   410, 1022.4, 300, 0.0, 0.0, 0.0,  0, 0.0000,  1731, 0.0,23.8, 0.0
M3,15/07/22,11:53:27,     1, 10863,   410, 1022.4, 300, 0.0, 0.0, 0.0,  0, 0.0000,  1731, 0.0,23.8, 0.0
M3,15/07/22,11:53:28,     1, 10864,   410, 1022.4, 300, 0.0, 0.0, 0.0,  0, 0.0000,  1729, 0.0,23.8, 0.0
M3,15/07/22,11:53:29,     1, 10865,   410, 1022.4, 300, 0.0, 0.0, 0.0,  0, 0.0000,  1731, 0.0,23.8, 0.0
M3,15/07/22,11:53:30,     1, 10866,   410, 1022.4, 300, 0.0, 0.0, 0.0,  0, 0.0000,  1731, 0.0,23.9, 0.0
M3,15/07/22,11:53:31,     1, 10867,   409, 1022.4, 300, 0.0, 0.0, 0.0,  0, 0.0000,  1730, 0.0,23.9, 0.0
M3,15/07/22,11:53:32,     1, 10868,   409, 1022.4, 300, 0.0, 0.0, 0.0,  0, 0.0000,  1730, 0.0,23.9, 0.0
M3,15/07/22,11:53:33,     1, 10869,   409, 1022.4, 300, 0.0, 0.0, 0.0,  0, 0.0000,  1730, 0.0,23.9, 0.0
M3,15/07/22,11:53:34,     1, 10870,   409, 1022.4, 300, 0.0, 0.0, 0.0,  0, 0.0000,  1730, 0.0,23.9, 0.0
M3,15/07/22,11:53:35,     1, 10871,   409, 1022.4, 300, 0.0, 0.0, 0.0,  0, 0.0000,  1729, 0.0,23.9, 0.0
M3,15/07/22,11:53:36,     1, 10872,   408, 1022.4, 300, 0.0, 0.0, 0.0,  0, 0.0000,  1730, 0.0,23.9, 0.0
M3,15/07/22,11:53:37,     1, 10873,   408, 1022.4, 300, 0.0, 0.0, 0.0,  0, 0.0000,  1730, 0.0,23.9, 0.0
M3,15/07/22,11:53:38,     1, 10874,   408, 1022.4, 300, 0.0, 0.0, 0.0,  0, 0.0000,  1730, 0.0,23.9, 0.0
M3,15/07/22,11:53:39,     1, 10875,   407, 1022.4, 300, 0.0, 0.0, 0.0,  0, 0.0000,  1730, 0.0,23.9, 0.0
M3,15/07/22,11:53:40,     1, 10876,   407, 1022.4, 300, 0.0, 0.0, 0.0,  0, 0.0000,  1731, 0.0,24.0, 0.0
M3,15/07/22,11:53:41,     1, 10877,   407, 1022.4, 300, 0.0, 0.0, 0.0,  0, 0.0000,  1731, 0.0,24.0, 0.0
M3,15/07/22,11:53:42,     1, 10878,   406, 1022.4, 300, 0.0, 0.0, 0.0,  0, 0.0000,  1730, 0.0,24.0, 0.0
M3,15/07/22,11:53:43,     1, 10879,   407, 1022.4, 300, 0.0, 0.0, 0.0,  0, 0.0000,  1731, 0.0,24.0, 0.0
M3,15/07/22,11:53:44,     1, 10880,   407, 1022.4, 300, 0.0, 0.0, 0.0,  0, 0.0000,  1731, 0.0,24.0, 0.0
M3,15/07/22,11:53:45,     1, 10881,   407, 1022.4, 300, 0.0, 0.0, 0.0,  0, 0.0000,  1732, 0.0,24.0, 0.0
M3,15/07/22,11:53:46,     1, 10882,   406, 1022.4, 300, 0.0, 0.0, 0.0,  0, 0.0000,  1732, 0.0,24.0, 0.0
M3,15/07/22,11:53:47,     1, 10883,   406, 1022.4, 300, 0.0, 0.0, 0.0,  0, 0.0000,  1731, 0.0,24.0, 0.0
M3,15/07/22,11:53:48,     1, 10884,   406, 1022.4, 300, 0.0, 0.0, 0.0,  0, 0.0000,  1732, 0.0,24.0, 0.0
M3,15/07/22,11:53:49,     1, 10885,   406, 1022.4, 300, 0.0, 0.0, 0.0,  0, 0.0000,  1732, 0.0,24.0, 0.0
M3,15/07/22,11:53:50,     1, 10886,   405, 1022.4, 300, 0.0, 0.0, 0.0,  0, 0.0000,  1732, 0.0,24.1, 0.0
M3,15/07/22,11:53:51,     1, 10887,   406, 1022.4, 300, 0.0, 0.0, 0.0,  0, 0.0000,  1733, 0.0,24.1, 0.0
M3,15/07/22,11:53:52,     1, 10888,   406, 1022.4, 300, 0.0, 0.0, 0.0,  0, 0.0000,  1733, 0.0,24.1, 0.0
M3,15/07/22,11:53:53,     1, 10889,   406, 1022.4, 300, 0.0, 0.0, 0.0,  0, 0.0000,  1733, 0.0,24.1, 0.0
M3,15/07/22,11:53:54,     1, 10890,   406, 1022.4, 300, 0.0, 0.0, 0.0,  0, 0.0000,  1733, 0.0,24.1, 0.0
M3,15/07/22,11:53:55,     1, 10891,   405, 1022.4, 300, 0.0, 0.0, 0.0,  0, 0.0000,  1732, 0.0,24.1, 0.0
M3,15/07/22,11:53:56,     1, 10892,   405, 1022.4, 300, 0.0, 0.0, 0.0,  0, 0.0000,  1732, 0.0,24.1, 0.0
M3,15/07/22,11:53:57,     1, 10893,   405, 1022.4, 300, 0.0, 0.0, 0.0,  0, 0.0000,  1732, 0.0,24.1, 0.0
M3,15/07/22,11:53:58,     1, 10894,   404, 1022.4, 300, 0.0, 0.0, 0.0,  0, 0.0000,  1732, 0.0,24.1, 0.0
M3,15/07/22,11:53:59,     1, 10895,   404, 1022.4, 300, 0.0, 0.0, 0.0,  0, 0.0000,  1732, 0.0,24.1, 0.0
M3,15/07/22,11:54:00,     1, 10896,   404, 1022.4, 300, 0.0, 0.0, 0.0,  0, 0.0000,  1732, 0.0,24.1, 0.0
M3,15/07/22,11:54:01,     1, 10897,   404, 1022.4, 300, 0.0, 0.0, 0.0,  0, 0.0000,  1730, 0.0,24.2, 0.0
M3,15/07/22,11:54:02,     1, 10898,   404, 1022.4, 300, 0.0, 0.0, 0.0,  0, 0.0000,  1730, 0.0,24.2, 0.0
M3,15/07/22,11:54:03,     1, 10899,   404, 1022.4, 300, 0.0, 0.0, 0.0,  0, 0.0000,  1730, 0.0,24.2, 0.0
M3,15/07/22,11:54:04,     1, 10900,   404, 1022.4, 300, 0.0, 0.0, 0.0,  0, 0.0000,  1729, 0.0,24.2, 0.0
M3,15/07/22,11:54:05,     1, 10901,   403, 1022.4, 300, 0.0, 0.0, 0.0,  0, 0.0000,  1729, 0.0,24.2, 0.0
M3,15/07/22,11:54:06,     1, 10902,   403, 1022.4, 300, 0.0, 0.0, 0.0,  0, 0.0000,  1728, 0.0,24.2, 0.0
M3,15/07/22,11:54:07,     1, 10903,   403, 1022.4, 300, 0.0, 0.0, 0.0,  0, 0.0000,  1728, 0.0,24.2, 0.0
M3,15/07/22,11:54:08,     1, 10904,   403, 1022.4, 300, 0.0, 0.0, 0.0,  0, 0.0000,  1729, 0.0,24.2, 0.0
M3,15/07/22,11:54:09,     1, 10905,   403, 1022.4, 300, 0.0, 0.0, 0.0,  0, 0.0000,  1727, 0.0,24.2, 0.0
M3,15/07/22,11:54:10,     1, 10906,   403, 1022.4, 300, 0.0, 0.0, 0.0,  0, 0.0000,  1725, 0.0,24.2, 0.0
M3,15/07/22,11:54:11,     1, 10907,   403, 1022.4, 300, 0.0, 0.0, 0.0,  0, 0.0000,  1723, 0.0,24.3, 0.0
M3,15/07/22,11:54:12,     1, 10908,   403, 1022.4, 300, 0.0, 0.0, 0.0,  0, 0.0000,  1721, 0.0,24.3, 0.0
M3,15/07/22,11:54:13,     1, 10909,   403, 1022.4, 300, 0.0, 0.0, 0.0,  0, 0.0000,  1722, 0.0,24.3, 0.0
M3,15/07/22,11:54:14,     1, 10910,   403, 1022.4, 300, 0.0, 0.0, 0.0,  0, 0.0000,  1719, 0.0,24.3, 0.0
M3,15/07/22,11:54:15,     1, 10911,   403, 1022.4, 300, 0.0, 0.0, 0.0,  0, 0.0000,  1717, 0.0,24.3, 0.0
M3,15/07/22,11:54:16,     1, 10912,   402, 1022.4, 300, 0.0, 0.0, 0.0,  0, 0.0000,  1715, 0.0,24.3, 0.0
M3,15/07/22,11:54:17,     1, 10913,   402, 1022.4, 300, 0.0, 0.0, 0.0,  0, 0.0000,  1712, 0.0,24.3, 0.0
M3,15/07/22,11:54:18,     1, 10914,   402, 1022.4, 300, 0.0, 0.0, 0.0,  0, 0.0000,  1709, 0.0,24.3, 0.0
M3,15/07/22,11:54:19,     1, 10915,   401, 1022.4, 300, 0.0, 0.0, 0.0,  0, 0.0000,  1707, 0.0,24.3, 0.0
M3,15/07/22,11:54:20,     1, 10916,   401, 1022.4, 300, 0.0, 0.0, 0.0,  0, 0.0000,  1704, 0.0,24.3, 0.0
M3,15/07/22,11:54:21,     1, 10917,   401, 1022.4, 300, 0.0, 0.0, 0.0,  0, 0.0000,  1699, 0.0,24.3, 0.0
M3,15/07/22,11:54:22,     1, 10918,   401, 1022.4, 300, 0.0, 0.0, 0.0,  0, 0.0000,  1696, 0.0,24.3, 0.0
M3,15/07/22,11:54:23,     1, 10919,   401, 1022.4, 300, 0.0, 0.0, 0.0,  0, 0.0000,  1694, 0.0,24.3, 0.0
M3,15/07/22,11:54:24,     1, 10920,   401, 1022.4, 300, 0.0, 0.0, 0.0,  0, 0.0000,  1690, 0.0,24.4, 0.0
M3,15/07/22,11:54:25,     1, 10921,   401, 1022.4, 300, 0.0, 0.0, 0.0,  0, 0.0000,  1688, 0.0,24.4, 0.0
M3,15/07/22,11:54:26,     1, 10922,   401, 1022.4, 300, 0.0, 0.0, 0.0,  0, 0.0000,  1686, 0.0,24.4, 0.0
M3,15/07/22,11:54:27,     1, 10923,   401, 1022.4, 300, 0.0, 0.0, 0.0,  0, 0.0000,  1681, 0.0,24.4, 0.0
M3,15/07/22,11:54:28,     1, 10924,   401, 1022.4, 300, 0.0, 0.0, 0.0,  0, 0.0000,  1678, 0.0,24.4, 0.0
M3,15/07/22,11:54:29,     1, 10925,   400, 1022.4, 300, 0.0, 0.0, 0.0,  0, 0.0000,  1678, 0.0,24.4, 0.0
M3,15/07/22,11:54:30,     1, 10926,   400, 1022.4, 300, 0.0, 0.0, 0.0,  0, 0.0000,  1676, 0.0,24.4, 0.0
M3,15/07/22,11:54:31,     1, 10927,   400, 1022.4, 300, 0.0, 0.0, 0.0,  0, 0.0000,  1673, 0.0,24.4, 0.0
M3,15/07/22,11:54:32,     1, 10928,   400, 1022.4, 300, 0.0, 0.0, 0.0,  0, 0.0000,  1672, 0.0,24.4, 0.0
M3,15/07/22,11:54:33,     1, 10929,   400, 1022.4, 300, 0.0, 0.0, 0.0,  0, 0.0000,  1670, 0.0,24.4, 0.0
M3,15/07/22,11:54:34,     1, 10930,   400, 1022.4, 300, 0.0, 0.0, 0.0,  0, 0.0000,  1668, 0.0,24.5, 0.0
M3,15/07/22,11:54:35,     1, 10931,   400, 1022.4, 300, 0.0, 0.0, 0.0,  0, 0.0000,  1666, 0.0,24.5, 0.0
M3,15/07/22,11:54:36,     1, 10932,   399, 1022.4, 300, 0.0, 0.0, 0.0,  0, 0.0000,  1662, 0.0,24.5, 0.0
M3,15/07/22,11:54:37,     1, 10933,   399, 1022.4, 300, 0.0, 0.0, 0.0,  0, 0.0000,  1660, 0.0,24.5, 0.0
M3,15/07/22,11:54:38,     1, 10934,   399, 1022.4, 300, 0.0, 0.0, 0.0,  0, 0.0000,  1658, 0.0,24.5, 0.0
M3,15/07/22,11:54:39,     1, 10935,   398, 1022.4, 300, 0.0, 0.0, 0.0,  0, 0.0000,  1658, 0.0,24.5, 0.0
M3,15/07/22,11:54:40,     1, 10936,   398, 1022.4, 300, 0.0, 0.0, 0.0,  0, 0.0000,  1656, 0.0,24.5, 0.0
M3,15/07/22,11:54:41,     1, 10937,   398, 1022.4, 300, 0.0, 0.0, 0.0,  0, 0.0000,  1653, 0.0,24.5, 0.0
M3,15/07/22,11:54:42,     1, 10938,   398, 1022.4, 300, 0.0, 0.0, 0.0,  0, 0.0000,  1651, 0.0,24.5, 0.0
M3,15/07/22,11:54:43,     1, 10939,   398, 1022.4, 300, 0.0, 0.0, 0.0,  0, 0.0000,  1651, 0.0,24.5, 0.0
M3,15/07/22,11:54:44,     1, 10940,   398, 1022.4, 300, 0.0, 0.0, 0.0,  0, 0.0000,  1651, 0.0,24.5, 0.0
M3,15/07/22,11:54:45,     1, 10941,   398, 1022.4, 300, 0.0, 0.0, 0.0,  0, 0.0000,  1649, 0.0,24.5, 0.0
M3,15/07/22,11:54:46,     1, 10942,   398, 1022.4, 300, 0.0, 0.0, 0.0,  0, 0.0000,  1648, 0.0,24.5, 0.0
M3,15/07/22,11:54:47,     1, 10943,   398, 1022.4, 300, 0.0, 0.0, 0.0,  0, 0.0000,  1647, 0.0,24.6, 0.0
M3,15/07/22,11:54:48,     1, 10944,   398, 1022.4, 300, 0.0, 0.0, 0.0,  0, 0.0000,  1646, 0.0,24.6, 0.0
M3,15/07/22,11:54:49,     1, 10945,   397, 1022.4, 300, 0.0, 0.0, 0.0,  0, 0.0000,  1646, 0.0,24.6, 0.0
M3,15/07/22,11:54:50,     1, 10946,   398, 1022.4, 300, 0.0, 0.0, 0.0,  0, 0.0000,  1645, 0.0,24.6, 0.0
M3,15/07/22,11:54:51,     1, 10947,   398, 1022.4, 300, 0.0, 0.0, 0.0,  0, 0.0000,  1645, 0.0,24.6, 0.0
M3,15/07/22,11:54:52,     1, 10948,   397, 1022.4, 300, 0.0, 0.0, 0.0,  0, 0.0000,  1644, 0.0,24.6, 0.0
M3,15/07/22,11:54:53,     1, 10949,   397, 1022.4, 300, 0.0, 0.0, 0.0,  0, 0.0000,  1645, 0.0,24.6, 0.0
M3,15/07/22,11:54:54,     1, 10950,   397, 1022.4, 300, 0.0, 0.0, 0.0,  0, 0.0000,  1643, 0.0,24.6, 0.0
M3,15/07/22,11:54:55,     1, 10951,   397, 1022.4, 300, 0.0, 0.0, 0.0,  0, 0.0000,  1642, 0.0,24.6, 0.0
M3,15/07/22,11:54:56,     1, 10952,   397, 1022.4, 300, 0.0, 0.0, 0.0,  0, 0.0000,  1642, 0.0,24.6, 0.0
M3,15/07/22,11:54:57,     1, 10953,   397, 1022.4, 300, 0.0, 0.0, 0.0,  0, 0.0000,  1641, 0.0,24.6, 0.0
M3,15/07/22,11:54:58,     1, 10954,   396, 1022.4, 300, 0.0, 0.0, 0.0,  0, 0.0000,  1640, 0.0,24.6, 0.0
M3,15/07/22,11:54:59,     1, 10955,   396, 1022.4, 300, 0.0, 0.0, 0.0,  0, 0.0000,  1639, 0.0,24.6, 0.0
M3,15/07/22,11:55:00,     1, 10956,   396, 1022.4, 300, 0.0, 0.0, 0.0,  0, 0.0000,  1641, 0.0,24.7, 0.0
M3,15/07/22,11:55:01,     1, 10957,   396, 1022.4, 300, 0.0, 0.0, 0.0,  0, 0.0000,  1641, 0.0,24.7, 0.0
M3,15/07/22,11:55:03,     1, 10958,   396, 1022.4, 300, 0.0, 0.0, 0.0,  0, 0.0000,  1641, 0.0,24.7, 0.0
M3,15/07/22,11:55:04,     1, 10959,   396, 1022.4, 300, 0.0, 0.0, 0.0,  0, 0.0000,  1639, 0.0,24.7, 0.0
M3,15/07/22,11:55:05,     1, 10960,   396, 1022.4, 300, 0.0, 0.0, 0.0,  0, 0.0000,  1638, 0.0,24.7, 0.0
M3,15/07/22,11:55:06,     1, 10961,   396, 1022.4, 300, 0.0, 0.0, 0.0,  0, 0.0000,  1640, 0.0,24.7, 0.0
M3,15/07/22,11:55:07,     1, 10962,   396, 1022.4, 300, 0.0, 0.0, 0.0,  0, 0.0000,  1639, 0.0,24.7, 0.0
M3,15/07/22,11:55:08,     1, 10963,   395, 1022.4, 300, 0.0, 0.0, 0.0,  0, 0.0000,  1639, 0.0,24.7, 0.0
M3,15/07/22,11:55:09,     1, 10964,   395, 1022.4, 300, 0.0, 0.0, 0.0,  0, 0.0000,  1637, 0.0,24.7, 0.0
M3,15/07/22,11:55:10,     1, 10965,   395, 1022.4, 300, 0.0, 0.0, 0.0,  0, 0.0000,  1638, 0.0,24.7, 0.0
M3,15/07/22,11:55:11,     1, 10966,   394, 1022.4, 300, 0.0, 0.0, 0.0,  0, 0.0000,  1637, 0.0,24.7, 0.0
M3,15/07/22,11:55:12,     1, 10967,   394, 1022.4, 300, 0.0, 0.0, 0.0,  0, 0.0000,  1637, 0.0,24.7, 0.0
M3,15/07/22,11:55:13,     1, 10968,   394, 1022.4, 300, 0.0, 0.0, 0.0,  0, 0.0000,  1637, 0.0,24.8, 0.0
M3,15/07/22,11:55:14,     1, 10969,   394, 1022.4, 300, 0.0, 0.0, 0.0,  0, 0.0000,  1635, 0.0,24.8, 0.0
M3,15/07/22,11:55:15,     1, 10970,   393, 1022.4, 300, 0.0, 0.0, 0.0,  0, 0.0000,  1637, 0.0,24.8, 0.0
M3,15/07/22,11:55:16,     1, 10971,   393, 1022.4, 300, 0.0, 0.0, 0.0,  0, 0.0000,  1635, 0.0,24.8, 0.0
M3,15/07/22,11:55:17,     1, 10972,   393, 1022.4, 300, 0.0, 0.0, 0.0,  0, 0.0000,  1634, 0.0,24.8, 0.0
M3,15/07/22,11:55:18,     1, 10973,   393, 1022.4, 300, 0.0, 0.0, 0.0,  0, 0.0000,  1634, 0.0,24.8, 0.0
M3,15/07/22,11:55:19,     1, 10974,   393, 1022.4, 300, 0.0, 0.0, 0.0,  0, 0.0000,  1632, 0.0,24.8, 0.0
M3,15/07/22,11:55:20,     1, 10975,   393, 1022.4, 300, 0.0, 0.0, 0.0,  0, 0.0000,  1634, 0.0,24.8, 0.0
M3,15/07/22,11:55:21,     1, 10976,   393, 1022.4, 300, 0.0, 0.0, 0.0,  0, 0.0000,  1634, 0.0,24.8, 0.0
M3,15/07/22,11:55:22,     1, 10977,   393, 1022.4, 300, 0.0, 0.0, 0.0,  0, 0.0000,  1633, 0.0,24.8, 0.0
M3,15/07/22,11:55:23,     1, 10978,   392, 1022.4, 300, 0.0, 0.0, 0.0,  0, 0.0000,  1633, 0.0,24.8, 0.0
M3,15/07/22,11:55:24,     1, 10979,   392, 1022.4, 300, 0.0, 0.0, 0.0,  0, 0.0000,  1634, 0.0,24.8, 0.0
M3,15/07/22,11:55:25,     1, 10980,   392, 1022.4, 300, 0.0, 0.0, 0.0,  0, 0.0000,  1632, 0.0,24.8, 0.0
M3,15/07/22,11:55:26,     1, 10981,   392, 1022.4, 300, 0.0, 0.0, 0.0,  0, 0.0000,  1632, 0.0,24.9, 0.0
M3,15/07/22,11:55:27,     1, 10982,   391, 1022.4, 300, 0.0, 0.0, 0.0,  0, 0.0000,  1632, 0.0,24.9, 0.0
M3,15/07/22,11:55:28,     1, 10983,   391, 1022.4, 300, 0.0, 0.0, 0.0,  0, 0.0000,  1633, 0.0,24.9, 0.0
M3,15/07/22,11:55:29,     1, 10984,   391, 1022.4, 300, 0.0, 0.0, 0.0,  0, 0.0000,  1631, 0.0,24.9, 0.0
M3,15/07/22,11:55:30,     1, 10985,   391, 1022.4, 299, 0.0, 0.0, 0.0,  0, 0.0000,  1632, 0.0,24.9, 0.0
M3,15/07/22,11:55:31,     1, 10986,   391, 1022.4, 300, 0.0, 0.0, 0.0,  0, 0.0000,  1634, 0.0,24.9, 0.0
M3,15/07/22,11:55:32,     1, 10987,   391, 1022.4, 300, 0.0, 0.0, 0.0,  0, 0.0000,  1633, 0.0,24.9, 0.0
M3,15/07/22,11:55:33,     1, 10988,   392, 1022.4, 300, 0.0, 0.0, 0.0,  0, 0.0000,  1634, 0.0,24.9, 0.0
M3,15/07/22,11:55:34,     1, 10989,   392, 1022.4, 300, 0.0, 0.0, 0.0,  0, 0.0000,  1635, 0.0,24.9, 0.0
M3,15/07/22,11:55:35,     1, 10990,   392, 1022.4, 300, 0.0, 0.0, 0.0,  0, 0.0000,  1635, 0.0,24.9, 0.0
M3,15/07/22,11:55:36,     1, 10991,   392, 1022.4, 300, 0.0, 0.0, 0.0,  0, 0.0000,  1635, 0.0,24.9, 0.0
M3,15/07/22,11:55:37,     1, 10992,   392, 1022.4, 300, 0.0, 0.0, 0.0,  0, 0.0000,  1635, 0.0,24.9, 0.0
M3,15/07/22,11:55:38,     1, 10993,   391, 1022.4, 300, 0.0, 0.0, 0.0,  0, 0.0000,  1635, 0.0,25.0, 0.0
M3,15/07/22,11:55:39,     1, 10994,   391, 1022.4, 300, 0.0, 0.0, 0.0,  0, 0.0000,  1634, 0.0,25.0, 0.0
M3,15/07/22,11:55:40,     1, 10995,   391, 1022.4, 300, 0.0, 0.0, 0.0,  0, 0.0000,  1634, 0.0,25.0, 0.0
M3,15/07/22,11:55:41,     1, 10996,   391, 1022.4, 300, 0.0, 0.0, 0.0,  0, 0.0000,  1635, 0.0,25.0, 0.0
M3,15/07/22,11:55:42,     1, 10997,   391, 1022.4, 300, 0.0, 0.0, 0.0,  0, 0.0000,  1636, 0.0,25.0, 0.0
