Tag(M3),Date,Time,Plot_No,Rec_No,CO2,Pressure,Flow,H2O,Tsen,O2,Error,Aux_V,PAR,Tsoil,Tair,Msoil
M3,13/07/22,10:22:48,     1,  5985,   406, 1014.6, 300, 0.0, 0.0, 0.0, 61, 0.0000,   466, 0.0,28.3, 0.0
M3,13/07/22,10:22:49,     1,  5986,   406, 1014.6, 300, 0.0, 0.0, 0.0,  0, 0.0000,   464, 0.0,28.4, 0.0
M3,13/07/22,10:22:50,     1,  5987,   406, 1014.6, 300, 0.0, 0.0, 0.0,  0, 0.0000,   463, 0.0,28.4, 0.0
M3,13/07/22,10:22:51,     1,  5988,   406, 1014.6, 300, 0.0, 0.0, 0.0,  0, 0.0000,   466, 0.0,28.4, 0.0
M3,13/07/22,10:22:52,     1,  5989,   406, 1014.6, 300, 0.0, 0.0, 0.0,  0, 0.0000,   474, 0.0,28.4, 0.0
M3,13/07/22,10:22:53,     1,  5990,   407, 1014.6, 300, 0.0, 0.0, 0.0,  0, 0.0000,   485, 0.0,28.4, 0.0
M3,13/07/22,10:22:54,     1,  5991,   407, 1014.6, 300, 0.0, 0.0, 0.0,  0, 0.0000,   475, 0.0,28.4, 0.0
M3,13/07/22,10:22:55,     1,  5992,   407, 1014.6, 300, 0.0, 0.0, 0.0,  0, 0.0000,   473, 0.0,28.4, 0.0
M3,13/07/22,10:22:56,     1,  5993,   407, 1014.6, 300, 0.0, 0.0, 0.0,  0, 0.0000,   484, 0.0,28.4, 0.0
M3,13/07/22,10:22:57,     1,  5994,   406, 1014.6, 300, 0.0, 0.0, 0.0,  0, 0.0000,   483, 0.0,28.4, 0.0
M3,13/07/22,10:22:58,     1,  5995,   406, 1014.6, 300, 0.0, 0.0, 0.0,  0, 0.0000,   483, 0.0,28.4, 0.0
M3,13/07/22,10:22:59,     1,  5996,   406, 1014.6, 300, 0.0, 0.0, 0.0,  0, 0.0000,   481, 0.0,28.4, 0.0
M3,13/07/22,10:23:00,     1,  5997,   406, 1014.6, 300, 0.0, 0.0, 0.0,  0, 0.0000,   471, 0.0,28.4, 0.0
M3,13/07/22,10:23:01,     1,  5998,   407, 1014.6, 300, 0.0, 0.0, 0.0,  0, 0.0000,   469, 0.0,28.4, 0.0
M3,13/07/22,10:23:02,     1,  5999,   407, 1014.6, 300, 0.0, 0.0, 0.0,  0, 0.0000,   464, 0.0,28.4, 0.0
M3,13/07/22,10:23:03,     1,  6000,   407, 1014.6, 300, 0.0, 0.0, 0.0,  0, 0.0000,   465, 0.0,28.4, 0.0
M3,13/07/22,10:23:04,     1,  6001,   407, 1014.6, 300, 0.0, 0.0, 0.0,  0, 0.0000,   465, 0.0,28.4, 0.0
M3,13/07/22,10:23:05,     1,  6002,   407, 1014.6, 300, 0.0, 0.0, 0.0,  0, 0.0000,   464, 0.0,28.4, 0.0
M3,13/07/22,10:23:06,     1,  6003,   406, 1014.6, 300, 0.0, 0.0, 0.0,  0, 0.0000,   465, 0.0,28.4, 0.0
M3,13/07/22,10:23:07,     1,  6004,   406, 1014.6, 300, 0.0, 0.0, 0.0,  0, 0.0000,   466, 0.0,28.4, 0.0
M3,13/07/22,10:23:08,     1,  6005,   406, 1014.6, 300, 0.0, 0.0, 0.0,  0, 0.0000,   468, 0.0,28.4, 0.0
M3,13/07/22,10:23:09,     1,  6006,   406, 1014.6, 300, 0.0, 0.0, 0.0,  0, 0.0000,   478, 0.0,28.4, 0.0
M3,13/07/22,10:23:10,     1,  6007,   406, 1014.6, 300, 0.0, 0.0, 0.0,  0, 0.0000,   476, 0.0,28.4, 0.0
M3,13/07/22,10:23:11,     1,  6008,   406, 1014.6, 300, 0.0, 0.0, 0.0,  0, 0.0000,   477, 0.0,28.4, 0.0
M3,13/07/22,10:23:12,     1,  6009,   406, 1014.6, 300, 0.0, 0.0, 0.0,  0, 0.0000,   475, 0.0,28.4, 0.0
M3,13/07/22,10:23:13,     1,  6010,   406, 1014.6, 300, 0.0, 0.0, 0.0,  0, 0.0000,   473, 0.0,28.4, 0.0
M3,13/07/22,10:23:14,     1,  6011,   406, 1014.6, 300, 0.0, 0.0, 0.0,  0, 0.0000,   475, 0.0,28.4, 0.0
M3,13/07/22,10:23:15,     1,  6012,   407, 1014.6, 300, 0.0, 0.0, 0.0,  0, 0.0000,   477, 0.0,28.4, 0.0
M3,13/07/22,10:23:16,     1,  6013,   407, 1014.6, 300, 0.0, 0.0, 0.0,  0, 0.0000,   480, 0.0,28.4, 0.0
M3,13/07/22,10:23:17,     1,  6014,   407, 1014.6, 300, 0.0, 0.0, 0.0,  0, 0.0000,   479, 0.0,28.4, 0.0
M3,13/07/22,10:23:18,     1,  6015,   407, 1014.6, 300, 0.0, 0.0, 0.0,  0, 0.0000,   476, 0.0,28.4, 0.0
M3,13/07/22,10:23:19,     1,  6016,   406, 1014.6, 300, 0.0, 0.0, 0.0,  0, 0.0000,   475, 0.0,28.4, 0.0
M3,13/07/22,10:23:20,     1,  6017,   406, 1014.6, 300, 0.0, 0.0, 0.0,  0, 0.0000,   473, 0.0,28.4, 0.0
M3,13/07/22,10:23:21,     1,  6018,   406, 1014.6, 300, 0.0, 0.0, 0.0,  0, 0.0000,   471, 0.0,28.4, 0.0
M3,13/07/22,10:23:22,     1,  6019,   406, 1014.6, 300, 0.0, 0.0, 0.0,  0, 0.0000,   470, 0.0,28.4, 0.0
M3,13/07/22,10:23:23,     1,  6020,   406, 1014.6, 300, 0.0, 0.0, 0.0,  0, 0.0000,   472, 0.0,28.4, 0.0
M3,13/07/22,10:23:24,     1,  6021,   407, 1014.6, 300, 0.0, 0.0, 0.0,  0, 0.0000,   475, 0.0,28.4, 0.0
M3,13/07/22,10:23:25,     1,  6022,   407, 1014.6, 300, 0.0, 0.0, 0.0,  0, 0.0000,   477, 0.0,28.4, 0.0
M3,13/07/22,10:23:26,     1,  6023,   407, 1014.6, 300, 0.0, 0.0, 0.0,  0, 0.0000,   483, 0.0,28.4, 0.0
M3,13/07/22,10:23:27,     1,  6024,   407, 1014.6, 300, 0.0, 0.0, 0.0,  0, 0.0000,   483, 0.0,28.4, 0.0
M3,13/07/22,10:23:28,     1,  6025,   408, 1014.6, 300, 0.0, 0.0, 0.0,  0, 0.0000,   487, 0.0,28.4, 0.0
M3,13/07/22,10:23:29,     1,  6026,   407, 1014.6, 300, 0.0, 0.0, 0.0,  0, 0.0000,   482, 0.0,28.4, 0.0
M3,13/07/22,10:23:30,     1,  6027,   407, 1014.6, 300, 0.0, 0.0, 0.0,  0, 0.0000,   485, 0.0,28.4, 0.0
M3,13/07/22,10:23:31,     1,  6028,   407, 1014.6, 300, 0.0, 0.0, 0.0,  0, 0.0000,   485, 0.0,28.4, 0.0
M3,13/07/22,10:23:32,     1,  6029,   407, 1014.6, 300, 0.0, 0.0, 0.0,  0, 0.0000,   492, 0.0,28.4, 0.0
M3,13/07/22,10:23:33,     1,  6030,   407, 1014.6, 300, 0.0, 0.0, 0.0,  0, 0.0000,   487, 0.0,28.4, 0.0
M3,13/07/22,10:23:34,     1,  6031,   407, 1014.6, 300, 0.0, 0.0, 0.0,  0, 0.0000,   496, 0.0,28.4, 0.0
M3,13/07/22,10:23:35,     1,  6032,   407, 1014.6, 300, 0.0, 0.0, 0.0,  0, 0.0000,   488, 0.0,28.4, 0.0
M3,13/07/22,10:23:36,     1,  6033,   406, 1014.6, 300, 0.0, 0.0, 0.0,  0, 0.0000,   474, 0.0,28.4, 0.0
M3,13/07/22,10:23:37,     1,  6034,   406, 1014.6, 300, 0.0, 0.0, 0.0,  0, 0.0000,   484, 0.0,28.4, 0.0
M3,13/07/22,10:23:38,     1,  6035,   406, 1014.6, 300, 0.0, 0.0, 0.0,  0, 0.0000,   488, 0.0,28.4, 0.0
M3,13/07/22,10:23:39,     1,  6036,   406, 1014.6, 300, 0.0, 0.0, 0.0,  0, 0.0000,   487, 0.0,28.4, 0.0
M3,13/07/22,10:23:40,     1,  6037,   407, 1014.6, 300, 0.0, 0.0, 0.0,  0, 0.0000,   482, 0.0,28.4, 0.0
M3,13/07/22,10:23:41,     1,  6038,   407, 1014.6, 300, 0.0, 0.0, 0.0,  0, 0.0000,   485, 0.0,28.4, 0.0
M3,13/07/22,10:23:42,     1,  6039,   407, 1014.6, 300, 0.0, 0.0, 0.0,  0, 0.0000,   485, 0.0,28.4, 0.0
M3,13/07/22,10:23:43,     1,  6040,   407, 1014.6, 300, 0.0, 0.0, 0.0,  0, 0.0000,   491, 0.0,28.4, 0.0
M3,13/07/22,10:23:44,     1,  6041,   407, 1014.6, 300, 0.0, 0.0, 0.0,  0, 0.0000,   483, 0.0,28.4, 0.0
M3,13/07/22,10:23:45,     1,  6042,   407, 1014.6, 300, 0.0, 0.0, 0.0,  0, 0.0000,   488, 0.0,28.4, 0.0
M3,13/07/22,10:23:46,     1,  6043,   407, 1014.6, 300, 0.0, 0.0, 0.0,  0, 0.0000,   488, 0.0,28.4, 0.0
M3,13/07/22,10:23:47,     1,  6044,   408, 1014.6, 300, 0.0, 0.0, 0.0,  0, 0.0000,   493, 0.0,28.4, 0.0
M3,13/07/22,10:23:48,     1,  6045,   408, 1014.6, 300, 0.0, 0.0, 0.0,  0, 0.0000,   482, 0.0,28.4, 0.0
M3,13/07/22,10:23:49,     1,  6046,   408, 1014.6, 300, 0.0, 0.0, 0.0,  0, 0.0000,   491, 0.0,28.4, 0.0
M3,13/07/22,10:23:50,     1,  6047,   408, 1014.6, 300, 0.0, 0.0, 0.0,  0, 0.0000,   495, 0.0,28.4, 0.0
M3,13/07/22,10:23:51,     1,  6048,   408, 1014.6, 300, 0.0, 0.0, 0.0,  0, 0.0000,   502, 0.0,28.4, 0.0
M3,13/07/22,10:23:52,     1,  6049,   407, 1014.6, 300, 0.0, 0.0, 0.0,  0, 0.0000,   503, 0.0,28.4, 0.0
M3,13/07/22,10:23:53,     1,  6050,   407, 1014.6, 300, 0.0, 0.0, 0.0,  0, 0.0000,   498, 0.0,28.4, 0.0
M3,13/07/22,10:23:54,     1,  6051,   407, 1014.6, 300, 0.0, 0.0, 0.0,  0, 0.0000,   489, 0.0,28.4, 0.0
M3,13/07/22,10:23:55,     1,  6052,   407, 1014.6, 300, 0.0, 0.0, 0.0,  0, 0.0000,   499, 0.0,28.4, 0.0
M3,13/07/22,10:23:56,     1,  6053,   408, 1014.6, 300, 0.0, 0.0, 0.0,  0, 0.0000,   505, 0.0,28.4, 0.0
M3,13/07/22,10:23:57,     1,  6054,   408, 1014.6, 300, 0.0, 0.0, 0.0,  0, 0.0000,   508, 0.0,28.4, 0.0
M3,13/07/22,10:23:58,     1,  6055,   408, 1014.6, 300, 0.0, 0.0, 0.0,  0, 0.0000,   511, 0.0,28.4, 0.0
M3,13/07/22,10:23:59,     1,  6056,   408, 1014.6, 300, 0.0, 0.0, 0.0,  0, 0.0000,   513, 0.0,28.4, 0.0
M3,13/07/22,10:24:00,     1,  6057,   408, 1014.6, 300, 0.0, 0.0, 0.0,  0, 0.0000,   513, 0.0,28.4, 0.0
M3,13/07/22,10:24:01,     1,  6058,   408, 1014.6, 300, 0.0, 0.0, 0.0,  0, 0.0000,   512, 0.0,28.4, 0.0
M3,13/07/22,10:24:02,     1,  6059,   408, 1014.6, 300, 0.0, 0.0, 0.0,  0, 0.0000,   513, 0.0,28.4, 0.0
M3,13/07/22,10:24:03,     1,  6060,   408, 1014.6, 300, 0.0, 0.0, 0.0,  0, 0.0000,   514, 0.0,28.4, 0.0
M3,13/07/22,10:24:04,     1,  6061,   408, 1014.6, 300, 0.0, 0.0, 0.0,  0, 0.0000,   513, 0.0,28.4, 0.0
M3,13/07/22,10:24:05,     1,  6062,   408, 1014.6, 300, 0.0, 0.0, 0.0,  0, 0.0000,   511, 0.0,28.4, 0.0
M3,13/07/22,10:24:06,     1,  6063,   408, 1014.6, 300, 0.0, 0.0, 0.0,  0, 0.0000,   512, 0.0,28.4, 0.0
M3,13/07/22,10:24:07,     1,  6064,   408, 1014.6, 300, 0.0, 0.0, 0.0,  0, 0.0000,   506, 0.0,28.4, 0.0
M3,13/07/22,10:24:08,     1,  6065,   408, 1014.6, 300, 0.0, 0.0, 0.0,  0, 0.0000,   502, 0.0,28.4, 0.0
M3,13/07/22,10:24:09,     1,  6066,   408, 1014.6, 300, 0.0, 0.0, 0.0,  0, 0.0000,   505, 0.0,28.4, 0.0
M3,13/07/22,10:24:10,     1,  6067,   408, 1014.6, 300, 0.0, 0.0, 0.0,  0, 0.0000,   509, 0.0,28.4, 0.0
M3,13/07/22,10:24:11,     1,  6068,   408, 1014.6, 300, 0.0, 0.0, 0.0,  0, 0.0000,   513, 0.0,28.4, 0.0
M3,13/07/22,10:24:12,     1,  6069,   408, 1014.6, 300, 0.0, 0.0, 0.0,  0, 0.0000,   512, 0.0,28.4, 0.0
M3,13/07/22,10:24:13,     1,  6070,   408, 1014.6, 300, 0.0, 0.0, 0.0,  0, 0.0000,   513, 0.0,28.4, 0.0
M3,13/07/22,10:24:14,     1,  6071,   408, 1014.6, 300, 0.0, 0.0, 0.0,  0, 0.0000,   511, 0.0,28.4, 0.0
M3,13/07/22,10:24:15,     1,  6072,   408, 1014.6, 300, 0.0, 0.0, 0.0,  0, 0.0000,   514, 0.0,28.4, 0.0
M3,13/07/22,10:24:16,     1,  6073,   408, 1014.6, 300, 0.0, 0.0, 0.0,  0, 0.0000,   513, 0.0,28.4, 0.0
M3,13/07/22,10:24:17,     1,  6074,   408, 1014.6, 300, 0.0, 0.0, 0.0,  0, 0.0000,   512, 0.0,28.4, 0.0
M3,13/07/22,10:24:18,     1,  6075,   408, 1014.6, 300, 0.0, 0.0, 0.0,  0, 0.0000,   510, 0.0,28.4, 0.0
M3,13/07/22,10:24:19,     1,  6076,   408, 1014.6, 300, 0.0, 0.0, 0.0,  0, 0.0000,   510, 0.0,28.4, 0.0
M3,13/07/22,10:24:20,     1,  6077,   408, 1014.6, 300, 0.0, 0.0, 0.0,  0, 0.0000,   515, 0.0,28.4, 0.0
M3,13/07/22,10:24:21,     1,  6078,   409, 1014.6, 300, 0.0, 0.0, 0.0,  0, 0.0000,   511, 0.0,28.4, 0.0
M3,13/07/22,10:24:22,     1,  6079,   409, 1014.6, 300, 0.0, 0.0, 0.0,  0, 0.0000,   510, 0.0,28.4, 0.0
M3,13/07/22,10:24:23,     1,  6080,   409, 1014.6, 300, 0.0, 0.0, 0.0,  0, 0.0000,   514, 0.0,28.4, 0.0
M3,13/07/22,10:24:24,     1,  6081,   409, 1014.6, 300, 0.0, 0.0, 0.0,  0, 0.0000,   513, 0.0,28.4, 0.0
M3,13/07/22,10:24:25,     1,  6082,   409, 1014.6, 300, 0.0, 0.0, 0.0,  0, 0.0000,   515, 0.0,28.4, 0.0
M3,13/07/22,10:24:26,     1,  6083,   409, 1014.6, 300, 0.0, 0.0, 0.0,  0, 0.0000,   514, 0.0,28.4, 0.0
M3,13/07/22,10:24:27,     1,  6084,   409, 1014.6, 300, 0.0, 0.0, 0.0,  0, 0.0000,   516, 0.0,28.4, 0.0
M3,13/07/22,10:24:28,     1,  6085,   409, 1014.6, 300, 0.0, 0.0, 0.0,  0, 0.0000,   516, 0.0,28.4, 0.0
M3,13/07/22,10:24:29,     1,  6086,   408, 1014.6, 300, 0.0, 0.0, 0.0,  0, 0.0000,   519, 0.0,28.4, 0.0
M3,13/07/22,10:24:30,     1,  6087,   408, 1014.6, 300, 0.0, 0.0, 0.0,  0, 0.0000,   519, 0.0,28.4, 0.0
M3,13/07/22,10:24:31,     1,  6088,   408, 1014.6, 300, 0.0, 0.0, 0.0,  0, 0.0000,   519, 0.0,28.4, 0.0
M3,13/07/22,10:24:32,     1,  6089,   408, 1014.6, 300, 0.0, 0.0, 0.0,  0, 0.0000,   518, 0.0,28.4, 0.0
M3,13/07/22,10:24:33,     1,  6090,   408, 1014.6, 300, 0.0, 0.0, 0.0,  0, 0.0000,   518, 0.0,28.4, 0.0
M3,13/07/22,10:24:34,     1,  6091,   409, 1014.6, 300, 0.0, 0.0, 0.0,  0, 0.0000,   518, 0.0,28.4, 0.0
M3,13/07/22,10:24:35,     1,  6092,   409, 1014.6, 300, 0.0, 0.0, 0.0,  0, 0.0000,   517, 0.0,28.4, 0.0
M3,13/07/22,10:24:36,     1,  6093,   408, 1014.6, 300, 0.0, 0.0, 0.0,  0, 0.0000,   518, 0.0,28.4, 0.0
M3,13/07/22,10:24:37,     1,  6094,   408, 1014.6, 300, 0.0, 0.0, 0.0,  0, 0.0000,   517, 0.0,28.4, 0.0
M3,13/07/22,10:24:38,     1,  6095,   409, 1014.6, 300, 0.0, 0.0, 0.0,  0, 0.0000,   514, 0.0,28.4, 0.0
M3,13/07/22,10:24:39,     1,  6096,   409, 1014.6, 300, 0.0, 0.0, 0.0,  0, 0.0000,   509, 0.0,28.4, 0.0
M3,13/07/22,10:24:40,     1,  6097,   409, 1014.6, 300, 0.0, 0.0, 0.0,  0, 0.0000,   515, 0.0,28.4, 0.0
M3,13/07/22,10:24:41,     1,  6098,   409, 1014.6, 300, 0.0, 0.0, 0.0,  0, 0.0000,   514, 0.0,28.4, 0.0
M3,13/07/22,10:24:42,     1,  6099,   409, 1014.6, 300, 0.0, 0.0, 0.0,  0, 0.0000,   504, 0.0,28.4, 0.0
M3,13/07/22,10:24:43,     1,  6100,   409, 1014.6, 300, 0.0, 0.0, 0.0,  0, 0.0000,   515, 0.0,28.4, 0.0
M3,13/07/22,10:24:44,     1,  6101,   409, 1014.6, 300, 0.0, 0.0, 0.0,  0, 0.0000,   515, 0.0,28.4, 0.0
M3,13/07/22,10:24:45,     1,  6102,   408, 1014.6, 300, 0.0, 0.0, 0.0,  0, 0.0000,   510, 0.0,28.4, 0.0
M3,13/07/22,10:24:46,     1,  6103,   408, 1014.6, 300, 0.0, 0.0, 0.0,  0, 0.0000,   503, 0.0,28.4, 0.0
M3,13/07/22,10:24:47,     1,  6104,   409, 1014.6, 300, 0.0, 0.0, 0.0,  0, 0.0000,   496, 0.0,28.4, 0.0
M3,13/07/22,10:24:48,     1,  6105,   409, 1014.6, 300, 0.0, 0.0, 0.0,  0, 0.0000,   498, 0.0,28.4, 0.0
M3,13/07/22,10:24:49,     1,  6106,   409, 1014.6, 300, 0.0, 0.0, 0.0,  0, 0.0000,   499, 0.0,28.4, 0.0
M3,13/07/22,10:24:50,     1,  6107,   409, 1014.6, 300, 0.0, 0.0, 0.0,  0, 0.0000,   500, 0.0,28.4, 0.0
M3,13/07/22,10:24:51,     1,  6108,   408, 1014.6, 300, 0.0, 0.0, 0.0,  0, 0.0000,   498, 0.0,28.4, 0.0
M3,13/07/22,10:24:52,     1,  6109,   408, 1014.6, 300, 0.0, 0.0, 0.0,  0, 0.0000,   494, 0.0,28.4, 0.0
M3,13/07/22,10:24:54,     1,  6110,   408, 1014.6, 300, 0.0, 0.0, 0.0,  0, 0.0000,   504, 0.0,28.4, 0.0
M3,13/07/22,10:24:55,     1,  6111,   408, 1014.6, 300, 0.0, 0.0, 0.0,  0, 0.0000,   497, 0.0,28.4, 0.0
M3,13/07/22,10:24:56,     1,  6112,   408, 1014.6, 300, 0.0, 0.0, 0.0,  0, 0.0000,   494, 0.0,28.4, 0.0
M3,13/07/22,10:24:57,     1,  6113,   408, 1014.6, 300, 0.0, 0.0, 0.0,  0, 0.0000,   489, 0.0,28.4, 0.0
M3,13/07/22,10:24:58,     1,  6114,   408, 1014.6, 300, 0.0, 0.0, 0.0,  0, 0.0000,   492, 0.0,28.4, 0.0
M3,13/07/22,10:24:59,     1,  6115,   408, 1014.6, 300, 0.0, 0.0, 0.0,  0, 0.0000,   486, 0.0,28.4, 0.0
M3,13/07/22,10:25:00,     1,  6116,   408, 1014.6, 300, 0.0, 0.0, 0.0,  0, 0.0000,   481, 0.0,28.4, 0.0
M3,13/07/22,10:25:01,     1,  6117,   408, 1014.6, 300, 0.0, 0.0, 0.0,  0, 0.0000,   477, 0.0,28.4, 0.0
M3,13/07/22,10:25:02,     1,  6118,   408, 1014.6, 300, 0.0, 0.0, 0.0,  0, 0.0000,   477, 0.0,28.4, 0.0
M3,13/07/22,10:25:03,     1,  6119,   409, 1014.6, 300, 0.0, 0.0, 0.0,  0, 0.0000,   474, 0.0,28.4, 0.0
M3,13/07/22,10:25:04,     1,  6120,   409, 1014.6, 300, 0.0, 0.0, 0.0,  0, 0.0000,   482, 0.0,28.4, 0.0
M3,13/07/22,10:25:05,     1,  6121,   409, 1014.6, 300, 0.0, 0.0, 0.0,  0, 0.0000,   483, 0.0,28.4, 0.0
M3,13/07/22,10:25:06,     1,  6122,   409, 1014.6, 300, 0.0, 0.0, 0.0,  0, 0.0000,   482, 0.0,28.4, 0.0
M3,13/07/22,10:25:07,     1,  6123,   409, 1014.6, 300, 0.0, 0.0, 0.0,  0, 0.0000,   479, 0.0,28.4, 0.0
M3,13/07/22,10:25:08,     1,  6124,   409, 1014.6, 300, 0.0, 0.0, 0.0,  0, 0.0000,   479, 0.0,28.4, 0.0
M3,13/07/22,10:25:09,     1,  6125,   409, 1014.6, 300, 0.0, 0.0, 0.0,  0, 0.0000,   484, 0.0,28.4, 0.0
M3,13/07/22,10:25:10,     1,  6126,   409, 1014.6, 300, 0.0, 0.0, 0.0,  0, 0.0000,   481, 0.0,28.4, 0.0
M3,13/07/22,10:25:11,     1,  6127,   409, 1014.6, 300, 0.0, 0.0, 0.0,  0, 0.0000,   482, 0.0,28.4, 0.0
M3,13/07/22,10:25:12,     1,  6128,   409, 1014.6, 300, 0.0, 0.0, 0.0,  0, 0.0000,   443, 0.0,28.4, 0.0
M3,13/07/22,10:25:13,     1,  6129,   409, 1014.6, 300, 0.0, 0.0, 0.0,  0, 0.0000,  1083, 0.0,28.3, 0.0
M3,13/07/22,10:25:14,     1,  6130,   409, 1014.6, 300, 0.0, 0.0, 0.0,  0, 0.0000,  1469, 0.0,28.4, 0.0
M3,13/07/22,10:25:15,     1,  6131,   409, 1014.6, 300, 0.0, 0.0, 0.0,  0, 0.0000,  1473, 0.0,28.4, 0.0
M3,13/07/22,10:25:16,     1,  6132,   409, 1014.6, 300, 0.0, 0.0, 0.0,  0, 0.0000,  1473, 0.0,28.4, 0.0
M3,13/07/22,10:25:17,     1,  6133,   410, 1014.6, 300, 0.0, 0.0, 0.0,  0, 0.0000,  1472, 0.0,28.4, 0.0
M3,13/07/22,10:25:18,     1,  6134,   410, 1014.6, 300, 0.0, 0.0, 0.0,  0, 0.0000,  1473, 0.0,28.4, 0.0
M3,13/07/22,10:25:19,     1,  6135,   410, 1014.6, 300, 0.0, 0.0, 0.0,  0, 0.0000,  1021, 0.0,28.4, 0.0
M3,13/07/22,10:25:20,     1,  6136,   410, 1014.6, 300, 0.0, 0.0, 0.0,  0, 0.0000,  1204, 0.0,28.4, 0.0
M3,13/07/22,10:25:21,     1,  6137,   410, 1014.6, 300, 0.0, 0.0, 0.0,  0, 0.0000,   318, 0.0,28.4, 0.0
M3,13/07/22,10:25:22,     1,  6138,   410, 1014.6, 300, 0.0, 0.0, 0.0,  0, 0.0000,   797, 0.0,28.4, 0.0
M3,13/07/22,10:25:23,     1,  6139,   410, 1014.6, 300, 0.0, 0.0, 0.0,  0, 0.0000,  1367, 0.0,28.4, 0.0
M3,13/07/22,10:25:24,     1,  6140,   410, 1014.6, 300, 0.0, 0.0, 0.0,  0, 0.0000,   218, 0.0,28.4, 0.0
M3,13/07/22,10:25:25,     1,  6141,   410, 1014.6, 300, 0.0, 0.0, 0.0,  0, 0.0000,  1551, 0.0,28.4, 0.0
M3,13/07/22,10:25:26,     1,  6142,   410, 1014.6, 300, 0.0, 0.0, 0.0,  0, 0.0000,  1799, 0.0,28.3, 0.0
M3,13/07/22,10:25:27,     1,  6143,   409, 1014.6, 300, 0.0, 0.0, 0.0,  0, 0.0000,  1764, 0.0,28.3, 0.0
M3,13/07/22,10:25:28,     1,  6144,   408, 1014.6, 300, 0.0, 0.0, 0.0,  0, 0.0000,  1798, 0.0,28.3, 0.0
M3,13/07/22,10:25:29,     1,  6145,   407, 1014.6, 300, 0.0, 0.0, 0.0,  0, 0.0000,  1807, 0.0,28.2, 0.0
M3,13/07/22,10:25:30,     1,  6146,   407, 1014.6, 300, 0.0, 0.0, 0.0,  0, 0.0000,  1810, 0.0,28.2, 0.0
M3,13/07/22,10:25:31,     1,  6147,   406, 1014.6, 300, 0.0, 0.0, 0.0,  0, 0.0000,  1811, 0.0,28.2, 0.0
M3,13/07/22,10:25:32,     1,  6148,   406, 1014.6, 300, 0.0, 0.0, 0.0,  0, 0.0000,  1812, 0.0,28.2, 0.0
M3,13/07/22,10:25:33,     1,  6149,   406, 1014.6, 300, 0.0, 0.0, 0.0,  0, 0.0000,  1816, 0.0,28.2, 0.0
M3,13/07/22,10:25:34,     1,  6150,   406, 1014.6, 300, 0.0, 0.0, 0.0,  0, 0.0000,  1817, 0.0,28.2, 0.0
M3,13/07/22,10:25:35,     1,  6151,   406, 1014.6, 300, 0.0, 0.0, 0.0,  0, 0.0000,  1814, 0.0,28.1, 0.0
M3,13/07/22,10:25:36,     1,  6152,   406, 1014.6, 300, 0.0, 0.0, 0.0,  0, 0.0000,  1817, 0.0,28.1, 0.0
M3,13/07/22,10:25:37,     1,  6153,   405, 1014.6, 300, 0.0, 0.0, 0.0,  0, 0.0000,  1821, 0.0,28.1, 0.0
M3,13/07/22,10:25:38,     1,  6154,   405, 1014.6, 300, 0.0, 0.0, 0.0,  0, 0.0000,  1821, 0.0,28.1, 0.0
M3,13/07/22,10:25:39,     1,  6155,   405, 1014.6, 300, 0.0, 0.0, 0.0,  0, 0.0000,  1820, 0.0,28.1, 0.0
M3,13/07/22,10:25:40,     1,  6156,   405, 1014.6, 300, 0.0, 0.0, 0.0,  0, 0.0000,  1816, 0.0,28.1, 0.0
M3,13/07/22,10:25:41,     1,  6157,   405, 1014.6, 300, 0.0, 0.0, 0.0,  0, 0.0000,  1814, 0.0,28.1, 0.0
M3,13/07/22,10:25:42,     1,  6158,   405, 1014.6, 300, 0.0, 0.0, 0.0,  0, 0.0000,  1812, 0.0,28.1, 0.0
M3,13/07/22,10:25:43,     1,  6159,   405, 1014.6, 300, 0.0, 0.0, 0.0,  0, 0.0000,  1813, 0.0,28.1, 0.0
M3,13/07/22,10:25:44,     1,  6160,   405, 1014.6, 300, 0.0, 0.0, 0.0,  0, 0.0000,  1816, 0.0,28.1, 0.0
M3,13/07/22,10:25:45,     1,  6161,   405, 1014.6, 300, 0.0, 0.0, 0.0,  0, 0.0000,  1816, 0.0,28.1, 0.0
M3,13/07/22,10:25:46,     1,  6162,   405, 1014.6, 300, 0.0, 0.0, 0.0,  0, 0.0000,  1815, 0.0,28.1, 0.0
M3,13/07/22,10:25:47,     1,  6163,   405, 1014.6, 300, 0.0, 0.0, 0.0,  0, 0.0000,  1813, 0.0,28.1, 0.0
M3,13/07/22,10:25:48,     1,  6164,   405, 1014.6, 300, 0.0, 0.0, 0.0,  0, 0.0000,  1813, 0.0,28.1, 0.0
M3,13/07/22,10:25:49,     1,  6165,   405, 1014.6, 300, 0.0, 0.0, 0.0,  0, 0.0000,  1812, 0.0,28.1, 0.0
M3,13/07/22,10:25:50,     1,  6166,   405, 1014.6, 300, 0.0, 0.0, 0.0,  0, 0.0000,  1812, 0.0,28.1, 0.0
M3,13/07/22,10:25:51,     1,  6167,   406, 1014.6, 300, 0.0, 0.0, 0.0,  0, 0.0000,  1814, 0.0,28.1, 0.0
M3,13/07/22,10:25:52,     1,  6168,   406, 1014.6, 300, 0.0, 0.0, 0.0,  0, 0.0000,  1813, 0.0,28.1, 0.0
M3,13/07/22,10:25:53,     1,  6169,   406, 1014.6, 300, 0.0, 0.0, 0.0,  0, 0.0000,  1809, 0.0,28.1, 0.0
M3,13/07/22,10:25:54,     1,  6170,   406, 1014.6, 300, 0.0, 0.0, 0.0,  0, 0.0000,  1814, 0.0,28.1, 0.0
M3,13/07/22,10:25:55,     1,  6171,   406, 1014.6, 300, 0.0, 0.0, 0.0,  0, 0.0000,  1813, 0.0,28.1, 0.0
M3,13/07/22,10:25:56,     1,  6172,   406, 1014.6, 300, 0.0, 0.0, 0.0,  0, 0.0000,  1802, 0.0,28.0, 0.0
M3,13/07/22,10:25:57,     1,  6173,   405, 1014.6, 300, 0.0, 0.0, 0.0,  0, 0.0000,  1804, 0.0,28.0, 0.0
M3,13/07/22,10:25:58,     1,  6174,   405, 1014.6, 300, 0.0, 0.0, 0.0,  0, 0.0000,  1807, 0.0,28.0, 0.0
M3,13/07/22,10:25:59,     1,  6175,   405, 1014.6, 300, 0.0, 0.0, 0.0,  0, 0.0000,  1803, 0.0,27.9, 0.0
M3,13/07/22,10:26:00,     1,  6176,   405, 1014.6, 300, 0.0, 0.0, 0.0,  0, 0.0000,  1807, 0.0,27.9, 0.0
M3,13/07/22,10:26:01,     1,  6177,   405, 1014.6, 300, 0.0, 0.0, 0.0,  0, 0.0000,  1806, 0.0,27.9, 0.0
M3,13/07/22,10:26:02,     1,  6178,   405, 1014.6, 300, 0.0, 0.0, 0.0,  0, 0.0000,  1812, 0.0,27.8, 0.0
M3,13/07/22,10:26:03,     1,  6179,   406, 1014.6, 300, 0.0, 0.0, 0.0,  0, 0.0000,  1813, 0.0,27.8, 0.0
M3,13/07/22,10:26:04,     1,  6180,   406, 1014.6, 300, 0.0, 0.0, 0.0,  0, 0.0000,  1814, 0.0,27.9, 0.0
M3,13/07/22,10:26:05,     1,  6181,   406, 1014.6, 300, 0.0, 0.0, 0.0,  0, 0.0000,  1817, 0.0,27.9, 0.0
M3,13/07/22,10:26:06,     1,  6182,   406, 1014.6, 300, 0.0, 0.0, 0.0,  0, 0.0000,  1813, 0.0,27.9, 0.0
M3,13/07/22,10:26:07,     1,  6183,   406, 1014.6, 300, 0.0, 0.0, 0.0,  0, 0.0000,  1815, 0.0,27.9, 0.0
M3,13/07/22,10:26:08,     1,  6184,   406, 1014.6, 300, 0.0, 0.0, 0.0,  0, 0.0000,  1814, 0.0,27.9, 0.0
M3,13/07/22,10:26:09,     1,  6185,   406, 1014.6, 300, 0.0, 0.0, 0.0,  0, 0.0000,  1813, 0.0,27.9, 0.0
M3,13/07/22,10:26:10,     1,  6186,   406, 1014.6, 300, 0.0, 0.0, 0.0,  0, 0.0000,  1814, 0.0,27.9, 0.0
M3,13/07/22,10:26:11,     1,  6187,   406, 1014.6, 300, 0.0, 0.0, 0.0,  0, 0.0000,  1814, 0.0,27.9, 0.0
M3,13/07/22,10:26:12,     1,  6188,   406, 1014.6, 300, 0.0, 0.0, 0.0,  0, 0.0000,  1811, 0.0,27.9, 0.0
M3,13/07/22,10:26:13,     1,  6189,   406, 1014.6, 300, 0.0, 0.0, 0.0,  0, 0.0000,  1813, 0.0,27.9, 0.0
M3,13/07/22,10:26:14,     1,  6190,   406, 1014.6, 300, 0.0, 0.0, 0.0,  0, 0.0000,  1812, 0.0,27.9, 0.0
M3,13/07/22,10:26:15,     1,  6191,   406, 1014.6, 300, 0.0, 0.0, 0.0,  0, 0.0000,  1814, 0.0,27.9, 0.0
M3,13/07/22,10:26:16,     1,  6192,   406, 1014.6, 300, 0.0, 0.0, 0.0,  0, 0.0000,  1814, 0.0,27.9, 0.0
M3,13/07/22,10:26:17,     1,  6193,   406, 1014.6, 300, 0.0, 0.0, 0.0,  0, 0.0000,  1814, 0.0,27.9, 0.0
M3,13/07/22,10:26:18,     1,  6194,   406, 1014.6, 300, 0.0, 0.0, 0.0,  0, 0.0000,  1815, 0.0,27.9, 0.0
M3,13/07/22,10:26:19,     1,  6195,   406, 1014.6, 300, 0.0, 0.0, 0.0,  0, 0.0000,  1813, 0.0,27.9, 0.0
M3,13/07/22,10:26:20,     1,  6196,   406, 1014.6, 300, 0.0, 0.0, 0.0,  0, 0.0000,  1807, 0.0,27.9, 0.0
M3,13/07/22,10:26:21,     1,  6197,   406, 1014.6, 300, 0.0, 0.0, 0.0,  0, 0.0000,  1798, 0.0,27.9, 0.0
M3,13/07/22,10:26:22,     1,  6198,   406, 1014.6, 300, 0.0, 0.0, 0.0,  0, 0.0000,  1782, 0.0,27.9, 0.0
M3,13/07/22,10:26:23,     1,  6199,   406, 1014.6, 300, 0.0, 0.0, 0.0,  0, 0.0000,  1783, 0.0,28.0, 0.0
M3,13/07/22,10:26:24,     1,  6200,   406, 1014.6, 300, 0.0, 0.0, 0.0,  0, 0.0000,  1787, 0.0,28.0, 0.0
M3,13/07/22,10:26:25,     1,  6201,   406, 1014.6, 300, 0.0, 0.0, 0.0,  0, 0.0000,  1753, 0.0,28.0, 0.0
M3,13/07/22,10:26:26,     1,  6202,   406, 1014.6, 300, 0.0, 0.0, 0.0,  0, 0.0000,  1796, 0.0,27.9, 0.0
M3,13/07/22,10:26:27,     1,  6203,   406, 1014.6, 300, 0.0, 0.0, 0.0,  0, 0.0000,  1794, 0.0,28.0, 0.0
M3,13/07/22,10:26:28,     1,  6204,   406, 1014.6, 300, 0.0, 0.0, 0.0,  0, 0.0000,  1783, 0.0,28.0, 0.0
M3,13/07/22,10:26:29,     1,  6205,   406, 1014.6, 300, 0.0, 0.0, 0.0,  0, 0.0000,  1756, 0.0,28.0, 0.0
M3,13/07/22,10:26:30,     1,  6206,   406, 1014.6, 300, 0.0, 0.0, 0.0,  0, 0.0000,  1789, 0.0,28.0, 0.0
M3,13/07/22,10:26:31,     1,  6207,   406, 1014.6, 300, 0.0, 0.0, 0.0,  0, 0.0000,  1792, 0.0,28.0, 0.0
M3,13/07/22,10:26:32,     1,  6208,   406, 1014.6, 300, 0.0, 0.0, 0.0,  0, 0.0000,  1781, 0.0,28.0, 0.0
M3,13/07/22,10:26:33,     1,  6209,   406, 1014.6, 300, 0.0, 0.0, 0.0,  0, 0.0000,  1764, 0.0,28.0, 0.0
M3,13/07/22,10:26:34,     1,  6210,   406, 1014.6, 300, 0.0, 0.0, 0.0,  0, 0.0000,  1235, 0.0,28.0, 0.0
M3,13/07/22,10:26:35,     1,  6211,   406, 1014.6, 300, 0.0, 0.0, 0.0,  0, 0.0000,  1766, 0.0,28.0, 0.0
M3,13/07/22,10:26:36,     1,  6212,   406, 1014.6, 300, 0.0, 0.0, 0.0,  0, 0.0000,  1790, 0.0,28.0, 0.0
M3,13/07/22,10:26:37,     1,  6213,   406, 1014.6, 300, 0.0, 0.0, 0.0,  0, 0.0000,  1789, 0.0,28.0, 0.0
M3,13/07/22,10:26:38,     1,  6214,   406, 1014.6, 300, 0.0, 0.0, 0.0,  0, 0.0000,  1791, 0.0,27.9, 0.0
M3,13/07/22,10:26:39,     1,  6215,   406, 1014.6, 300, 0.0, 0.0, 0.0,  0, 0.0000,  1778, 0.0,27.9, 0.0
M3,13/07/22,10:26:40,     1,  6216,   406, 1014.6, 300, 0.0, 0.0, 0.0,  0, 0.0000,  1780, 0.0,27.9, 0.0
M3,13/07/22,10:26:41,     1,  6217,   406, 1014.6, 300, 0.0, 0.0, 0.0,  0, 0.0000,  1788, 0.0,27.9, 0.0
M3,13/07/22,10:26:42,     1,  6218,   406, 1014.6, 300, 0.0, 0.0, 0.0,  0, 0.0000,  1789, 0.0,27.8, 0.0
M3,13/07/22,10:26:43,     1,  6219,   406, 1014.6, 300, 0.0, 0.0, 0.0,  0, 0.0000,  1788, 0.0,27.8, 0.0
M3,13/07/22,10:26:44,     1,  6220,   406, 1014.6, 300, 0.0, 0.0, 0.0,  0, 0.0000,  1793, 0.0,27.8, 0.0
M3,13/07/22,10:26:45,     1,  6221,   406, 1014.6, 300, 0.0, 0.0, 0.0,  0, 0.0000,  1797, 0.0,27.8, 0.0
M3,13/07/22,10:26:46,     1,  6222,   406, 1014.6, 300, 0.0, 0.0, 0.0,  0, 0.0000,  1802, 0.0,27.8, 0.0
M3,13/07/22,10:26:47,     1,  6223,   406, 1014.6, 300, 0.0, 0.0, 0.0,  0, 0.0000,  1805, 0.0,27.8, 0.0
M3,13/07/22,10:26:48,     1,  6224,   407, 1014.6, 300, 0.0, 0.0, 0.0,  0, 0.0000,  1808, 0.0,27.8, 0.0
M3,13/07/22,10:26:49,     1,  6225,   407, 1014.6, 300, 0.0, 0.0, 0.0,  0, 0.0000,  1807, 0.0,27.8, 0.0
M3,13/07/22,10:26:50,     1,  6226,   407, 1014.6, 300, 0.0, 0.0, 0.0,  0, 0.0000,  1808, 0.0,27.9, 0.0
M3,13/07/22,10:26:51,     1,  6227,   407, 1014.6, 300, 0.0, 0.0, 0.0,  0, 0.0000,  1808, 0.0,27.8, 0.0
M3,13/07/22,10:26:52,     1,  6228,   407, 1014.6, 300, 0.0, 0.0, 0.0,  0, 0.0000,  1809, 0.0,27.8, 0.0
M3,13/07/22,10:26:53,     1,  6229,   407, 1014.6, 300, 0.0, 0.0, 0.0,  0, 0.0000,  1808, 0.0,27.8, 0.0
M3,13/07/22,10:26:54,     1,  6230,   407, 1014.6, 300, 0.0, 0.0, 0.0,  0, 0.0000,  1800, 0.0,27.8, 0.0
M3,13/07/22,10:26:55,     1,  6231,   407, 1014.6, 300, 0.0, 0.0, 0.0,  0, 0.0000,  1786, 0.0,27.8, 0.0
M3,13/07/22,10:26:56,     1,  6232,   406, 1014.6, 300, 0.0, 0.0, 0.0,  0, 0.0000,  1782, 0.0,27.8, 0.0
M3,13/07/22,10:26:57,     1,  6233,   406, 1014.6, 300, 0.0, 0.0, 0.0,  0, 0.0000,  1773, 0.0,27.8, 0.0
M3,13/07/22,10:26:58,     1,  6234,   406, 1014.6, 300, 0.0, 0.0, 0.0,  0, 0.0000,  1770, 0.0,27.8, 0.0
M3,13/07/22,10:26:59,     1,  6235,   406, 1014.6, 300, 0.0, 0.0, 0.0,  0, 0.0000,  1773, 0.0,27.9, 0.0
M3,13/07/22,10:27:00,     1,  6236,   406, 1014.6, 300, 0.0, 0.0, 0.0,  0, 0.0000,  1772, 0.0,27.9, 0.0
M3,13/07/22,10:27:01,     1,  6237,   405, 1014.6, 300, 0.0, 0.0, 0.0,  0, 0.0000,  1772, 0.0,27.9, 0.0
M3,13/07/22,10:27:02,     1,  6238,   405, 1014.6, 300, 0.0, 0.0, 0.0,  0, 0.0000,  1773, 0.0,27.9, 0.0
M3,13/07/22,10:27:03,     1,  6239,   406, 1014.6, 300, 0.0, 0.0, 0.0,  0, 0.0000,  1774, 0.0,27.9, 0.0
M3,13/07/22,10:27:04,     1,  6240,   406, 1014.6, 300, 0.0, 0.0, 0.0,  0, 0.0000,  1583, 0.0,27.9, 0.0
M3,13/07/22,10:27:05,     1,  6241,   406, 1014.6, 300, 0.0, 0.0, 0.0,  0, 0.0000,  1397, 0.0,27.9, 0.0
M3,13/07/22,10:27:06,     1,  6242,   406, 1014.6, 300, 0.0, 0.0, 0.0,  0, 0.0000,   469, 0.0,27.9, 0.0
M3,13/07/22,10:27:07,     1,  6243,   406, 1014.6, 300, 0.0, 0.0, 0.0,  0, 0.0000,   698, 0.0,27.9, 0.0
M3,13/07/22,10:27:08,     1,  6244,   406, 1014.6, 300, 0.0, 0.0, 0.0,  0, 0.0000,  1335, 0.0,27.9, 0.0
M3,13/07/22,10:27:09,     1,  6245,   406, 1014.6, 300, 0.0, 0.0, 0.0,  0, 0.0000,  1554, 0.0,27.9, 0.0
M3,13/07/22,10:27:10,     1,  6246,   406, 1014.6, 300, 0.0, 0.0, 0.0,  0, 0.0000,  1571, 0.0,27.9, 0.0
M3,13/07/22,10:27:11,     1,  6247,   406, 1014.6, 300, 0.0, 0.0, 0.0,  0, 0.0000,  1564, 0.0,28.0, 0.0
M3,13/07/22,10:27:12,     1,  6248,   406, 1014.6, 300, 0.0, 0.0, 0.0,  0, 0.0000,  1541, 0.0,28.0, 0.0
M3,13/07/22,10:27:13,     1,  6249,   406, 1014.6, 300, 0.0, 0.0, 0.0,  0, 0.0000,  1547, 0.0,28.0, 0.0
M3,13/07/22,10:27:15,     1,  6250,   405, 1014.6, 300, 0.0, 0.0, 0.0,  0, 0.0000,  1549, 0.0,28.0, 0.0
M3,13/07/22,10:27:16,     1,  6251,   405, 1014.6, 300, 0.0, 0.0, 0.0,  0, 0.0000,  1540, 0.0,28.0, 0.0
M3,13/07/22,10:27:17,     1,  6252,   405, 1014.6, 300, 0.0, 0.0, 0.0,  0, 0.0000,  1527, 0.0,28.0, 0.0
M3,13/07/22,10:27:18,     1,  6253,   405, 1014.6, 300, 0.0, 0.0, 0.0,  0, 0.0000,  1512, 0.0,28.1, 0.0
M3,13/07/22,10:27:19,     1,  6254,   405, 1014.6, 300, 0.0, 0.0, 0.0,  0, 0.0000,  1501, 0.0,28.1, 0.0
M3,13/07/22,10:27:20,     1,  6255,   405, 1014.6, 300, 0.0, 0.0, 0.0,  0, 0.0000,   807, 0.0,28.1, 0.0
M3,13/07/22,10:27:21,     1,  6256,   405, 1014.6, 300, 0.0, 0.0, 0.0,  0, 0.0000,   191, 0.0,28.1, 0.0
M3,13/07/22,10:27:22,     1,  6257,   405, 1014.6, 300, 0.0, 0.0, 0.0,  0, 0.0000,   172, 0.0,28.1, 0.0
M3,13/07/22,10:27:23,     1,  6258,   405, 1014.6, 300, 0.0, 0.0, 0.0,  0, 0.0000,   120, 0.0,28.1, 0.0
M3,13/07/22,10:27:24,     1,  6259,   405, 1014.6, 300, 0.0, 0.0, 0.0,  0, 0.0000,   697, 0.0,28.1, 0.0
M3,13/07/22,10:27:25,     1,  6260,   405, 1014.6, 300, 0.0, 0.0, 0.0,  0, 0.0000,  1399, 0.0,28.1, 0.0
M3,13/07/22,10:27:26,     1,  6261,   405, 1014.6, 300, 0.0, 0.0, 0.0,  0, 0.0000,  1470, 0.0,28.1, 0.0
M3,13/07/22,10:27:27,     1,  6262,   405, 1014.6, 300, 0.0, 0.0, 0.0,  0, 0.0000,  1031, 0.0,28.1, 0.0
M3,13/07/22,10:27:28,     1,  6263,   406, 1014.6, 300, 0.0, 0.0, 0.0,  0, 0.0000,    53, 0.0,28.1, 0.0
M3,13/07/22,10:27:29,     1,  6264,   406, 1014.6, 300, 0.0, 0.0, 0.0,  0, 0.0000,    13, 0.0,28.1, 0.0
M3,13/07/22,10:27:30,     1,  6265,   405, 1014.6, 300, 0.0, 0.0, 0.0,  0, 0.0000,    12, 0.0,28.1, 0.0
M3,13/07/22,10:27:31,     1,  6266,   405, 1014.6, 300, 0.0, 0.0, 0.0,  0, 0.0000,     5, 0.0,28.1, 0.0
M3,13/07/22,10:27:32,     1,  6267,   405, 1014.6, 300, 0.0, 0.0, 0.0,  0, 0.0000,     5, 0.0,28.1, 0.0
M3,13/07/22,10:27:33,     1,  6268,   405, 1014.6, 300, 0.0, 0.0, 0.0,  0, 0.0000,     8, 0.0,28.1, 0.0
M3,13/07/22,10:27:34,     1,  6269,   405, 1014.6, 300, 0.0, 0.0, 0.0,  0, 0.0000,    65, 0.0,28.1, 0.0
M3,13/07/22,10:27:35,     1,  6270,   405, 1014.6, 300, 0.0, 0.0, 0.0,  0, 0.0000,   185, 0.0,28.1, 0.0
M3,13/07/22,10:27:36,     1,  6271,   405, 1014.6, 300, 0.0, 0.0, 0.0,  0, 0.0000,    34, 0.0,28.1, 0.0
M3,13/07/22,10:27:37,     1,  6272,   405, 1014.6, 300, 0.0, 0.0, 0.0,  0, 0.0000,     7, 0.0,28.1, 0.0
M3,13/07/22,10:27:38,     1,  6273,   405, 1014.6, 300, 0.0, 0.0, 0.0,  0, 0.0000,     6, 0.0,28.1, 0.0
M3,13/07/22,10:27:39,     1,  6274,   405, 1014.6, 300, 0.0, 0.0, 0.0,  0, 0.0000,     5, 0.0,28.1, 0.0
M3,13/07/22,10:27:40,     1,  6275,   405, 1014.6, 300, 0.0, 0.0, 0.0,  0, 0.0000,     5, 0.0,28.1, 0.0
M3,13/07/22,10:27:41,     1,  6276,   405, 1014.6, 300, 0.0, 0.0, 0.0,  0, 0.0000,     4, 0.0,28.1, 0.0
M3,13/07/22,10:27:42,     1,  6277,   405, 1014.6, 300, 0.0, 0.0, 0.0,  0, 0.0000,     6, 0.0,28.1, 0.0
M3,13/07/22,10:27:43,     1,  6278,   406, 1014.6, 300, 0.0, 0.0, 0.0,  0, 0.0000,     4, 0.0,28.1, 0.0
M3,13/07/22,10:27:44,     1,  6279,   406, 1014.6, 300, 0.0, 0.0, 0.0,  0, 0.0000,     2, 0.0,28.1, 0.0
M3,13/07/22,10:27:45,     1,  6280,   406, 1014.6, 300, 0.0, 0.0, 0.0,  0, 0.0000,     2, 0.0,28.1, 0.0
M3,13/07/22,10:27:46,     1,  6281,   406, 1014.6, 300, 0.0, 0.0, 0.0,  0, 0.0000,     1, 0.0,28.1, 0.0
M3,13/07/22,10:27:47,     1,  6282,   406, 1014.6, 300, 0.0, 0.0, 0.0,  0, 0.0000,     2, 0.0,28.1, 0.0
M3,13/07/22,10:27:48,     1,  6283,   405, 1014.6, 300, 0.0, 0.0, 0.0,  0, 0.0000,     4, 0.0,28.1, 0.0
M3,13/07/22,10:27:49,     1,  6284,   405, 1014.6, 300, 0.0, 0.0, 0.0,  0, 0.0000,     6, 0.0,28.1, 0.0
M3,13/07/22,10:27:50,     1,  6285,   405, 1014.6, 300, 0.0, 0.0, 0.0,  0, 0.0000,     6, 0.0,28.1, 0.0
