Tag(M3),Date,Time,Plot_No,Rec_No,CO2,Pressure,Flow,H2O,Tsen,O2,Error,Aux_V,PAR,Tsoil,Tair,Msoil
M3,15/07/22,10:23:15,     1,  5488,   415, 1022.7, 300, 0.0, 0.0, 0.0, 61, 0.0000,  1480, 0.0,24.3, 0.0
M3,15/07/22,10:23:16,     1,  5489,   415, 1022.7, 300, 0.0, 0.0, 0.0,  0, 0.0000,  1481, 0.0,24.3, 0.0
M3,15/07/22,10:23:17,     1,  5490,   415, 1022.7, 300, 0.0, 0.0, 0.0,  0, 0.0000,  1481, 0.0,24.3, 0.0
M3,15/07/22,10:23:18,     1,  5491,   415, 1022.7, 300, 0.0, 0.0, 0.0,  0, 0.0000,  1481, 0.0,24.3, 0.0
M3,15/07/22,10:23:19,     1,  5492,   415, 1022.7, 300, 0.0, 0.0, 0.0,  0, 0.0000,  1481, 0.0,24.3, 0.0
M3,15/07/22,10:23:20,     1,  5493,   414, 1022.7, 300, 0.0, 0.0, 0.0,  0, 0.0000,  1437, 0.0,24.4, 0.0
M3,15/07/22,10:23:21,     1,  5494,   414, 1022.7, 300, 0.0, 0.0, 0.0,  0, 0.0000,  1433, 0.0,24.4, 0.0
M3,15/07/22,10:23:22,     1,  5495,   414, 1022.7, 300, 0.0, 0.0, 0.0,  0, 0.0000,  1433, 0.0,24.4, 0.0
M3,15/07/22,10:23:23,     1,  5496,   414, 1022.7, 300, 0.0, 0.0, 0.0,  0, 0.0000,  1434, 0.0,24.4, 0.0
M3,15/07/22,10:23:24,     1,  5497,   414, 1022.7, 300, 0.0, 0.0, 0.0,  0, 0.0000,  1434, 0.0,24.4, 0.0
M3,15/07/22,10:23:25,     1,  5498,   415, 1022.7, 300, 0.0, 0.0, 0.0,  0, 0.0000,  1434, 0.0,24.4, 0.0
M3,15/07/22,10:23:26,     1,  5499,   415, 1022.7, 300, 0.0, 0.0, 0.0,  0, 0.0000,  1434, 0.0,24.4, 0.0
M3,15/07/22,10:23:27,     1,  5500,   415, 1022.7, 300, 0.0, 0.0, 0.0,  0, 0.0000,  1434, 0.0,24.4, 0.0
M3,15/07/22,10:23:28,     1,  5501,   415, 1022.7, 300, 0.0, 0.0, 0.0,  0, 0.0000,  1434, 0.0,24.4, 0.0
M3,15/07/22,10:23:29,     1,  5502,   415, 1022.7, 300, 0.0, 0.0, 0.0,  0, 0.0000,  1434, 0.0,24.4, 0.0
M3,15/07/22,10:23:30,     1,  5503,   415, 1022.7, 300, 0.0, 0.0, 0.0,  0, 0.0000,  1433, 0.0,24.4, 0.0
M3,15/07/22,10:23:31,     1,  5504,   416, 1022.7, 300, 0.0, 0.0, 0.0,  0, 0.0000,  1433, 0.0,24.4, 0.0
M3,15/07/22,10:23:32,     1,  5505,   415, 1022.7, 301, 0.0, 0.0, 0.0,  0, 0.0000,  1434, 0.0,24.5, 0.0
M3,15/07/22,10:23:33,     1,  5506,   415, 1022.7, 300, 0.0, 0.0, 0.0,  0, 0.0000,  1433, 0.0,24.5, 0.0
M3,15/07/22,10:23:34,     1,  5507,   415, 1022.7, 300, 0.0, 0.0, 0.0,  0, 0.0000,  1434, 0.0,24.5, 0.0
M3,15/07/22,10:23:35,     1,  5508,   415, 1022.7, 300, 0.0, 0.0, 0.0,  0, 0.0000,  1434, 0.0,24.5, 0.0
M3,15/07/22,10:23:36,     1,  5509,   415, 1022.7, 300, 0.0, 0.0, 0.0,  0, 0.0000,  1435, 0.0,24.5, 0.0
M3,15/07/22,10:23:37,     1,  5510,   415, 1022.7, 300, 0.0, 0.0, 0.0,  0, 0.0000,  1435, 0.0,24.5, 0.0
M3,15/07/22,10:23:38,     1,  5511,   415, 1022.7, 300, 0.0, 0.0, 0.0,  0, 0.0000,  1435, 0.0,24.5, 0.0
M3,15/07/22,10:23:39,     1,  5512,   415, 1022.7, 300, 0.0, 0.0, 0.0,  0, 0.0000,  1434, 0.0,24.5, 0.0
M3,15/07/22,10:23:40,     1,  5513,   415, 1022.7, 300, 0.0, 0.0, 0.0,  0, 0.0000,  1435, 0.0,24.5, 0.0
M3,15/07/22,10:23:41,     1,  5514,   415, 1022.7, 300, 0.0, 0.0, 0.0,  0, 0.0000,  1435, 0.0,24.5, 0.0
M3,15/07/22,10:23:42,     1,  5515,   415, 1022.7, 300, 0.0, 0.0, 0.0,  0, 0.0000,  1435, 0.0,24.5, 0.0
M3,15/07/22,10:23:43,     1,  5516,   415, 1022.7, 300, 0.0, 0.0, 0.0,  0, 0.0000,  1435, 0.0,24.5, 0.0
M3,15/07/22,10:23:44,     1,  5517,   415, 1022.7, 300, 0.0, 0.0, 0.0,  0, 0.0000,  1435, 0.0,24.5, 0.0
M3,15/07/22,10:23:45,     1,  5518,   415, 1022.7, 300, 0.0, 0.0, 0.0,  0, 0.0000,  1434, 0.0,24.6, 0.0
M3,15/07/22,10:23:46,     1,  5519,   415, 1022.7, 300, 0.0, 0.0, 0.0, 24, 0.0000,  1435, 0.0,24.6, 0.0
M3,15/07/22,10:23:47,     1,  5520,   415, 1022.7, 300, 0.0, 0.0, 0.0, 24, 0.0000,  1436, 0.0,24.6, 0.0
M3,15/07/22,10:23:48,     1,  5521,   415, 1022.7, 300, 0.0, 0.0, 0.0, 24, 0.0000,  1434, 0.0,24.6, 0.0
M3,15/07/22,10:23:49,     1,  5522,   415, 1022.7, 300, 0.0, 0.0, 0.0, 24, 0.0000,  1436, 0.0,24.6, 0.0
M3,15/07/22,10:23:50,     1,  5523,   415, 1022.7, 300, 0.0, 0.0, 0.0, 24, 0.0000,  1437, 0.0,24.6, 0.0
M3,15/07/22,10:23:51,     1,  5524,   415, 1022.7, 300, 0.0, 0.0, 0.0,  0, 0.0000,  1435, 0.0,24.6, 0.0
M3,15/07/22,10:23:52,     1,  5525,   415, 1022.7, 300, 0.0, 0.0, 0.0,  0, 0.0000,  1435, 0.0,24.6, 0.0
M3,15/07/22,10:23:53,     1,  5526,   415, 1022.7, 300, 0.0, 0.0, 0.0,  0, 0.0000,  1436, 0.0,24.6, 0.0
M3,15/07/22,10:23:54,     1,  5527,   415, 1022.7, 300, 0.0, 0.0, 0.0,  0, 0.0000,  1437, 0.0,24.6, 0.0
M3,15/07/22,10:23:55,     1,  5528,   414, 1022.7, 300, 0.0, 0.0, 0.0,  0, 0.0000,  1438, 0.0,24.6, 0.0
M3,15/07/22,10:23:56,     1,  5529,   414, 1022.7, 300, 0.0, 0.0, 0.0,  0, 0.0000,  1438, 0.0,24.6, 0.0
M3,15/07/22,10:23:57,     1,  5530,   414, 1022.7, 300, 0.0, 0.0, 0.0,  0, 0.0000,  1438, 0.0,24.6, 0.0
M3,15/07/22,10:23:58,     1,  5531,   414, 1022.7, 300, 0.0, 0.0, 0.0,  0, 0.0000,  1438, 0.0,24.6, 0.0
M3,15/07/22,10:23:59,     1,  5532,   414, 1022.7, 300, 0.0, 0.0, 0.0,  0, 0.0000,  1438, 0.0,24.6, 0.0
M3,15/07/22,10:24:00,     1,  5533,   415, 1022.7, 300, 0.0, 0.0, 0.0,  0, 0.0000,  1439, 0.0,24.6, 0.0
M3,15/07/22,10:24:01,     1,  5534,   415, 1022.7, 300, 0.0, 0.0, 0.0,  0, 0.0000,  1438, 0.0,24.7, 0.0
M3,15/07/22,10:24:02,     1,  5535,   415, 1022.7, 300, 0.0, 0.0, 0.0,  0, 0.0000,  1438, 0.0,24.7, 0.0
M3,15/07/22,10:24:03,     1,  5536,   414, 1022.7, 300, 0.0, 0.0, 0.0,  0, 0.0000,  1439, 0.0,24.7, 0.0
M3,15/07/22,10:24:04,     1,  5537,   414, 1022.7, 300, 0.0, 0.0, 0.0,  0, 0.0000,  1439, 0.0,24.7, 0.0
M3,15/07/22,10:24:05,     1,  5538,   414, 1022.7, 300, 0.0, 0.0, 0.0,  0, 0.0000,  1438, 0.0,24.7, 0.0
M3,15/07/22,10:24:06,     1,  5539,   414, 1022.7, 300, 0.0, 0.0, 0.0,  0, 0.0000,  1439, 0.0,24.7, 0.0
M3,15/07/22,10:24:07,     1,  5540,   414, 1022.7, 300, 0.0, 0.0, 0.0,  0, 0.0000,  1438, 0.0,24.7, 0.0
M3,15/07/22,10:24:08,     1,  5541,   414, 1022.7, 300, 0.0, 0.0, 0.0,  0, 0.0000,  1440, 0.0,24.7, 0.0
M3,15/07/22,10:24:09,     1,  5542,   414, 1022.7, 300, 0.0, 0.0, 0.0,  0, 0.0000,  1440, 0.0,24.7, 0.0
M3,15/07/22,10:24:10,     1,  5543,   414, 1022.7, 300, 0.0, 0.0, 0.0,  0, 0.0000,  1440, 0.0,24.7, 0.0
M3,15/07/22,10:24:11,     1,  5544,   414, 1022.7, 300, 0.0, 0.0, 0.0,  0, 0.0000,  1440, 0.0,24.7, 0.0
M3,15/07/22,10:24:12,     1,  5545,   414, 1022.7, 300, 0.0, 0.0, 0.0,  0, 0.0000,  1440, 0.0,24.7, 0.0
M3,15/07/22,10:24:13,     1,  5546,   414, 1022.7, 300, 0.0, 0.0, 0.0,  0, 0.0000,  1441, 0.0,24.7, 0.0
M3,15/07/22,10:24:14,     1,  5547,   414, 1022.7, 300, 0.0, 0.0, 0.0,  0, 0.0000,  1441, 0.0,24.7, 0.0
M3,15/07/22,10:24:15,     1,  5548,   414, 1022.7, 300, 0.0, 0.0, 0.0,  0, 0.0000,  1440, 0.0,24.7, 0.0
M3,15/07/22,10:24:16,     1,  5549,   414, 1022.7, 300, 0.0, 0.0, 0.0,  0, 0.0000,  1440, 0.0,24.7, 0.0
M3,15/07/22,10:24:17,     1,  5550,   414, 1022.7, 300, 0.0, 0.0, 0.0,  0, 0.0000,  1440, 0.0,24.7, 0.0
M3,15/07/22,10:24:18,     1,  5551,   414, 1022.7, 300, 0.0, 0.0, 0.0,  0, 0.0000,  1440, 0.0,24.7, 0.0
M3,15/07/22,10:24:19,     1,  5552,   414, 1022.7, 300, 0.0, 0.0, 0.0,  0, 0.0000,  1440, 0.0,24.7, 0.0
M3,15/07/22,10:24:20,     1,  5553,   414, 1022.7, 300, 0.0, 0.0, 0.0,  0, 0.0000,  1439, 0.0,24.7, 0.0
M3,15/07/22,10:24:21,     1,  5554,   414, 1022.7, 300, 0.0, 0.0, 0.0,  0, 0.0000,  1439, 0.0,24.7, 0.0
M3,15/07/22,10:24:22,     1,  5555,   414, 1022.7, 300, 0.0, 0.0, 0.0,  0, 0.0000,  1439, 0.0,24.7, 0.0
M3,15/07/22,10:24:23,     1,  5556,   414, 1022.7, 300, 0.0, 0.0, 0.0,  0, 0.0000,  1440, 0.0,24.8, 0.0
M3,15/07/22,10:24:24,     1,  5557,   414, 1022.7, 300, 0.0, 0.0, 0.0,  0, 0.0000,  1440, 0.0,24.8, 0.0
M3,15/07/22,10:24:25,     1,  5558,   413, 1022.7, 300, 0.0, 0.0, 0.0,  0, 0.0000,  1441, 0.0,24.8, 0.0
M3,15/07/22,10:24:26,     1,  5559,   413, 1022.7, 300, 0.0, 0.0, 0.0,  0, 0.0000,  1440, 0.0,24.8, 0.0
M3,15/07/22,10:24:27,     1,  5560,   413, 1022.7, 300, 0.0, 0.0, 0.0,  0, 0.0000,  1440, 0.0,24.8, 0.0
M3,15/07/22,10:24:28,     1,  5561,   412, 1022.7, 300, 0.0, 0.0, 0.0,  0, 0.0000,  1440, 0.0,24.8, 0.0
M3,15/07/22,10:24:29,     1,  5562,   412, 1022.7, 300, 0.0, 0.0, 0.0,  0, 0.0000,  1441, 0.0,24.8, 0.0
M3,15/07/22,10:24:30,     1,  5563,   412, 1022.7, 300, 0.0, 0.0, 0.0,  0, 0.0000,  1441, 0.0,24.8, 0.0
M3,15/07/22,10:24:31,     1,  5564,   412, 1022.7, 300, 0.0, 0.0, 0.0,  0, 0.0000,  1441, 0.0,24.8, 0.0
M3,15/07/22,10:24:32,     1,  5565,   412, 1022.7, 300, 0.0, 0.0, 0.0,  0, 0.0000,  1442, 0.0,24.8, 0.0
M3,15/07/22,10:24:33,     1,  5566,   412, 1022.7, 300, 0.0, 0.0, 0.0,  0, 0.0000,  1441, 0.0,24.8, 0.0
M3,15/07/22,10:24:34,     1,  5567,   412, 1022.7, 300, 0.0, 0.0, 0.0,  0, 0.0000,  1442, 0.0,24.8, 0.0
M3,15/07/22,10:24:35,     1,  5568,   412, 1022.7, 300, 0.0, 0.0, 0.0,  0, 0.0000,  1442, 0.0,24.8, 0.0
M3,15/07/22,10:24:36,     1,  5569,   412, 1022.7, 300, 0.0, 0.0, 0.0,  0, 0.0000,  1442, 0.0,24.8, 0.0
M3,15/07/22,10:24:37,     1,  5570,   412, 1022.7, 300, 0.0, 0.0, 0.0,  0, 0.0000,  1443, 0.0,24.8, 0.0
M3,15/07/22,10:24:38,     1,  5571,   412, 1022.7, 300, 0.0, 0.0, 0.0,  0, 0.0000,  1442, 0.0,24.8, 0.0
M3,15/07/22,10:24:39,     1,  5572,   412, 1022.7, 300, 0.0, 0.0, 0.0,  0, 0.0000,  1443, 0.0,24.8, 0.0
M3,15/07/22,10:24:40,     1,  5573,   412, 1022.7, 300, 0.0, 0.0, 0.0,  0, 0.0000,  1443, 0.0,24.8, 0.0
M3,15/07/22,10:24:41,     1,  5574,   412, 1022.7, 300, 0.0, 0.0, 0.0,  0, 0.0000,  1442, 0.0,24.8, 0.0
M3,15/07/22,10:24:42,     1,  5575,   412, 1022.7, 300, 0.0, 0.0, 0.0,  0, 0.0000,  1442, 0.0,24.8, 0.0
M3,15/07/22,10:24:43,     1,  5576,   412, 1022.7, 300, 0.0, 0.0, 0.0,  0, 0.0000,  1444, 0.0,24.8, 0.0
M3,15/07/22,10:24:44,     1,  5577,   412, 1022.7, 300, 0.0, 0.0, 0.0,  0, 0.0000,  1444, 0.0,24.8, 0.0
M3,15/07/22,10:24:45,     1,  5578,   412, 1022.7, 300, 0.0, 0.0, 0.0,  0, 0.0000,  1445, 0.0,24.8, 0.0
M3,15/07/22,10:24:46,     1,  5579,   412, 1022.7, 300, 0.0, 0.0, 0.0, 25, 0.0000,  1445, 0.0,24.8, 0.0
M3,15/07/22,10:24:47,     1,  5580,   412, 1022.7, 300, 0.0, 0.0, 0.0, 25, 0.0000,  1445, 0.0,24.8, 0.0
M3,15/07/22,10:24:48,     1,  5581,   412, 1022.7, 300, 0.0, 0.0, 0.0, 25, 0.0000,  1445, 0.0,24.9, 0.0
M3,15/07/22,10:24:49,     1,  5582,   412, 1022.7, 300, 0.0, 0.0, 0.0, 25, 0.0000,  1445, 0.0,24.9, 0.0
M3,15/07/22,10:24:50,     1,  5583,   412, 1022.7, 300, 0.0, 0.0, 0.0, 25, 0.0000,  1445, 0.0,24.9, 0.0
M3,15/07/22,10:24:51,     1,  5584,   412, 1022.7, 300, 0.0, 0.0, 0.0,  0, 0.0000,  1446, 0.0,24.9, 0.0
M3,15/07/22,10:24:52,     1,  5585,   412, 1022.7, 300, 0.0, 0.0, 0.0,  0, 0.0000,  1445, 0.0,24.9, 0.0
M3,15/07/22,10:24:53,     1,  5586,   411, 1022.7, 300, 0.0, 0.0, 0.0,  0, 0.0000,  1446, 0.0,24.9, 0.0
M3,15/07/22,10:24:54,     1,  5587,   411, 1022.7, 300, 0.0, 0.0, 0.0,  0, 0.0000,  1447, 0.0,24.9, 0.0
M3,15/07/22,10:24:55,     1,  5588,   411, 1022.7, 300, 0.0, 0.0, 0.0,  0, 0.0000,  1447, 0.0,24.9, 0.0
M3,15/07/22,10:24:56,     1,  5589,   411, 1022.7, 300, 0.0, 0.0, 0.0,  0, 0.0000,  1447, 0.0,24.9, 0.0
M3,15/07/22,10:24:57,     1,  5590,   411, 1022.7, 300, 0.0, 0.0, 0.0,  0, 0.0000,  1447, 0.0,24.9, 0.0
M3,15/07/22,10:24:58,     1,  5591,   411, 1022.7, 300, 0.0, 0.0, 0.0,  0, 0.0000,  1448, 0.0,24.9, 0.0
M3,15/07/22,10:24:59,     1,  5592,   411, 1022.7, 300, 0.0, 0.0, 0.0,  0, 0.0000,  1449, 0.0,24.9, 0.0
M3,15/07/22,10:25:00,     1,  5593,   411, 1022.7, 300, 0.0, 0.0, 0.0,  0, 0.0000,  1450, 0.0,24.9, 0.0
M3,15/07/22,10:25:01,     1,  5594,   411, 1022.7, 300, 0.0, 0.0, 0.0,  0, 0.0000,  1450, 0.0,24.9, 0.0
M3,15/07/22,10:25:02,     1,  5595,   411, 1022.7, 300, 0.0, 0.0, 0.0,  0, 0.0000,  1450, 0.0,24.9, 0.0
M3,15/07/22,10:25:03,     1,  5596,   410, 1022.7, 300, 0.0, 0.0, 0.0,  0, 0.0000,  1448, 0.0,24.9, 0.0
M3,15/07/22,10:25:04,     1,  5597,   410, 1022.7, 300, 0.0, 0.0, 0.0,  0, 0.0000,  1447, 0.0,24.9, 0.0
M3,15/07/22,10:25:05,     1,  5598,   410, 1022.7, 300, 0.0, 0.0, 0.0,  0, 0.0000,  1448, 0.0,24.9, 0.0
M3,15/07/22,10:25:06,     1,  5599,   410, 1022.7, 300, 0.0, 0.0, 0.0,  0, 0.0000,  1450, 0.0,24.9, 0.0
M3,15/07/22,10:25:07,     1,  5600,   410, 1022.7, 300, 0.0, 0.0, 0.0,  0, 0.0000,  1450, 0.0,24.9, 0.0
M3,15/07/22,10:25:08,     1,  5601,   410, 1022.7, 300, 0.0, 0.0, 0.0,  0, 0.0000,  1449, 0.0,24.9, 0.0
M3,15/07/22,10:25:09,     1,  5602,   410, 1022.7, 300, 0.0, 0.0, 0.0,  0, 0.0000,  1449, 0.0,24.9, 0.0
M3,15/07/22,10:25:10,     1,  5603,   410, 1022.7, 300, 0.0, 0.0, 0.0,  0, 0.0000,  1450, 0.0,24.9, 0.0
M3,15/07/22,10:25:11,     1,  5604,   410, 1022.7, 300, 0.0, 0.0, 0.0,  0, 0.0000,  1452, 0.0,24.9, 0.0
M3,15/07/22,10:25:12,     1,  5605,   411, 1022.7, 300, 0.0, 0.0, 0.0,  0, 0.0000,  1451, 0.0,24.9, 0.0
M3,15/07/22,10:25:13,     1,  5606,   411, 1022.7, 300, 0.0, 0.0, 0.0,  0, 0.0000,  1450, 0.0,24.9, 0.0
M3,15/07/22,10:25:14,     1,  5607,   411, 1022.7, 300, 0.0, 0.0, 0.0,  0, 0.0000,  1450, 0.0,24.9, 0.0
M3,15/07/22,10:25:15,     1,  5608,   410, 1022.7, 300, 0.0, 0.0, 0.0,  0, 0.0000,  1450, 0.0,24.9, 0.0
M3,15/07/22,10:25:16,     1,  5609,   410, 1022.7, 300, 0.0, 0.0, 0.0,  0, 0.0000,  1451, 0.0,24.9, 0.0
M3,15/07/22,10:25:17,     1,  5610,   410, 1022.7, 300, 0.0, 0.0, 0.0,  0, 0.0000,  1450, 0.0,24.9, 0.0
M3,15/07/22,10:25:18,     1,  5611,   410, 1022.7, 300, 0.0, 0.0, 0.0,  0, 0.0000,  1450, 0.0,24.9, 0.0
M3,15/07/22,10:25:19,     1,  5612,   410, 1022.7, 300, 0.0, 0.0, 0.0,  0, 0.0000,  1449, 0.0,24.9, 0.0
M3,15/07/22,10:25:20,     1,  5613,   410, 1022.7, 300, 0.0, 0.0, 0.0,  0, 0.0000,  1448, 0.0,24.9, 0.0
M3,15/07/22,10:25:21,     1,  5614,   410, 1022.7, 300, 0.0, 0.0, 0.0,  0, 0.0000,  1449, 0.0,24.9, 0.0
M3,15/07/22,10:25:22,     1,  5615,   409, 1022.7, 300, 0.0, 0.0, 0.0,  0, 0.0000,  1448, 0.0,24.9, 0.0
M3,15/07/22,10:25:23,     1,  5616,   410, 1022.7, 300, 0.0, 0.0, 0.0,  0, 0.0000,  1448, 0.0,25.0, 0.0
M3,15/07/22,10:25:24,     1,  5617,   410, 1022.7, 300, 0.0, 0.0, 0.0,  0, 0.0000,  1448, 0.0,25.0, 0.0
M3,15/07/22,10:25:25,     1,  5618,   411, 1022.7, 300, 0.0, 0.0, 0.0,  0, 0.0000,  1448, 0.0,25.0, 0.0
M3,15/07/22,10:25:26,     1,  5619,   411, 1022.7, 300, 0.0, 0.0, 0.0,  0, 0.0000,  1449, 0.0,25.0, 0.0
M3,15/07/22,10:25:27,     1,  5620,   411, 1022.7, 300, 0.0, 0.0, 0.0,  0, 0.0000,  1450, 0.0,25.0, 0.0
M3,15/07/22,10:25:28,     1,  5621,   411, 1022.7, 300, 0.0, 0.0, 0.0,  0, 0.0000,  1450, 0.0,25.0, 0.0
M3,15/07/22,10:25:29,     1,  5622,   411, 1022.7, 300, 0.0, 0.0, 0.0,  0, 0.0000,  1450, 0.0,25.0, 0.0
M3,15/07/22,10:25:30,     1,  5623,   411, 1022.7, 300, 0.0, 0.0, 0.0,  0, 0.0000,  1451, 0.0,25.0, 0.0
M3,15/07/22,10:25:32,     1,  5624,   410, 1022.7, 300, 0.0, 0.0, 0.0,  0, 0.0000,  1452, 0.0,25.0, 0.0
M3,15/07/22,10:25:33,     1,  5625,   410, 1022.7, 300, 0.0, 0.0, 0.0,  0, 0.0000,  1451, 0.0,25.0, 0.0
M3,15/07/22,10:25:34,     1,  5626,   410, 1022.7, 300, 0.0, 0.0, 0.0,  0, 0.0000,  1452, 0.0,25.0, 0.0
M3,15/07/22,10:25:35,     1,  5627,   410, 1022.7, 300, 0.0, 0.0, 0.0,  0, 0.0000,  1452, 0.0,25.0, 0.0
M3,15/07/22,10:25:36,     1,  5628,   409, 1022.7, 300, 0.0, 0.0, 0.0,  0, 0.0000,  1452, 0.0,25.0, 0.0
M3,15/07/22,10:25:37,     1,  5629,   409, 1022.7, 300, 0.0, 0.0, 0.0,  0, 0.0000,  1452, 0.0,25.0, 0.0
M3,15/07/22,10:25:38,     1,  5630,   409, 1022.7, 300, 0.0, 0.0, 0.0,  0, 0.0000,  1452, 0.0,25.0, 0.0
M3,15/07/22,10:25:39,     1,  5631,   409, 1022.7, 300, 0.0, 0.0, 0.0,  0, 0.0000,  1452, 0.0,25.0, 0.0
M3,15/07/22,10:25:40,     1,  5632,   409, 1022.7, 300, 0.0, 0.0, 0.0,  0, 0.0000,  1452, 0.0,25.0, 0.0
