Tag(M3),Date,Time,Plot_No,Rec_No,CO2,Pressure,Flow,H2O,Tsen,O2,Error,Aux_V,PAR,Tsoil,Tair,Msoil
M3,14/07/22,12:09:21,     1, 11272,   417, 1024.6, 299, 0.0, 0.0, 0.0, 61, 0.0000,  1223, 0.0,36.3, 0.0
M3,14/07/22,12:09:22,     1, 11273,   417, 1024.6, 300, 0.0, 0.0, 0.0,  0, 0.0000,  1324, 0.0,36.3, 0.0
M3,14/07/22,12:09:24,     1, 11274,   417, 1024.6, 300, 0.0, 0.0, 0.0,  0, 0.0000,  1372, 0.0,36.3, 0.0
M3,14/07/22,12:09:25,     1, 11275,   417, 1024.7, 300, 0.0, 0.0, 0.0,  0, 0.0000,  1338, 0.0,36.3, 0.0
M3,14/07/22,12:09:26,     1, 11276,   417, 1024.7, 300, 0.0, 0.0, 0.0,  0, 0.0000,  1336, 0.0,36.3, 0.0
M3,14/07/22,12:09:27,     1, 11277,   418, 1024.7, 300, 0.0, 0.0, 0.0,  0, 0.0000,  1365, 0.0,36.3, 0.0
M3,14/07/22,12:09:28,     1, 11278,   418, 1024.7, 300, 0.0, 0.0, 0.0,  0, 0.0000,  1362, 0.0,36.3, 0.0
M3,14/07/22,12:09:29,     1, 11279,   417, 1024.7, 300, 0.0, 0.0, 0.0,  0, 0.0000,  1331, 0.0,36.3, 0.0
M3,14/07/22,12:09:30,     1, 11280,   417, 1024.7, 300, 0.0, 0.0, 0.0,  0, 0.0000,  1338, 0.0,36.3, 0.0
M3,14/07/22,12:09:31,     1, 11281,   417, 1024.7, 300, 0.0, 0.0, 0.0,  0, 0.0000,  1325, 0.0,36.3, 0.0
M3,14/07/22,12:09:32,     1, 11282,   417, 1024.7, 300, 0.0, 0.0, 0.0,  0, 0.0000,  1298, 0.0,36.3, 0.0
M3,14/07/22,12:09:33,     1, 11283,   417, 1024.6, 300, 0.0, 0.0, 0.0,  0, 0.0000,  1272, 0.0,36.3, 0.0
M3,14/07/22,12:09:34,     1, 11284,   417, 1024.6, 300, 0.0, 0.0, 0.0,  0, 0.0000,  1252, 0.0,36.3, 0.0
M3,14/07/22,12:09:35,     1, 11285,   417, 1024.6, 300, 0.0, 0.0, 0.0,  0, 0.0000,  1228, 0.0,36.3, 0.0
M3,14/07/22,12:09:36,     1, 11286,   417, 1024.6, 300, 0.0, 0.0, 0.0,  0, 0.0000,  1200, 0.0,36.3, 0.0
M3,14/07/22,12:09:37,     1, 11287,   417, 1024.6, 300, 0.0, 0.0, 0.0,  0, 0.0000,  1201, 0.0,36.3, 0.0
M3,14/07/22,12:09:38,     1, 11288,   417, 1024.6, 300, 0.0, 0.0, 0.0,  0, 0.0000,  1163, 0.0,36.4, 0.0
M3,14/07/22,12:09:39,     1, 11289,   417, 1024.6, 300, 0.0, 0.0, 0.0,  0, 0.0000,  1169, 0.0,36.4, 0.0
M3,14/07/22,12:09:40,     1, 11290,   417, 1024.6, 300, 0.0, 0.0, 0.0,  0, 0.0000,  1156, 0.0,36.4, 0.0
M3,14/07/22,12:09:41,     1, 11291,   417, 1024.6, 300, 0.0, 0.0, 0.0,  0, 0.0000,  1149, 0.0,36.4, 0.0
M3,14/07/22,12:09:42,     1, 11292,   417, 1024.7, 300, 0.0, 0.0, 0.0,  0, 0.0000,  1165, 0.0,36.4, 0.0
M3,14/07/22,12:09:43,     1, 11293,   417, 1024.7, 300, 0.0, 0.0, 0.0,  0, 0.0000,  1234, 0.0,36.4, 0.0
M3,14/07/22,12:09:44,     1, 11294,   417, 1024.7, 300, 0.0, 0.0, 0.0,  0, 0.0000,  1189, 0.0,36.4, 0.0
M3,14/07/22,12:09:45,     1, 11295,   417, 1024.7, 300, 0.0, 0.0, 0.0,  0, 0.0000,  1191, 0.0,36.4, 0.0
M3,14/07/22,12:09:46,     1, 11296,   417, 1024.7, 300, 0.0, 0.0, 0.0,  0, 0.0000,  1220, 0.0,36.4, 0.0
M3,14/07/22,12:09:47,     1, 11297,   417, 1024.7, 300, 0.0, 0.0, 0.0,  0, 0.0000,  1201, 0.0,36.4, 0.0
M3,14/07/22,12:09:48,     1, 11298,   417, 1024.7, 300, 0.0, 0.0, 0.0,  0, 0.0000,  1196, 0.0,36.4, 0.0
M3,14/07/22,12:09:49,     1, 11299,   417, 1024.7, 300, 0.0, 0.0, 0.0,  0, 0.0000,  1200, 0.0,36.4, 0.0
M3,14/07/22,12:09:50,     1, 11300,   417, 1024.7, 300, 0.0, 0.0, 0.0,  0, 0.0000,  1206, 0.0,36.4, 0.0
M3,14/07/22,12:09:51,     1, 11301,   417, 1024.6, 300, 0.0, 0.0, 0.0,  0, 0.0000,  1222, 0.0,36.4, 0.0
M3,14/07/22,12:09:52,     1, 11302,   417, 1024.6, 300, 0.0, 0.0, 0.0,  0, 0.0000,  1249, 0.0,36.4, 0.0
M3,14/07/22,12:09:53,     1, 11303,   416, 1024.6, 300, 0.0, 0.0, 0.0,  0, 0.0000,  1242, 0.0,36.4, 0.0
M3,14/07/22,12:09:54,     1, 11304,   416, 1024.6, 300, 0.0, 0.0, 0.0,  0, 0.0000,  1241, 0.0,36.4, 0.0
M3,14/07/22,12:09:55,     1, 11305,   417, 1024.6, 300, 0.0, 0.0, 0.0,  0, 0.0000,  1235, 0.0,36.4, 0.0
M3,14/07/22,12:09:56,     1, 11306,   417, 1024.6, 300, 0.0, 0.0, 0.0,  0, 0.0000,  1225, 0.0,36.4, 0.0
M3,14/07/22,12:09:57,     1, 11307,   417, 1024.6, 300, 0.0, 0.0, 0.0,  0, 0.0000,  1220, 0.0,36.5, 0.0
M3,14/07/22,12:09:58,     1, 11308,   417, 1024.7, 300, 0.0, 0.0, 0.0,  0, 0.0000,  1208, 0.0,36.5, 0.0
M3,14/07/22,12:09:59,     1, 11309,   416, 1024.7, 300, 0.0, 0.0, 0.0,  0, 0.0000,  1199, 0.0,36.5, 0.0
M3,14/07/22,12:10:00,     1, 11310,   416, 1024.7, 300, 0.0, 0.0, 0.0,  0, 0.0000,  1191, 0.0,36.5, 0.0
M3,14/07/22,12:10:01,     1, 11311,   416, 1024.7, 300, 0.0, 0.0, 0.0,  0, 0.0000,  1197, 0.0,36.5, 0.0
M3,14/07/22,12:10:02,     1, 11312,   416, 1024.7, 300, 0.0, 0.0, 0.0,  0, 0.0000,  1236, 0.0,36.5, 0.0
M3,14/07/22,12:10:03,     1, 11313,   416, 1024.7, 300, 0.0, 0.0, 0.0,  0, 0.0000,  1311, 0.0,36.5, 0.0
M3,14/07/22,12:10:04,     1, 11314,   416, 1024.7, 300, 0.0, 0.0, 0.0,  0, 0.0000,  1305, 0.0,36.5, 0.0
M3,14/07/22,12:10:05,     1, 11315,   416, 1024.7, 300, 0.0, 0.0, 0.0,  0, 0.0000,  1288, 0.0,36.5, 0.0
M3,14/07/22,12:10:06,     1, 11316,   416, 1024.7, 300, 0.0, 0.0, 0.0,  0, 0.0000,  1280, 0.0,36.5, 0.0
M3,14/07/22,12:10:07,     1, 11317,   416, 1024.7, 300, 0.0, 0.0, 0.0,  0, 0.0000,  1274, 0.0,36.5, 0.0
M3,14/07/22,12:10:08,     1, 11318,   416, 1024.7, 300, 0.0, 0.0, 0.0,  0, 0.0000,  1285, 0.0,36.5, 0.0
M3,14/07/22,12:10:09,     1, 11319,   416, 1024.7, 300, 0.0, 0.0, 0.0,  0, 0.0000,  1305, 0.0,36.5, 0.0
M3,14/07/22,12:10:10,     1, 11320,   416, 1024.7, 300, 0.0, 0.0, 0.0,  0, 0.0000,  1297, 0.0,36.5, 0.0
M3,14/07/22,12:10:11,     1, 11321,   415, 1024.7, 300, 0.0, 0.0, 0.0,  0, 0.0000,  1317, 0.0,36.5, 0.0
M3,14/07/22,12:10:12,     1, 11322,   415, 1024.7, 300, 0.0, 0.0, 0.0,  0, 0.0000,  1309, 0.0,36.5, 0.0
M3,14/07/22,12:10:13,     1, 11323,   415, 1024.7, 300, 0.0, 0.0, 0.0,  0, 0.0000,  1279, 0.0,36.5, 0.0
M3,14/07/22,12:10:14,     1, 11324,   415, 1024.7, 300, 0.0, 0.0, 0.0,  0, 0.0000,  1264, 0.0,36.5, 0.0
M3,14/07/22,12:10:15,     1, 11325,   415, 1024.7, 300, 0.0, 0.0, 0.0,  0, 0.0000,  1287, 0.0,36.5, 0.0
M3,14/07/22,12:10:16,     1, 11326,   415, 1024.7, 300, 0.0, 0.0, 0.0,  0, 0.0000,  1296, 0.0,36.5, 0.0
M3,14/07/22,12:10:17,     1, 11327,   415, 1024.7, 300, 0.0, 0.0, 0.0,  0, 0.0000,  1274, 0.0,36.6, 0.0
M3,14/07/22,12:10:18,     1, 11328,   415, 1024.7, 300, 0.0, 0.0, 0.0,  0, 0.0000,  1273, 0.0,36.6, 0.0
M3,14/07/22,12:10:19,     1, 11329,   415, 1024.7, 300, 0.0, 0.0, 0.0,  0, 0.0000,  1276, 0.0,36.6, 0.0
M3,14/07/22,12:10:20,     1, 11330,   415, 1024.7, 300, 0.0, 0.0, 0.0,  0, 0.0000,  1264, 0.0,36.6, 0.0
M3,14/07/22,12:10:21,     1, 11331,   415, 1024.7, 300, 0.0, 0.0, 0.0,  0, 0.0000,  1292, 0.0,36.6, 0.0
M3,14/07/22,12:10:22,     1, 11332,   415, 1024.7, 300, 0.0, 0.0, 0.0,  0, 0.0000,  1293, 0.0,36.6, 0.0
M3,14/07/22,12:10:23,     1, 11333,   415, 1024.7, 300, 0.0, 0.0, 0.0,  0, 0.0000,  1270, 0.0,36.6, 0.0
M3,14/07/22,12:10:24,     1, 11334,   415, 1024.7, 300, 0.0, 0.0, 0.0,  0, 0.0000,  1255, 0.0,36.6, 0.0
M3,14/07/22,12:10:25,     1, 11335,   416, 1024.7, 300, 0.0, 0.0, 0.0,  0, 0.0000,  1244, 0.0,36.6, 0.0
M3,14/07/22,12:10:26,     1, 11336,   416, 1024.7, 300, 0.0, 0.0, 0.0,  0, 0.0000,  1247, 0.0,36.6, 0.0
M3,14/07/22,12:10:27,     1, 11337,   416, 1024.7, 300, 0.0, 0.0, 0.0,  0, 0.0000,  1249, 0.0,36.6, 0.0
M3,14/07/22,12:10:28,     1, 11338,   416, 1024.7, 300, 0.0, 0.0, 0.0,  0, 0.0000,  1246, 0.0,36.6, 0.0
M3,14/07/22,12:10:29,     1, 11339,   416, 1024.7, 300, 0.0, 0.0, 0.0,  0, 0.0000,  1236, 0.0,36.6, 0.0
M3,14/07/22,12:10:30,     1, 11340,   416, 1024.7, 300, 0.0, 0.0, 0.0,  0, 0.0000,  1231, 0.0,36.6, 0.0
M3,14/07/22,12:10:31,     1, 11341,   416, 1024.7, 300, 0.0, 0.0, 0.0,  0, 0.0000,  1228, 0.0,36.6, 0.0
M3,14/07/22,12:10:32,     1, 11342,   416, 1024.7, 300, 0.0, 0.0, 0.0,  0, 0.0000,  1226, 0.0,36.6, 0.0
M3,14/07/22,12:10:33,     1, 11343,   416, 1024.7, 300, 0.0, 0.0, 0.0,  0, 0.0000,  1217, 0.0,36.6, 0.0
M3,14/07/22,12:10:34,     1, 11344,   416, 1024.7, 300, 0.0, 0.0, 0.0,  0, 0.0000,  1217, 0.0,36.6, 0.0
M3,14/07/22,12:10:35,     1, 11345,   416, 1024.7, 300, 0.0, 0.0, 0.0,  0, 0.0000,  1217, 0.0,36.6, 0.0
M3,14/07/22,12:10:36,     1, 11346,   416, 1024.7, 300, 0.0, 0.0, 0.0,  0, 0.0000,  1216, 0.0,36.6, 0.0
M3,14/07/22,12:10:37,     1, 11347,   416, 1024.7, 300, 0.0, 0.0, 0.0,  0, 0.0000,  1213, 0.0,36.7, 0.0
M3,14/07/22,12:10:38,     1, 11348,   416, 1024.7, 300, 0.0, 0.0, 0.0,  0, 0.0000,  1211, 0.0,36.7, 0.0
M3,14/07/22,12:10:39,     1, 11349,   416, 1024.7, 300, 0.0, 0.0, 0.0,  0, 0.0000,  1219, 0.0,36.7, 0.0
M3,14/07/22,12:10:40,     1, 11350,   417, 1024.7, 300, 0.0, 0.0, 0.0,  0, 0.0000,  1228, 0.0,36.7, 0.0
M3,14/07/22,12:10:41,     1, 11351,   417, 1024.7, 300, 0.0, 0.0, 0.0,  0, 0.0000,  1227, 0.0,36.7, 0.0
M3,14/07/22,12:10:42,     1, 11352,   417, 1024.7, 300, 0.0, 0.0, 0.0,  0, 0.0000,  1258, 0.0,36.7, 0.0
M3,14/07/22,12:10:43,     1, 11353,   417, 1024.7, 300, 0.0, 0.0, 0.0,  0, 0.0000,  1279, 0.0,36.7, 0.0
M3,14/07/22,12:10:44,     1, 11354,   417, 1024.6, 300, 0.0, 0.0, 0.0,  0, 0.0000,  1273, 0.0,36.7, 0.0
M3,14/07/22,12:10:45,     1, 11355,   417, 1024.6, 300, 0.0, 0.0, 0.0,  0, 0.0000,  1270, 0.0,36.7, 0.0
M3,14/07/22,12:10:46,     1, 11356,   416, 1024.6, 300, 0.0, 0.0, 0.0,  0, 0.0000,  1271, 0.0,36.7, 0.0
M3,14/07/22,12:10:47,     1, 11357,   417, 1024.6, 300, 0.0, 0.0, 0.0,  0, 0.0000,  1267, 0.0,36.7, 0.0
M3,14/07/22,12:10:48,     1, 11358,   417, 1024.6, 300, 0.0, 0.0, 0.0,  0, 0.0000,  1271, 0.0,36.7, 0.0
M3,14/07/22,12:10:49,     1, 11359,   416, 1024.7, 300, 0.0, 0.0, 0.0,  0, 0.0000,  1287, 0.0,36.7, 0.0
M3,14/07/22,12:10:50,     1, 11360,   416, 1024.7, 300, 0.0, 0.0, 0.0,  0, 0.0000,  1300, 0.0,36.7, 0.0
M3,14/07/22,12:10:51,     1, 11361,   416, 1024.7, 300, 0.0, 0.0, 0.0,  0, 0.0000,  1250, 0.0,36.7, 0.0
M3,14/07/22,12:10:52,     1, 11362,   416, 1024.7, 300, 0.0, 0.0, 0.0,  0, 0.0000,  1269, 0.0,36.7, 0.0
M3,14/07/22,12:10:53,     1, 11363,   416, 1024.7, 300, 0.0, 0.0, 0.0,  0, 0.0000,  1278, 0.0,36.7, 0.0
M3,14/07/22,12:10:54,     1, 11364,   416, 1024.7, 300, 0.0, 0.0, 0.0,  0, 0.0000,  1302, 0.0,36.7, 0.0
M3,14/07/22,12:10:55,     1, 11365,   416, 1024.7, 300, 0.0, 0.0, 0.0,  0, 0.0000,  1308, 0.0,36.7, 0.0
M3,14/07/22,12:10:56,     1, 11366,   416, 1024.7, 300, 0.0, 0.0, 0.0,  0, 0.0000,  1328, 0.0,36.8, 0.0
M3,14/07/22,12:10:57,     1, 11367,   416, 1024.7, 300, 0.0, 0.0, 0.0,  0, 0.0000,  1305, 0.0,36.8, 0.0
M3,14/07/22,12:10:58,     1, 11368,   416, 1024.7, 300, 0.0, 0.0, 0.0,  0, 0.0000,  1315, 0.0,36.8, 0.0
M3,14/07/22,12:10:59,     1, 11369,   416, 1024.7, 300, 0.0, 0.0, 0.0,  0, 0.0000,  1331, 0.0,36.8, 0.0
M3,14/07/22,12:11:00,     1, 11370,   417, 1024.7, 300, 0.0, 0.0, 0.0,  0, 0.0000,  1344, 0.0,36.8, 0.0
M3,14/07/22,12:11:01,     1, 11371,   417, 1024.7, 300, 0.0, 0.0, 0.0,  0, 0.0000,  1352, 0.0,36.8, 0.0
M3,14/07/22,12:11:02,     1, 11372,   417, 1024.7, 300, 0.0, 0.0, 0.0,  0, 0.0000,  1348, 0.0,36.8, 0.0
M3,14/07/22,12:11:03,     1, 11373,   417, 1024.7, 300, 0.0, 0.0, 0.0,  0, 0.0000,  1340, 0.0,36.8, 0.0
M3,14/07/22,12:11:04,     1, 11374,   417, 1024.7, 300, 0.0, 0.0, 0.0,  0, 0.0000,  1359, 0.0,36.8, 0.0
M3,14/07/22,12:11:05,     1, 11375,   416, 1024.7, 300, 0.0, 0.0, 0.0,  0, 0.0000,  1360, 0.0,36.8, 0.0
M3,14/07/22,12:11:06,     1, 11376,   416, 1024.7, 300, 0.0, 0.0, 0.0,  0, 0.0000,  1360, 0.0,36.8, 0.0
M3,14/07/22,12:11:07,     1, 11377,   416, 1024.7, 300, 0.0, 0.0, 0.0,  0, 0.0000,  1362, 0.0,36.8, 0.0
M3,14/07/22,12:11:08,     1, 11378,   416, 1024.7, 300, 0.0, 0.0, 0.0,  0, 0.0000,  1362, 0.0,36.8, 0.0
M3,14/07/22,12:11:09,     1, 11379,   416, 1024.7, 300, 0.0, 0.0, 0.0,  0, 0.0000,  1362, 0.0,36.8, 0.0
M3,14/07/22,12:11:10,     1, 11380,   416, 1024.7, 300, 0.0, 0.0, 0.0,  0, 0.0000,  1362, 0.0,36.8, 0.0
M3,14/07/22,12:11:11,     1, 11381,   416, 1024.7, 300, 0.0, 0.0, 0.0,  0, 0.0000,  1362, 0.0,36.8, 0.0
M3,14/07/22,12:11:12,     1, 11382,   417, 1024.7, 300, 0.0, 0.0, 0.0,  0, 0.0000,  1360, 0.0,36.8, 0.0
M3,14/07/22,12:11:13,     1, 11383,   417, 1024.7, 300, 0.0, 0.0, 0.0,  0, 0.0000,  1362, 0.0,36.8, 0.0
M3,14/07/22,12:11:14,     1, 11384,   417, 1024.7, 300, 0.0, 0.0, 0.0,  0, 0.0000,  1361, 0.0,36.8, 0.0
M3,14/07/22,12:11:15,     1, 11385,   417, 1024.7, 300, 0.0, 0.0, 0.0,  0, 0.0000,  1359, 0.0,36.8, 0.0
M3,14/07/22,12:11:16,     1, 11386,   417, 1024.7, 300, 0.0, 0.0, 0.0,  0, 0.0000,  1354, 0.0,36.8, 0.0
M3,14/07/22,12:11:17,     1, 11387,   417, 1024.7, 300, 0.0, 0.0, 0.0,  0, 0.0000,  1355, 0.0,36.9, 0.0
M3,14/07/22,12:11:18,     1, 11388,   417, 1024.7, 300, 0.0, 0.0, 0.0,  0, 0.0000,  1344, 0.0,36.9, 0.0
M3,14/07/22,12:11:19,     1, 11389,   417, 1024.7, 300, 0.0, 0.0, 0.0,  0, 0.0000,  1324, 0.0,36.9, 0.0
M3,14/07/22,12:11:20,     1, 11390,   417, 1024.7, 300, 0.0, 0.0, 0.0,  0, 0.0000,  1334, 0.0,36.9, 0.0
M3,14/07/22,12:11:21,     1, 11391,   417, 1024.7, 300, 0.0, 0.0, 0.0,  0, 0.0000,  1327, 0.0,36.9, 0.0
M3,14/07/22,12:11:22,     1, 11392,   417, 1024.7, 300, 0.0, 0.0, 0.0,  0, 0.0000,  1331, 0.0,36.9, 0.0
M3,14/07/22,12:11:23,     1, 11393,   417, 1024.7, 300, 0.0, 0.0, 0.0,  0, 0.0000,  1338, 0.0,36.9, 0.0
M3,14/07/22,12:11:24,     1, 11394,   417, 1024.7, 300, 0.0, 0.0, 0.0,  0, 0.0000,  1341, 0.0,36.9, 0.0
M3,14/07/22,12:11:25,     1, 11395,   417, 1024.7, 300, 0.0, 0.0, 0.0,  0, 0.0000,  1340, 0.0,36.9, 0.0
M3,14/07/22,12:11:26,     1, 11396,   417, 1024.7, 300, 0.0, 0.0, 0.0,  0, 0.0000,  1341, 0.0,36.9, 0.0
M3,14/07/22,12:11:27,     1, 11397,   417, 1024.7, 300, 0.0, 0.0, 0.0,  0, 0.0000,  1341, 0.0,36.9, 0.0
M3,14/07/22,12:11:28,     1, 11398,   417, 1024.7, 300, 0.0, 0.0, 0.0,  0, 0.0000,  1284, 0.0,36.9, 0.0
M3,14/07/22,12:11:29,     1, 11399,   417, 1024.7, 300, 0.0, 0.0, 0.0, 24, 0.0000,  1281, 0.0,36.9, 0.0
M3,14/07/22,12:11:30,     1, 11400,   417, 1024.7, 300, 0.0, 0.0, 0.0, 24, 0.0000,  1297, 0.0,36.9, 0.0
M3,14/07/22,12:11:31,     1, 11401,   417, 1024.7, 300, 0.0, 0.0, 0.0, 24, 0.0000,  1312, 0.0,36.9, 0.0
M3,14/07/22,12:11:33,     1, 11402,   417, 1024.7, 300, 0.0, 0.0, 0.0, 24, 0.0000,  1312, 0.0,36.9, 0.0
M3,14/07/22,12:11:34,     1, 11403,   417, 1024.7, 300, 0.0, 0.0, 0.0, 24, 0.0000,  1312, 0.0,36.9, 0.0
M3,14/07/22,12:11:35,     1, 11404,   417, 1024.7, 300, 0.0, 0.0, 0.0,  0, 0.0000,  1310, 0.0,36.9, 0.0
M3,14/07/22,12:11:36,     1, 11405,   417, 1024.7, 300, 0.0, 0.0, 0.0,  0, 0.0000,  1302, 0.0,36.9, 0.0
M3,14/07/22,12:11:37,     1, 11406,   417, 1024.7, 300, 0.0, 0.0, 0.0,  0, 0.0000,  1295, 0.0,37.0, 0.0
M3,14/07/22,12:11:38,     1, 11407,   417, 1024.7, 300, 0.0, 0.0, 0.0,  0, 0.0000,  1306, 0.0,37.0, 0.0
M3,14/07/22,12:11:39,     1, 11408,   417, 1024.7, 300, 0.0, 0.0, 0.0,  0, 0.0000,  1312, 0.0,37.0, 0.0
M3,14/07/22,12:11:40,     1, 11409,   417, 1024.6, 300, 0.0, 0.0, 0.0,  0, 0.0000,  1315, 0.0,37.0, 0.0
M3,14/07/22,12:11:41,     1, 11410,   418, 1024.6, 300, 0.0, 0.0, 0.0,  0, 0.0000,  1322, 0.0,37.0, 0.0
M3,14/07/22,12:11:42,     1, 11411,   418, 1024.6, 300, 0.0, 0.0, 0.0,  0, 0.0000,  1324, 0.0,37.0, 0.0
M3,14/07/22,12:11:43,     1, 11412,   418, 1024.6, 300, 0.0, 0.0, 0.0,  0, 0.0000,  1326, 0.0,37.0, 0.0
M3,14/07/22,12:11:44,     1, 11413,   417, 1024.6, 300, 0.0, 0.0, 0.0,  0, 0.0000,  1326, 0.0,37.0, 0.0
M3,14/07/22,12:11:45,     1, 11414,   418, 1024.6, 300, 0.0, 0.0, 0.0,  0, 0.0000,  1325, 0.0,37.0, 0.0
M3,14/07/22,12:11:46,     1, 11415,   418, 1024.6, 300, 0.0, 0.0, 0.0,  0, 0.0000,  1324, 0.0,37.0, 0.0
M3,14/07/22,12:11:47,     1, 11416,   418, 1024.7, 300, 0.0, 0.0, 0.0,  0, 0.0000,  1308, 0.0,37.0, 0.0
