Tag(M3),Date,Time,Plot_No,Rec_No,CO2,Pressure,Flow,H2O,Tsen,O2,Error,Aux_V,PAR,Tsoil,Tair,Msoil
M3,13/07/22,12:11:17,     1, 12448,   403, 1015.5, 300, 0.0, 0.0, 0.0, 61, 0.0000,     1, 0.0,26.7, 0.0
M3,13/07/22,12:11:18,     1, 12449,   403, 1015.5, 300, 0.0, 0.0, 0.0,  0, 0.0000,     1, 0.0,26.7, 0.0
M3,13/07/22,12:11:19,     1, 12450,   403, 1015.5, 300, 0.0, 0.0, 0.0,  0, 0.0000,     1, 0.0,26.7, 0.0
M3,13/07/22,12:11:20,     1, 12451,   403, 1015.5, 300, 0.0, 0.0, 0.0,  0, 0.0000,     1, 0.0,26.7, 0.0
M3,13/07/22,12:11:21,     1, 12452,   403, 1015.5, 300, 0.0, 0.0, 0.0,  0, 0.0000,     0, 0.0,26.7, 0.0
M3,13/07/22,12:11:22,     1, 12453,   403, 1015.5, 300, 0.0, 0.0, 0.0,  0, 0.0000,     1, 0.0,26.7, 0.0
M3,13/07/22,12:11:23,     1, 12454,   403, 1015.5, 300, 0.0, 0.0, 0.0,  0, 0.0000,     0, 0.0,26.7, 0.0
M3,13/07/22,12:11:24,     1, 12455,   403, 1015.5, 300, 0.0, 0.0, 0.0,  0, 0.0000,     0, 0.0,26.7, 0.0
M3,13/07/22,12:11:25,     1, 12456,   403, 1015.5, 300, 0.0, 0.0, 0.0,  0, 0.0000,     0, 0.0,26.7, 0.0
M3,13/07/22,12:11:26,     1, 12457,   403, 1015.5, 300, 0.0, 0.0, 0.0,  0, 0.0000,     0, 0.0,26.7, 0.0
M3,13/07/22,12:11:27,     1, 12458,   403, 1015.5, 300, 0.0, 0.0, 0.0,  0, 0.0000,     0, 0.0,26.7, 0.0
M3,13/07/22,12:11:28,     1, 12459,   403, 1015.5, 300, 0.0, 0.0, 0.0,  0, 0.0000,     0, 0.0,26.7, 0.0
M3,13/07/22,12:11:29,     1, 12460,   403, 1015.5, 300, 0.0, 0.0, 0.0,  0, 0.0000,     0, 0.0,26.7, 0.0
M3,13/07/22,12:11:30,     1, 12461,   403, 1015.5, 300, 0.0, 0.0, 0.0,  0, 0.0000,     0, 0.0,26.7, 0.0
M3,13/07/22,12:11:31,     1, 12462,   403, 1015.5, 300, 0.0, 0.0, 0.0,  0, 0.0000,     0, 0.0,26.7, 0.0
M3,13/07/22,12:11:32,     1, 12463,   403, 1015.5, 300, 0.0, 0.0, 0.0,  0, 0.0000,     0, 0.0,26.7, 0.0
M3,13/07/22,12:11:33,     1, 12464,   403, 1015.5, 300, 0.0, 0.0, 0.0,  0, 0.0000,     0, 0.0,26.7, 0.0
M3,13/07/22,12:11:34,     1, 12465,   403, 1015.5, 300, 0.0, 0.0, 0.0,  0, 0.0000,     0, 0.0,26.7, 0.0
M3,13/07/22,12:11:35,     1, 12466,   404, 1015.5, 300, 0.0, 0.0, 0.0,  0, 0.0000,     0, 0.0,26.7, 0.0
M3,13/07/22,12:11:36,     1, 12467,   404, 1015.5, 300, 0.0, 0.0, 0.0,  0, 0.0000,     0, 0.0,26.7, 0.0
M3,13/07/22,12:11:37,     1, 12468,   404, 1015.5, 300, 0.0, 0.0, 0.0,  0, 0.0000,     0, 0.0,26.7, 0.0
M3,13/07/22,12:11:38,     1, 12469,   404, 1015.5, 300, 0.0, 0.0, 0.0,  0, 0.0000,     0, 0.0,26.7, 0.0
M3,13/07/22,12:11:39,     1, 12470,   404, 1015.5, 300, 0.0, 0.0, 0.0,  0, 0.0000,     0, 0.0,26.7, 0.0
M3,13/07/22,12:11:40,     1, 12471,   403, 1015.5, 300, 0.0, 0.0, 0.0,  0, 0.0000,     0, 0.0,26.7, 0.0
M3,13/07/22,12:11:41,     1, 12472,   403, 1015.5, 300, 0.0, 0.0, 0.0,  0, 0.0000,     0, 0.0,26.7, 0.0
M3,13/07/22,12:11:42,     1, 12473,   403, 1015.5, 300, 0.0, 0.0, 0.0,  0, 0.0000,     0, 0.0,26.7, 0.0
M3,13/07/22,12:11:43,     1, 12474,   403, 1015.5, 300, 0.0, 0.0, 0.0,  0, 0.0000,     0, 0.0,26.7, 0.0
M3,13/07/22,12:11:44,     1, 12475,   403, 1015.5, 300, 0.0, 0.0, 0.0,  0, 0.0000,     0, 0.0,26.7, 0.0
M3,13/07/22,12:11:45,     1, 12476,   403, 1015.5, 300, 0.0, 0.0, 0.0,  0, 0.0000,     0, 0.0,26.7, 0.0
M3,13/07/22,12:11:46,     1, 12477,   404, 1015.5, 300, 0.0, 0.0, 0.0,  0, 0.0000,     0, 0.0,26.7, 0.0
M3,13/07/22,12:11:47,     1, 12478,   404, 1015.5, 300, 0.0, 0.0, 0.0,  0, 0.0000,     0, 0.0,26.7, 0.0
M3,13/07/22,12:11:48,     1, 12479,   403, 1015.5, 300, 0.0, 0.0, 0.0,  0, 0.0000,     0, 0.0,26.7, 0.0
M3,13/07/22,12:11:49,     1, 12480,   403, 1015.5, 300, 0.0, 0.0, 0.0,  0, 0.0000,     0, 0.0,26.7, 0.0
M3,13/07/22,12:11:50,     1, 12481,   403, 1015.5, 300, 0.0, 0.0, 0.0,  0, 0.0000,     0, 0.0,26.7, 0.0
M3,13/07/22,12:11:51,     1, 12482,   404, 1015.5, 300, 0.0, 0.0, 0.0,  0, 0.0000,     0, 0.0,26.6, 0.0
M3,13/07/22,12:11:52,     1, 12483,   404, 1015.5, 300, 0.0, 0.0, 0.0,  0, 0.0000,     0, 0.0,26.6, 0.0
M3,13/07/22,12:11:53,     1, 12484,   404, 1015.5, 300, 0.0, 0.0, 0.0,  0, 0.0000,     0, 0.0,26.6, 0.0
M3,13/07/22,12:11:54,     1, 12485,   404, 1015.5, 300, 0.0, 0.0, 0.0,  0, 0.0000,     0, 0.0,26.6, 0.0
M3,13/07/22,12:11:55,     1, 12486,   405, 1015.5, 300, 0.0, 0.0, 0.0,  0, 0.0000,     1, 0.0,26.6, 0.0
M3,13/07/22,12:11:56,     1, 12487,   405, 1015.5, 300, 0.0, 0.0, 0.0,  0, 0.0000,     0, 0.0,26.6, 0.0
M3,13/07/22,12:11:57,     1, 12488,   405, 1015.5, 300, 0.0, 0.0, 0.0,  0, 0.0000,     0, 0.0,26.6, 0.0
M3,13/07/22,12:11:58,     1, 12489,   405, 1015.5, 300, 0.0, 0.0, 0.0,  0, 0.0000,     0, 0.0,26.6, 0.0
M3,13/07/22,12:11:59,     1, 12490,   405, 1015.5, 300, 0.0, 0.0, 0.0,  0, 0.0000,     0, 0.0,26.6, 0.0
M3,13/07/22,12:12:00,     1, 12491,   405, 1015.5, 300, 0.0, 0.0, 0.0,  0, 0.0000,     0, 0.0,26.6, 0.0
M3,13/07/22,12:12:01,     1, 12492,   405, 1015.5, 300, 0.0, 0.0, 0.0,  0, 0.0000,     0, 0.0,26.6, 0.0
M3,13/07/22,12:12:02,     1, 12493,   405, 1015.5, 300, 0.0, 0.0, 0.0,  0, 0.0000,     0, 0.0,26.6, 0.0
M3,13/07/22,12:12:03,     1, 12494,   405, 1015.5, 300, 0.0, 0.0, 0.0,  0, 0.0000,     0, 0.0,26.6, 0.0
M3,13/07/22,12:12:04,     1, 12495,   405, 1015.5, 300, 0.0, 0.0, 0.0,  0, 0.0000,     0, 0.0,26.6, 0.0
M3,13/07/22,12:12:05,     1, 12496,   405, 1015.5, 300, 0.0, 0.0, 0.0,  0, 0.0000,     0, 0.0,26.6, 0.0
M3,13/07/22,12:12:06,     1, 12497,   406, 1015.5, 300, 0.0, 0.0, 0.0,  0, 0.0000,     0, 0.0,26.6, 0.0
M3,13/07/22,12:12:07,     1, 12498,   406, 1015.5, 300, 0.0, 0.0, 0.0,  0, 0.0000,     0, 0.0,26.6, 0.0
M3,13/07/22,12:12:08,     1, 12499,   406, 1015.5, 300, 0.0, 0.0, 0.0,  0, 0.0000,     0, 0.0,26.6, 0.0
M3,13/07/22,12:12:09,     1, 12500,   406, 1015.5, 300, 0.0, 0.0, 0.0,  0, 0.0000,     0, 0.0,26.6, 0.0
M3,13/07/22,12:12:10,     1, 12501,   406, 1015.5, 300, 0.0, 0.0, 0.0,  0, 0.0000,     0, 0.0,26.6, 0.0
M3,13/07/22,12:12:11,     1, 12502,   406, 1015.5, 300, 0.0, 0.0, 0.0,  0, 0.0000,     0, 0.0,26.6, 0.0
M3,13/07/22,12:12:12,     1, 12503,   407, 1015.5, 300, 0.0, 0.0, 0.0,  0, 0.0000,     0, 0.0,26.6, 0.0
M3,13/07/22,12:12:13,     1, 12504,   407, 1015.5, 300, 0.0, 0.0, 0.0,  0, 0.0000,     0, 0.0,26.6, 0.0
M3,13/07/22,12:12:14,     1, 12505,   407, 1015.5, 300, 0.0, 0.0, 0.0,  0, 0.0000,     0, 0.0,26.6, 0.0
M3,13/07/22,12:12:15,     1, 12506,   407, 1015.5, 300, 0.0, 0.0, 0.0,  0, 0.0000,     0, 0.0,26.6, 0.0
M3,13/07/22,12:12:16,     1, 12507,   407, 1015.5, 300, 0.0, 0.0, 0.0,  0, 0.0000,     0, 0.0,26.6, 0.0
M3,13/07/22,12:12:17,     1, 12508,   407, 1015.5, 300, 0.0, 0.0, 0.0,  0, 0.0000,     0, 0.0,26.6, 0.0
M3,13/07/22,12:12:18,     1, 12509,   407, 1015.5, 300, 0.0, 0.0, 0.0,  0, 0.0000,     0, 0.0,26.6, 0.0
M3,13/07/22,12:12:19,     1, 12510,   407, 1015.5, 300, 0.0, 0.0, 0.0,  0, 0.0000,     0, 0.0,26.6, 0.0
M3,13/07/22,12:12:20,     1, 12511,   407, 1015.5, 300, 0.0, 0.0, 0.0,  0, 0.0000,     0, 0.0,26.6, 0.0
M3,13/07/22,12:12:21,     1, 12512,   407, 1015.5, 300, 0.0, 0.0, 0.0,  0, 0.0000,     0, 0.0,26.6, 0.0
M3,13/07/22,12:12:22,     1, 12513,   407, 1015.5, 300, 0.0, 0.0, 0.0,  0, 0.0000,     0, 0.0,26.6, 0.0
M3,13/07/22,12:12:23,     1, 12514,   407, 1015.5, 300, 0.0, 0.0, 0.0,  0, 0.0000,     0, 0.0,26.6, 0.0
M3,13/07/22,12:12:24,     1, 12515,   407, 1015.5, 300, 0.0, 0.0, 0.0,  0, 0.0000,     0, 0.0,26.6, 0.0
M3,13/07/22,12:12:25,     1, 12516,   407, 1015.5, 300, 0.0, 0.0, 0.0,  0, 0.0000,     0, 0.0,26.6, 0.0
M3,13/07/22,12:12:26,     1, 12517,   408, 1015.5, 300, 0.0, 0.0, 0.0,  0, 0.0000,     0, 0.0,26.6, 0.0
M3,13/07/22,12:12:27,     1, 12518,   408, 1015.5, 300, 0.0, 0.0, 0.0,  0, 0.0000,     0, 0.0,26.6, 0.0
M3,13/07/22,12:12:28,     1, 12519,   408, 1015.5, 300, 0.0, 0.0, 0.0,  0, 0.0000,     0, 0.0,26.6, 0.0
M3,13/07/22,12:12:29,     1, 12520,   408, 1015.5, 300, 0.0, 0.0, 0.0,  0, 0.0000,     0, 0.0,26.5, 0.0
M3,13/07/22,12:12:30,     1, 12521,   408, 1015.5, 300, 0.0, 0.0, 0.0,  0, 0.0000,     0, 0.0,26.5, 0.0
M3,13/07/22,12:12:31,     1, 12522,   409, 1015.5, 300, 0.0, 0.0, 0.0,  0, 0.0000,     0, 0.0,26.5, 0.0
M3,13/07/22,12:12:32,     1, 12523,   409, 1015.5, 300, 0.0, 0.0, 0.0,  0, 0.0000,     0, 0.0,26.5, 0.0
M3,13/07/22,12:12:33,     1, 12524,   409, 1015.5, 300, 0.0, 0.0, 0.0,  0, 0.0000,     0, 0.0,26.5, 0.0
M3,13/07/22,12:12:34,     1, 12525,   409, 1015.5, 300, 0.0, 0.0, 0.0,  0, 0.0000,     0, 0.0,26.5, 0.0
M3,13/07/22,12:12:35,     1, 12526,   408, 1015.5, 300, 0.0, 0.0, 0.0,  0, 0.0000,     0, 0.0,26.5, 0.0
M3,13/07/22,12:12:36,     1, 12527,   408, 1015.5, 300, 0.0, 0.0, 0.0,  0, 0.0000,     0, 0.0,26.5, 0.0
M3,13/07/22,12:12:37,     1, 12528,   408, 1015.5, 300, 0.0, 0.0, 0.0,  0, 0.0000,     0, 0.0,26.5, 0.0
M3,13/07/22,12:12:38,     1, 12529,   409, 1015.5, 300, 0.0, 0.0, 0.0,  0, 0.0000,     0, 0.0,26.5, 0.0
M3,13/07/22,12:12:39,     1, 12530,   409, 1015.5, 300, 0.0, 0.0, 0.0,  0, 0.0000,     0, 0.0,26.5, 0.0
M3,13/07/22,12:12:40,     1, 12531,   410, 1015.5, 300, 0.0, 0.0, 0.0,  0, 0.0000,     0, 0.0,26.5, 0.0
M3,13/07/22,12:12:41,     1, 12532,   410, 1015.5, 300, 0.0, 0.0, 0.0,  0, 0.0000,     0, 0.0,26.5, 0.0
M3,13/07/22,12:12:42,     1, 12533,   410, 1015.5, 300, 0.0, 0.0, 0.0,  0, 0.0000,     0, 0.0,26.5, 0.0
M3,13/07/22,12:12:43,     1, 12534,   410, 1015.5, 300, 0.0, 0.0, 0.0,  0, 0.0000,     0, 0.0,26.5, 0.0
M3,13/07/22,12:12:44,     1, 12535,   410, 1015.5, 300, 0.0, 0.0, 0.0,  0, 0.0000,     0, 0.0,26.5, 0.0
M3,13/07/22,12:12:45,     1, 12536,   410, 1015.5, 300, 0.0, 0.0, 0.0,  0, 0.0000,     0, 0.0,26.5, 0.0
M3,13/07/22,12:12:46,     1, 12537,   410, 1015.5, 300, 0.0, 0.0, 0.0,  0, 0.0000,     0, 0.0,26.5, 0.0
M3,13/07/22,12:12:47,     1, 12538,   410, 1015.5, 300, 0.0, 0.0, 0.0,  0, 0.0000,     0, 0.0,26.5, 0.0
M3,13/07/22,12:12:48,     1, 12539,   410, 1015.5, 300, 0.0, 0.0, 0.0,  0, 0.0000,     0, 0.0,26.5, 0.0
M3,13/07/22,12:12:49,     1, 12540,   410, 1015.5, 300, 0.0, 0.0, 0.0,  0, 0.0000,     0, 0.0,26.5, 0.0
M3,13/07/22,12:12:50,     1, 12541,   410, 1015.5, 300, 0.0, 0.0, 0.0,  0, 0.0000,     0, 0.0,26.5, 0.0
M3,13/07/22,12:12:51,     1, 12542,   410, 1015.5, 300, 0.0, 0.0, 0.0,  0, 0.0000,     0, 0.0,26.5, 0.0
M3,13/07/22,12:12:52,     1, 12543,   410, 1015.5, 300, 0.0, 0.0, 0.0,  0, 0.0000,     0, 0.0,26.5, 0.0
M3,13/07/22,12:12:53,     1, 12544,   411, 1015.5, 300, 0.0, 0.0, 0.0,  0, 0.0000,     0, 0.0,26.5, 0.0
M3,13/07/22,12:12:54,     1, 12545,   411, 1015.5, 300, 0.0, 0.0, 0.0,  0, 0.0000,     0, 0.0,26.5, 0.0
M3,13/07/22,12:12:55,     1, 12546,   411, 1015.5, 300, 0.0, 0.0, 0.0,  0, 0.0000,     0, 0.0,26.5, 0.0
M3,13/07/22,12:12:56,     1, 12547,   411, 1015.5, 300, 0.0, 0.0, 0.0,  0, 0.0000,     0, 0.0,26.5, 0.0
M3,13/07/22,12:12:57,     1, 12548,   412, 1015.5, 300, 0.0, 0.0, 0.0,  0, 0.0000,     0, 0.0,26.5, 0.0
M3,13/07/22,12:12:58,     1, 12549,   412, 1015.5, 300, 0.0, 0.0, 0.0,  0, 0.0000,     0, 0.0,26.5, 0.0
M3,13/07/22,12:12:59,     1, 12550,   412, 1015.5, 300, 0.0, 0.0, 0.0,  0, 0.0000,     0, 0.0,26.5, 0.0
M3,13/07/22,12:13:00,     1, 12551,   412, 1015.5, 300, 0.0, 0.0, 0.0,  0, 0.0000,     0, 0.0,26.5, 0.0
M3,13/07/22,12:13:01,     1, 12552,   412, 1015.5, 300, 0.0, 0.0, 0.0,  0, 0.0000,     0, 0.0,26.5, 0.0
M3,13/07/22,12:13:02,     1, 12553,   412, 1015.5, 300, 0.0, 0.0, 0.0,  0, 0.0000,     0, 0.0,26.5, 0.0
M3,13/07/22,12:13:03,     1, 12554,   412, 1015.5, 300, 0.0, 0.0, 0.0,  0, 0.0000,     0, 0.0,26.5, 0.0
M3,13/07/22,12:13:04,     1, 12555,   411, 1015.5, 300, 0.0, 0.0, 0.0,  0, 0.0000,     0, 0.0,26.5, 0.0
M3,13/07/22,12:13:05,     1, 12556,   411, 1015.5, 300, 0.0, 0.0, 0.0,  0, 0.0000,     0, 0.0,26.5, 0.0
M3,13/07/22,12:13:06,     1, 12557,   412, 1015.5, 300, 0.0, 0.0, 0.0,  0, 0.0000,     0, 0.0,26.5, 0.0
M3,13/07/22,12:13:07,     1, 12558,   412, 1015.5, 300, 0.0, 0.0, 0.0,  0, 0.0000,     0, 0.0,26.5, 0.0
M3,13/07/22,12:13:08,     1, 12559,   413, 1015.5, 300, 0.0, 0.0, 0.0,  0, 0.0000,     0, 0.0,26.4, 0.0
M3,13/07/22,12:13:09,     1, 12560,   413, 1015.5, 300, 0.0, 0.0, 0.0,  0, 0.0000,     0, 0.0,26.4, 0.0
M3,13/07/22,12:13:10,     1, 12561,   413, 1015.5, 300, 0.0, 0.0, 0.0,  0, 0.0000,     0, 0.0,26.4, 0.0
M3,13/07/22,12:13:11,     1, 12562,   413, 1015.5, 300, 0.0, 0.0, 0.0,  0, 0.0000,     0, 0.0,26.4, 0.0
M3,13/07/22,12:13:13,     1, 12563,   413, 1015.5, 300, 0.0, 0.0, 0.0,  0, 0.0000,     0, 0.0,26.4, 0.0
M3,13/07/22,12:13:14,     1, 12564,   413, 1015.5, 300, 0.0, 0.0, 0.0,  0, 0.0000,     0, 0.0,26.4, 0.0
M3,13/07/22,12:13:15,     1, 12565,   413, 1015.5, 300, 0.0, 0.0, 0.0,  0, 0.0000,     0, 0.0,26.4, 0.0
M3,13/07/22,12:13:16,     1, 12566,   413, 1015.5, 300, 0.0, 0.0, 0.0,  0, 0.0000,     0, 0.0,26.4, 0.0
M3,13/07/22,12:13:17,     1, 12567,   413, 1015.5, 300, 0.0, 0.0, 0.0,  0, 0.0000,     0, 0.0,26.4, 0.0
M3,13/07/22,12:13:18,     1, 12568,   414, 1015.5, 300, 0.0, 0.0, 0.0,  0, 0.0000,     0, 0.0,26.4, 0.0
M3,13/07/22,12:13:19,     1, 12569,   414, 1015.5, 300, 0.0, 0.0, 0.0,  0, 0.0000,     0, 0.0,26.4, 0.0
M3,13/07/22,12:13:20,     1, 12570,   414, 1015.5, 300, 0.0, 0.0, 0.0,  0, 0.0000,     0, 0.0,26.4, 0.0
M3,13/07/22,12:13:21,     1, 12571,   414, 1015.5, 300, 0.0, 0.0, 0.0,  0, 0.0000,     0, 0.0,26.4, 0.0
M3,13/07/22,12:13:22,     1, 12572,   414, 1015.5, 300, 0.0, 0.0, 0.0,  0, 0.0000,     0, 0.0,26.4, 0.0
M3,13/07/22,12:13:23,     1, 12573,   414, 1015.5, 300, 0.0, 0.0, 0.0,  0, 0.0000,     0, 0.0,26.4, 0.0
M3,13/07/22,12:13:24,     1, 12574,   414, 1015.5, 300, 0.0, 0.0, 0.0,  0, 0.0000,     0, 0.0,26.4, 0.0
M3,13/07/22,12:13:25,     1, 12575,   414, 1015.5, 300, 0.0, 0.0, 0.0,  0, 0.0000,     0, 0.0,26.4, 0.0
M3,13/07/22,12:13:26,     1, 12576,   414, 1015.5, 300, 0.0, 0.0, 0.0,  0, 0.0000,     0, 0.0,26.4, 0.0
M3,13/07/22,12:13:27,     1, 12577,   415, 1015.5, 300, 0.0, 0.0, 0.0,  0, 0.0000,     0, 0.0,26.4, 0.0
M3,13/07/22,12:13:28,     1, 12578,   415, 1015.5, 300, 0.0, 0.0, 0.0,  0, 0.0000,     0, 0.0,26.4, 0.0
M3,13/07/22,12:13:29,     1, 12579,   415, 1015.5, 300, 0.0, 0.0, 0.0,  0, 0.0000,     0, 0.0,26.4, 0.0
