Tag(M3),Date,Time,Plot_No,Rec_No,CO2,Pressure,Flow,H2O,Tsen,O2,Error,Aux_V,PAR,Tsoil,Tair,Msoil
M3,13/07/22,10:00:27,     1,  4654,   408, 1014.5, 300, 0.0, 0.0, 0.0, 61, 0.0000,     1, 0.0,24.2, 0.0
M3,13/07/22,10:00:28,     1,  4655,   408, 1014.5, 300, 0.0, 0.0, 0.0,  0, 0.0000,     1, 0.0,24.2, 0.0
M3,13/07/22,10:00:29,     1,  4656,   407, 1014.5, 300, 0.0, 0.0, 0.0,  0, 0.0000,     1, 0.0,24.2, 0.0
M3,13/07/22,10:00:30,     1,  4657,   407, 1014.5, 300, 0.0, 0.0, 0.0,  0, 0.0000,     1, 0.0,24.2, 0.0
M3,13/07/22,10:00:31,     1,  4658,   407, 1014.5, 300, 0.0, 0.0, 0.0,  0, 0.0000,     1, 0.0,24.2, 0.0
M3,13/07/22,10:00:32,     1,  4659,   407, 1014.5, 300, 0.0, 0.0, 0.0,  0, 0.0000,     1, 0.0,24.2, 0.0
M3,13/07/22,10:00:33,     1,  4660,   407, 1014.5, 300, 0.0, 0.0, 0.0,  0, 0.0000,     1, 0.0,24.2, 0.0
M3,13/07/22,10:00:34,     1,  4661,   407, 1014.5, 300, 0.0, 0.0, 0.0,  0, 0.0000,     1, 0.0,24.2, 0.0
M3,13/07/22,10:00:35,     1,  4662,   407, 1014.5, 300, 0.0, 0.0, 0.0,  0, 0.0000,     1, 0.0,24.2, 0.0
M3,13/07/22,10:00:36,     1,  4663,   407, 1014.5, 300, 0.0, 0.0, 0.0,  0, 0.0000,     1, 0.0,24.2, 0.0
M3,13/07/22,10:00:37,     1,  4664,   408, 1014.5, 300, 0.0, 0.0, 0.0,  0, 0.0000,     1, 0.0,24.2, 0.0
M3,13/07/22,10:00:38,     1,  4665,   408, 1014.5, 300, 0.0, 0.0, 0.0,  0, 0.0000,     1, 0.0,24.2, 0.0
M3,13/07/22,10:00:39,     1,  4666,   407, 1014.5, 300, 0.0, 0.0, 0.0,  0, 0.0000,     1, 0.0,24.2, 0.0
M3,13/07/22,10:00:40,     1,  4667,   407, 1014.5, 300, 0.0, 0.0, 0.0,  0, 0.0000,     1, 0.0,24.2, 0.0
M3,13/07/22,10:00:41,     1,  4668,   407, 1014.5, 300, 0.0, 0.0, 0.0,  0, 0.0000,     1, 0.0,24.2, 0.0
M3,13/07/22,10:00:42,     1,  4669,   407, 1014.5, 300, 0.0, 0.0, 0.0,  0, 0.0000,     1, 0.0,24.2, 0.0
M3,13/07/22,10:00:43,     1,  4670,   407, 1014.5, 300, 0.0, 0.0, 0.0,  0, 0.0000,     1, 0.0,24.2, 0.0
M3,13/07/22,10:00:44,     1,  4671,   408, 1014.5, 300, 0.0, 0.0, 0.0,  0, 0.0000,     1, 0.0,24.2, 0.0
M3,13/07/22,10:00:45,     1,  4672,   408, 1014.5, 300, 0.0, 0.0, 0.0,  0, 0.0000,     1, 0.0,24.2, 0.0
M3,13/07/22,10:00:46,     1,  4673,   408, 1014.5, 300, 0.0, 0.0, 0.0,  0, 0.0000,     1, 0.0,24.2, 0.0
M3,13/07/22,10:00:47,     1,  4674,   408, 1014.5, 300, 0.0, 0.0, 0.0,  0, 0.0000,     1, 0.0,24.2, 0.0
M3,13/07/22,10:00:48,     1,  4675,   408, 1014.5, 300, 0.0, 0.0, 0.0,  0, 0.0000,     1, 0.0,24.2, 0.0
M3,13/07/22,10:00:49,     1,  4676,   407, 1014.5, 300, 0.0, 0.0, 0.0,  0, 0.0000,     1, 0.0,24.2, 0.0
M3,13/07/22,10:00:50,     1,  4677,   407, 1014.5, 300, 0.0, 0.0, 0.0,  0, 0.0000,     1, 0.0,24.2, 0.0
M3,13/07/22,10:00:51,     1,  4678,   408, 1014.5, 300, 0.0, 0.0, 0.0,  0, 0.0000,     1, 0.0,24.2, 0.0
M3,13/07/22,10:00:52,     1,  4679,   408, 1014.5, 300, 0.0, 0.0, 0.0,  0, 0.0000,     1, 0.0,24.2, 0.0
M3,13/07/22,10:00:53,     1,  4680,   408, 1014.5, 300, 0.0, 0.0, 0.0,  0, 0.0000,     1, 0.0,24.2, 0.0
M3,13/07/22,10:00:54,     1,  4681,   408, 1014.5, 300, 0.0, 0.0, 0.0,  0, 0.0000,     1, 0.0,24.2, 0.0
M3,13/07/22,10:00:55,     1,  4682,   408, 1014.5, 300, 0.0, 0.0, 0.0,  0, 0.0000,     1, 0.0,24.2, 0.0
M3,13/07/22,10:00:56,     1,  4683,   408, 1014.5, 300, 0.0, 0.0, 0.0,  0, 0.0000,     1, 0.0,24.2, 0.0
M3,13/07/22,10:00:57,     1,  4684,   408, 1014.5, 300, 0.0, 0.0, 0.0,  0, 0.0000,     1, 0.0,24.2, 0.0
M3,13/07/22,10:00:58,     1,  4685,   408, 1014.5, 300, 0.0, 0.0, 0.0,  0, 0.0000,     1, 0.0,24.2, 0.0
M3,13/07/22,10:00:59,     1,  4686,   408, 1014.5, 300, 0.0, 0.0, 0.0,  0, 0.0000,     1, 0.0,24.2, 0.0
M3,13/07/22,10:01:00,     1,  4687,   408, 1014.5, 300, 0.0, 0.0, 0.0,  0, 0.0000,     1, 0.0,24.2, 0.0
M3,13/07/22,10:01:01,     1,  4688,   408, 1014.5, 300, 0.0, 0.0, 0.0,  0, 0.0000,     1, 0.0,24.2, 0.0
M3,13/07/22,10:01:02,     1,  4689,   408, 1014.5, 300, 0.0, 0.0, 0.0,  0, 0.0000,     1, 0.0,24.2, 0.0
M3,13/07/22,10:01:03,     1,  4690,   408, 1014.5, 300, 0.0, 0.0, 0.0,  0, 0.0000,     1, 0.0,24.2, 0.0
M3,13/07/22,10:01:04,     1,  4691,   408, 1014.5, 300, 0.0, 0.0, 0.0,  0, 0.0000,     1, 0.0,24.2, 0.0
M3,13/07/22,10:01:05,     1,  4692,   407, 1014.5, 300, 0.0, 0.0, 0.0,  0, 0.0000,     1, 0.0,24.2, 0.0
M3,13/07/22,10:01:06,     1,  4693,   407, 1014.5, 300, 0.0, 0.0, 0.0,  0, 0.0000,     1, 0.0,24.2, 0.0
M3,13/07/22,10:01:07,     1,  4694,   408, 1014.5, 300, 0.0, 0.0, 0.0,  0, 0.0000,     1, 0.0,24.2, 0.0
M3,13/07/22,10:01:08,     1,  4695,   408, 1014.5, 300, 0.0, 0.0, 0.0,  0, 0.0000,     1, 0.0,24.2, 0.0
M3,13/07/22,10:01:09,     1,  4696,   408, 1014.5, 299, 0.0, 0.0, 0.0,  0, 0.0000,     1, 0.0,24.2, 0.0
M3,13/07/22,10:01:10,     1,  4697,   407, 1014.5, 300, 0.0, 0.0, 0.0,  0, 0.0000,     1, 0.0,24.2, 0.0
M3,13/07/22,10:01:11,     1,  4698,   407, 1014.5, 300, 0.0, 0.0, 0.0,  0, 0.0000,     1, 0.0,24.2, 0.0
M3,13/07/22,10:01:12,     1,  4699,   407, 1014.5, 300, 0.0, 0.0, 0.0,  0, 0.0000,     1, 0.0,24.2, 0.0
M3,13/07/22,10:01:13,     1,  4700,   407, 1014.5, 300, 0.0, 0.0, 0.0,  0, 0.0000,     1, 0.0,24.2, 0.0
M3,13/07/22,10:01:14,     1,  4701,   406, 1014.5, 300, 0.0, 0.0, 0.0,  0, 0.0000,     1, 0.0,24.2, 0.0
M3,13/07/22,10:01:15,     1,  4702,   405, 1014.5, 300, 0.0, 0.0, 0.0,  0, 0.0000,     1, 0.0,24.2, 0.0
M3,13/07/22,10:01:16,     1,  4703,   405, 1014.5, 300, 0.0, 0.0, 0.0,  0, 0.0000,     1, 0.0,24.2, 0.0
M3,13/07/22,10:01:17,     1,  4704,   405, 1014.5, 300, 0.0, 0.0, 0.0,  0, 0.0000,     1, 0.0,24.2, 0.0
M3,13/07/22,10:01:18,     1,  4705,   405, 1014.5, 300, 0.0, 0.0, 0.0,  0, 0.0000,     1, 0.0,24.2, 0.0
M3,13/07/22,10:01:19,     1,  4706,   405, 1014.5, 300, 0.0, 0.0, 0.0,  0, 0.0000,     1, 0.0,24.2, 0.0
M3,13/07/22,10:01:20,     1,  4707,   404, 1014.5, 300, 0.0, 0.0, 0.0,  0, 0.0000,     1, 0.0,24.2, 0.0
M3,13/07/22,10:01:21,     1,  4708,   404, 1014.5, 300, 0.0, 0.0, 0.0,  0, 0.0000,     1, 0.0,24.2, 0.0
M3,13/07/22,10:01:22,     1,  4709,   404, 1014.5, 300, 0.0, 0.0, 0.0,  0, 0.0000,     1, 0.0,24.2, 0.0
M3,13/07/22,10:01:23,     1,  4710,   404, 1014.5, 300, 0.0, 0.0, 0.0,  0, 0.0000,     1, 0.0,24.2, 0.0
M3,13/07/22,10:01:24,     1,  4711,   405, 1014.5, 300, 0.0, 0.0, 0.0,  0, 0.0000,     1, 0.0,24.2, 0.0
M3,13/07/22,10:01:25,     1,  4712,   405, 1014.5, 300, 0.0, 0.0, 0.0,  0, 0.0000,     2, 0.0,24.1, 0.0
M3,13/07/22,10:01:26,     1,  4713,   405, 1014.5, 300, 0.0, 0.0, 0.0,  0, 0.0000,     2, 0.0,24.1, 0.0
M3,13/07/22,10:01:27,     1,  4714,   405, 1014.5, 300, 0.0, 0.0, 0.0,  0, 0.0000,     1, 0.0,24.1, 0.0
M3,13/07/22,10:01:28,     1,  4715,   404, 1014.5, 300, 0.0, 0.0, 0.0,  0, 0.0000,     1, 0.0,24.1, 0.0
M3,13/07/22,10:01:29,     1,  4716,   404, 1014.5, 300, 0.0, 0.0, 0.0,  0, 0.0000,     2, 0.0,24.1, 0.0
M3,13/07/22,10:01:30,     1,  4717,   404, 1014.5, 300, 0.0, 0.0, 0.0,  0, 0.0000,     2, 0.0,24.1, 0.0
M3,13/07/22,10:01:32,     1,  4718,   404, 1014.5, 300, 0.0, 0.0, 0.0,  0, 0.0000,     2, 0.0,24.1, 0.0
M3,13/07/22,10:01:33,     1,  4719,   404, 1014.5, 300, 0.0, 0.0, 0.0,  0, 0.0000,     2, 0.0,24.1, 0.0
M3,13/07/22,10:01:34,     1,  4720,   404, 1014.5, 300, 0.0, 0.0, 0.0,  0, 0.0000,     2, 0.0,24.1, 0.0
M3,13/07/22,10:01:35,     1,  4721,   404, 1014.5, 300, 0.0, 0.0, 0.0,  0, 0.0000,     2, 0.0,24.1, 0.0
M3,13/07/22,10:01:36,     1,  4722,   404, 1014.5, 300, 0.0, 0.0, 0.0,  0, 0.0000,     2, 0.0,24.1, 0.0
M3,13/07/22,10:01:37,     1,  4723,   404, 1014.5, 300, 0.0, 0.0, 0.0,  0, 0.0000,     2, 0.0,24.1, 0.0
M3,13/07/22,10:01:38,     1,  4724,   404, 1014.5, 300, 0.0, 0.0, 0.0,  0, 0.0000,     2, 0.0,24.1, 0.0
M3,13/07/22,10:01:39,     1,  4725,   404, 1014.5, 300, 0.0, 0.0, 0.0,  0, 0.0000,     2, 0.0,24.1, 0.0
M3,13/07/22,10:01:40,     1,  4726,   404, 1014.5, 300, 0.0, 0.0, 0.0,  0, 0.0000,     2, 0.0,24.1, 0.0
M3,13/07/22,10:01:41,     1,  4727,   404, 1014.5, 300, 0.0, 0.0, 0.0,  0, 0.0000,     2, 0.0,24.1, 0.0
M3,13/07/22,10:01:42,     1,  4728,   404, 1014.5, 300, 0.0, 0.0, 0.0,  0, 0.0000,     2, 0.0,24.1, 0.0
M3,13/07/22,10:01:43,     1,  4729,   404, 1014.5, 300, 0.0, 0.0, 0.0,  0, 0.0000,     2, 0.0,24.1, 0.0
M3,13/07/22,10:01:44,     1,  4730,   404, 1014.5, 300, 0.0, 0.0, 0.0,  0, 0.0000,     2, 0.0,24.1, 0.0
M3,13/07/22,10:01:45,     1,  4731,   404, 1014.5, 300, 0.0, 0.0, 0.0,  0, 0.0000,     2, 0.0,24.1, 0.0
M3,13/07/22,10:01:46,     1,  4732,   404, 1014.4, 300, 0.0, 0.0, 0.0,  0, 0.0000,     2, 0.0,24.1, 0.0
M3,13/07/22,10:01:47,     1,  4733,   404, 1014.4, 300, 0.0, 0.0, 0.0,  0, 0.0000,     2, 0.0,24.1, 0.0
M3,13/07/22,10:01:48,     1,  4734,   404, 1014.4, 300, 0.0, 0.0, 0.0,  0, 0.0000,     3, 0.0,24.1, 0.0
M3,13/07/22,10:01:49,     1,  4735,   404, 1014.4, 300, 0.0, 0.0, 0.0,  0, 0.0000,     3, 0.0,24.1, 0.0
M3,13/07/22,10:01:50,     1,  4736,   404, 1014.4, 300, 0.0, 0.0, 0.0,  0, 0.0000,     3, 0.0,24.1, 0.0
M3,13/07/22,10:01:51,     1,  4737,   405, 1014.4, 300, 0.0, 0.0, 0.0,  0, 0.0000,     3, 0.0,24.1, 0.0
M3,13/07/22,10:01:52,     1,  4738,   405, 1014.4, 300, 0.0, 0.0, 0.0,  0, 0.0000,     3, 0.0,24.1, 0.0
M3,13/07/22,10:01:53,     1,  4739,   405, 1014.4, 300, 0.0, 0.0, 0.0,  0, 0.0000,     3, 0.0,24.1, 0.0
M3,13/07/22,10:01:54,     1,  4740,   405, 1014.4, 300, 0.0, 0.0, 0.0,  0, 0.0000,     3, 0.0,24.1, 0.0
M3,13/07/22,10:01:55,     1,  4741,   405, 1014.5, 300, 0.0, 0.0, 0.0,  0, 0.0000,     3, 0.0,24.1, 0.0
M3,13/07/22,10:01:56,     1,  4742,   405, 1014.5, 300, 0.0, 0.0, 0.0,  0, 0.0000,     3, 0.0,24.1, 0.0
M3,13/07/22,10:01:57,     1,  4743,   405, 1014.5, 300, 0.0, 0.0, 0.0,  0, 0.0000,     3, 0.0,24.1, 0.0
M3,13/07/22,10:01:58,     1,  4744,   405, 1014.5, 300, 0.0, 0.0, 0.0,  0, 0.0000,     2, 0.0,24.1, 0.0
M3,13/07/22,10:01:59,     1,  4745,   405, 1014.5, 300, 0.0, 0.0, 0.0,  0, 0.0000,     3, 0.0,24.1, 0.0
M3,13/07/22,10:02:00,     1,  4746,   405, 1014.5, 300, 0.0, 0.0, 0.0,  0, 0.0000,     3, 0.0,24.1, 0.0
M3,13/07/22,10:02:01,     1,  4747,   405, 1014.5, 300, 0.0, 0.0, 0.0,  0, 0.0000,     2, 0.0,24.1, 0.0
M3,13/07/22,10:02:02,     1,  4748,   405, 1014.5, 300, 0.0, 0.0, 0.0,  0, 0.0000,     2, 0.0,24.1, 0.0
M3,13/07/22,10:02:03,     1,  4749,   405, 1014.5, 300, 0.0, 0.0, 0.0,  0, 0.0000,     2, 0.0,24.1, 0.0
M3,13/07/22,10:02:04,     1,  4750,   405, 1014.5, 300, 0.0, 0.0, 0.0,  0, 0.0000,     1, 0.0,24.1, 0.0
M3,13/07/22,10:02:05,     1,  4751,   405, 1014.5, 300, 0.0, 0.0, 0.0,  0, 0.0000,     2, 0.0,24.1, 0.0
M3,13/07/22,10:02:06,     1,  4752,   406, 1014.5, 300, 0.0, 0.0, 0.0,  0, 0.0000,     1, 0.0,24.1, 0.0
M3,13/07/22,10:02:07,     1,  4753,   405, 1014.5, 300, 0.0, 0.0, 0.0,  0, 0.0000,     1, 0.0,24.1, 0.0
M3,13/07/22,10:02:08,     1,  4754,   405, 1014.5, 300, 0.0, 0.0, 0.0,  0, 0.0000,     1, 0.0,24.1, 0.0
M3,13/07/22,10:02:09,     1,  4755,   405, 1014.5, 300, 0.0, 0.0, 0.0,  0, 0.0000,     1, 0.0,24.1, 0.0
M3,13/07/22,10:02:10,     1,  4756,   405, 1014.5, 300, 0.0, 0.0, 0.0,  0, 0.0000,     1, 0.0,24.1, 0.0
M3,13/07/22,10:02:11,     1,  4757,   406, 1014.5, 300, 0.0, 0.0, 0.0,  0, 0.0000,     1, 0.0,24.1, 0.0
M3,13/07/22,10:02:12,     1,  4758,   406, 1014.5, 300, 0.0, 0.0, 0.0,  0, 0.0000,     1, 0.0,24.1, 0.0
M3,13/07/22,10:02:13,     1,  4759,   405, 1014.5, 300, 0.0, 0.0, 0.0,  0, 0.0000,     1, 0.0,24.1, 0.0
M3,13/07/22,10:02:14,     1,  4760,   405, 1014.5, 300, 0.0, 0.0, 0.0,  0, 0.0000,     1, 0.0,24.0, 0.0
M3,13/07/22,10:02:15,     1,  4761,   405, 1014.5, 300, 0.0, 0.0, 0.0,  0, 0.0000,     1, 0.0,24.0, 0.0
M3,13/07/22,10:02:16,     1,  4762,   405, 1014.5, 300, 0.0, 0.0, 0.0,  0, 0.0000,     1, 0.0,24.0, 0.0
M3,13/07/22,10:02:17,     1,  4763,   405, 1014.5, 300, 0.0, 0.0, 0.0,  0, 0.0000,     1, 0.0,24.0, 0.0
M3,13/07/22,10:02:18,     1,  4764,   405, 1014.5, 300, 0.0, 0.0, 0.0,  0, 0.0000,     0, 0.0,24.0, 0.0
M3,13/07/22,10:02:19,     1,  4765,   405, 1014.5, 300, 0.0, 0.0, 0.0,  0, 0.0000,     0, 0.0,24.0, 0.0
M3,13/07/22,10:02:20,     1,  4766,   405, 1014.5, 299, 0.0, 0.0, 0.0,  0, 0.0000,     0, 0.0,24.0, 0.0
M3,13/07/22,10:02:21,     1,  4767,   404, 1014.5, 300, 0.0, 0.0, 0.0,  0, 0.0000,     0, 0.0,24.0, 0.0
M3,13/07/22,10:02:22,     1,  4768,   404, 1014.5, 300, 0.0, 0.0, 0.0,  0, 0.0000,     1, 0.0,24.0, 0.0
M3,13/07/22,10:02:23,     1,  4769,   404, 1014.5, 300, 0.0, 0.0, 0.0,  0, 0.0000,     1, 0.0,24.0, 0.0
M3,13/07/22,10:02:24,     1,  4770,   404, 1014.5, 300, 0.0, 0.0, 0.0,  0, 0.0000,     1, 0.0,24.0, 0.0
M3,13/07/22,10:02:25,     1,  4771,   404, 1014.5, 300, 0.0, 0.0, 0.0,  0, 0.0000,     1, 0.0,24.0, 0.0
M3,13/07/22,10:02:26,     1,  4772,   404, 1014.5, 300, 0.0, 0.0, 0.0,  0, 0.0000,     1, 0.0,24.0, 0.0
M3,13/07/22,10:02:27,     1,  4773,   404, 1014.5, 300, 0.0, 0.0, 0.0,  0, 0.0000,     1, 0.0,24.0, 0.0
M3,13/07/22,10:02:28,     1,  4774,   405, 1014.5, 300, 0.0, 0.0, 0.0,  0, 0.0000,     2, 0.0,24.0, 0.0
M3,13/07/22,10:02:29,     1,  4775,   405, 1014.5, 300, 0.0, 0.0, 0.0,  0, 0.0000,     2, 0.0,24.0, 0.0
M3,13/07/22,10:02:30,     1,  4776,   405, 1014.5, 300, 0.0, 0.0, 0.0,  0, 0.0000,     2, 0.0,24.0, 0.0
M3,13/07/22,10:02:31,     1,  4777,   405, 1014.5, 300, 0.0, 0.0, 0.0,  0, 0.0000,     2, 0.0,24.0, 0.0
M3,13/07/22,10:02:32,     1,  4778,   405, 1014.5, 300, 0.0, 0.0, 0.0,  0, 0.0000,     2, 0.0,24.0, 0.0
M3,13/07/22,10:02:33,     1,  4779,   405, 1014.5, 300, 0.0, 0.0, 0.0,  0, 0.0000,     2, 0.0,24.0, 0.0
M3,13/07/22,10:02:34,     1,  4780,   405, 1014.5, 300, 0.0, 0.0, 0.0,  0, 0.0000,     2, 0.0,24.0, 0.0
M3,13/07/22,10:02:35,     1,  4781,   405, 1014.5, 300, 0.0, 0.0, 0.0,  0, 0.0000,     2, 0.0,24.0, 0.0
M3,13/07/22,10:02:36,     1,  4782,   405, 1014.5, 300, 0.0, 0.0, 0.0,  0, 0.0000,     2, 0.0,24.0, 0.0
M3,13/07/22,10:02:37,     1,  4783,   405, 1014.5, 300, 0.0, 0.0, 0.0,  0, 0.0000,     2, 0.0,24.0, 0.0
M3,13/07/22,10:02:38,     1,  4784,   405, 1014.5, 300, 0.0, 0.0, 0.0,  0, 0.0000,     2, 0.0,24.0, 0.0
M3,13/07/22,10:02:39,     1,  4785,   405, 1014.5, 300, 0.0, 0.0, 0.0,  0, 0.0000,     2, 0.0,24.0, 0.0
M3,13/07/22,10:02:40,     1,  4786,   405, 1014.5, 300, 0.0, 0.0, 0.0,  0, 0.0000,     2, 0.0,24.0, 0.0
M3,13/07/22,10:02:41,     1,  4787,   405, 1014.5, 300, 0.0, 0.0, 0.0,  0, 0.0000,     2, 0.0,24.0, 0.0
M3,13/07/22,10:02:42,     1,  4788,   405, 1014.5, 300, 0.0, 0.0, 0.0,  0, 0.0000,     2, 0.0,24.0, 0.0
M3,13/07/22,10:02:43,     1,  4789,   405, 1014.5, 300, 0.0, 0.0, 0.0,  0, 0.0000,     2, 0.0,24.0, 0.0
M3,13/07/22,10:02:44,     1,  4790,   405, 1014.5, 300, 0.0, 0.0, 0.0,  0, 0.0000,     2, 0.0,24.0, 0.0
M3,13/07/22,10:02:45,     1,  4791,   405, 1014.5, 300, 0.0, 0.0, 0.0,  0, 0.0000,     2, 0.0,24.0, 0.0
