Tag(M3),Date,Time,Plot_No,Rec_No,CO2,Pressure,Flow,H2O,Tsen,O2,Error,Aux_V,PAR,Tsoil,Tair,Msoil
M3,27/07/22,10:11:13,     1,  2261,   393, 1016.7, 300, 0.0, 0.0, 0.0, 61, 0.0000,     0, 0.0,25.0, 0.0
M3,27/07/22,10:11:14,     1,  2262,   392, 1016.7, 300, 0.0, 0.0, 0.0,  0, 0.0000,     0, 0.0,25.0, 0.0
M3,27/07/22,10:11:15,     1,  2263,   392, 1016.7, 300, 0.0, 0.0, 0.0,  0, 0.0000,     0, 0.0,25.0, 0.0
M3,27/07/22,10:11:16,     1,  2264,   392, 1016.7, 300, 0.0, 0.0, 0.0,  0, 0.0000,     0, 0.0,25.0, 0.0
M3,27/07/22,10:11:18,     1,  2265,   392, 1016.7, 299, 0.0, 0.0, 0.0,  0, 0.0000,     0, 0.0,25.0, 0.0
M3,27/07/22,10:11:19,     1,  2266,   392, 1016.7, 300, 0.0, 0.0, 0.0,  0, 0.0000,     0, 0.0,25.0, 0.0
M3,27/07/22,10:11:20,     1,  2267,   392, 1016.7, 300, 0.0, 0.0, 0.0,  0, 0.0000,     0, 0.0,25.0, 0.0
M3,27/07/22,10:11:21,     1,  2268,   392, 1016.7, 300, 0.0, 0.0, 0.0,  0, 0.0000,     0, 0.0,25.0, 0.0
M3,27/07/22,10:11:22,     1,  2269,   392, 1016.7, 300, 0.0, 0.0, 0.0,  0, 0.0000,     0, 0.0,25.0, 0.0
M3,27/07/22,10:11:23,     1,  2270,   392, 1016.7, 300, 0.0, 0.0, 0.0,  0, 0.0000,     0, 0.0,25.0, 0.0
M3,27/07/22,10:11:24,     1,  2271,   393, 1016.7, 300, 0.0, 0.0, 0.0,  0, 0.0000,     0, 0.0,25.0, 0.0
M3,27/07/22,10:11:25,     1,  2272,   393, 1016.7, 300, 0.0, 0.0, 0.0,  0, 0.0000,     0, 0.0,25.0, 0.0
M3,27/07/22,10:11:26,     1,  2273,   393, 1016.7, 300, 0.0, 0.0, 0.0,  0, 0.0000,     0, 0.0,25.0, 0.0
M3,27/07/22,10:11:27,     1,  2274,   394, 1016.7, 300, 0.0, 0.0, 0.0,  0, 0.0000,     0, 0.0,25.0, 0.0
M3,27/07/22,10:11:28,     1,  2275,   394, 1016.7, 300, 0.0, 0.0, 0.0,  0, 0.0000,     0, 0.0,25.0, 0.0
M3,27/07/22,10:11:29,     1,  2276,   394, 1016.7, 300, 0.0, 0.0, 0.0,  0, 0.0000,     0, 0.0,25.0, 0.0
M3,27/07/22,10:11:30,     1,  2277,   394, 1016.7, 300, 0.0, 0.0, 0.0,  0, 0.0000,     0, 0.0,25.0, 0.0
M3,27/07/22,10:11:31,     1,  2278,   394, 1016.7, 300, 0.0, 0.0, 0.0,  0, 0.0000,     0, 0.0,25.0, 0.0
M3,27/07/22,10:11:32,     1,  2279,   394, 1016.7, 300, 0.0, 0.0, 0.0,  0, 0.0000,     0, 0.0,25.0, 0.0
M3,27/07/22,10:11:33,     1,  2280,   394, 1016.7, 300, 0.0, 0.0, 0.0,  0, 0.0000,     0, 0.0,25.0, 0.0
M3,27/07/22,10:11:34,     1,  2281,   394, 1016.7, 300, 0.0, 0.0, 0.0,  0, 0.0000,     0, 0.0,25.0, 0.0
M3,27/07/22,10:11:35,     1,  2282,   394, 1016.8, 300, 0.0, 0.0, 0.0,  0, 0.0000,     0, 0.0,25.0, 0.0
M3,27/07/22,10:11:36,     1,  2283,   394, 1016.8, 300, 0.0, 0.0, 0.0,  0, 0.0000,     0, 0.0,25.0, 0.0
M3,27/07/22,10:11:37,     1,  2284,   395, 1016.8, 300, 0.0, 0.0, 0.0,  0, 0.0000,     0, 0.0,25.0, 0.0
M3,27/07/22,10:11:38,     1,  2285,   395, 1016.8, 300, 0.0, 0.0, 0.0,  0, 0.0000,     0, 0.0,25.0, 0.0
M3,27/07/22,10:11:39,     1,  2286,   395, 1016.8, 300, 0.0, 0.0, 0.0,  0, 0.0000,     0, 0.0,25.0, 0.0
M3,27/07/22,10:11:40,     1,  2287,   395, 1016.8, 300, 0.0, 0.0, 0.0,  0, 0.0000,     0, 0.0,25.0, 0.0
M3,27/07/22,10:11:41,     1,  2288,   395, 1016.8, 300, 0.0, 0.0, 0.0,  0, 0.0000,     0, 0.0,25.0, 0.0
M3,27/07/22,10:11:42,     1,  2289,   394, 1016.8, 300, 0.0, 0.0, 0.0,  0, 0.0000,     0, 0.0,25.0, 0.0
M3,27/07/22,10:11:43,     1,  2290,   394, 1016.8, 300, 0.0, 0.0, 0.0,  0, 0.0000,     0, 0.0,25.0, 0.0
M3,27/07/22,10:11:44,     1,  2291,   395, 1016.8, 300, 0.0, 0.0, 0.0,  0, 0.0000,     0, 0.0,25.0, 0.0
M3,27/07/22,10:11:45,     1,  2292,   395, 1016.8, 300, 0.0, 0.0, 0.0,  0, 0.0000,     0, 0.0,25.0, 0.0
M3,27/07/22,10:11:46,     1,  2293,   396, 1016.8, 299, 0.0, 0.0, 0.0,  0, 0.0000,     0, 0.0,25.0, 0.0
M3,27/07/22,10:11:47,     1,  2294,   397, 1016.8, 300, 0.0, 0.0, 0.0,  0, 0.0000,     0, 0.0,25.0, 0.0
M3,27/07/22,10:11:48,     1,  2295,   397, 1016.8, 301, 0.0, 0.0, 0.0,  0, 0.0000,     0, 0.0,25.0, 0.0
M3,27/07/22,10:11:49,     1,  2296,   396, 1016.8, 300, 0.0, 0.0, 0.0,  0, 0.0000,     0, 0.0,25.0, 0.0
M3,27/07/22,10:11:50,     1,  2297,   396, 1016.8, 300, 0.0, 0.0, 0.0,  0, 0.0000,     0, 0.0,25.0, 0.0
M3,27/07/22,10:11:51,     1,  2298,   395, 1016.8, 300, 0.0, 0.0, 0.0,  0, 0.0000,     0, 0.0,25.0, 0.0
M3,27/07/22,10:11:52,     1,  2299,   395, 1016.8, 300, 0.0, 0.0, 0.0,  0, 0.0000,     0, 0.0,25.0, 0.0
M3,27/07/22,10:11:53,     1,  2300,   395, 1016.8, 300, 0.0, 0.0, 0.0,  0, 0.0000,     0, 0.0,25.0, 0.0
M3,27/07/22,10:11:54,     1,  2301,   395, 1016.8, 300, 0.0, 0.0, 0.0,  0, 0.0000,     0, 0.0,25.0, 0.0
M3,27/07/22,10:11:55,     1,  2302,   396, 1016.8, 300, 0.0, 0.0, 0.0,  0, 0.0000,     0, 0.0,25.0, 0.0
M3,27/07/22,10:11:56,     1,  2303,   396, 1016.8, 300, 0.0, 0.0, 0.0,  0, 0.0000,     0, 0.0,25.0, 0.0
M3,27/07/22,10:11:57,     1,  2304,   396, 1016.8, 300, 0.0, 0.0, 0.0,  0, 0.0000,     0, 0.0,25.0, 0.0
M3,27/07/22,10:11:58,     1,  2305,   396, 1016.8, 300, 0.0, 0.0, 0.0,  0, 0.0000,     0, 0.0,25.0, 0.0
M3,27/07/22,10:11:59,     1,  2306,   396, 1016.8, 300, 0.0, 0.0, 0.0,  0, 0.0000,     0, 0.0,25.0, 0.0
M3,27/07/22,10:12:00,     1,  2307,   395, 1016.8, 300, 0.0, 0.0, 0.0,  0, 0.0000,     0, 0.0,25.0, 0.0
M3,27/07/22,10:12:01,     1,  2308,   396, 1016.8, 300, 0.0, 0.0, 0.0,  0, 0.0000,     0, 0.0,25.0, 0.0
M3,27/07/22,10:12:02,     1,  2309,   396, 1016.8, 300, 0.0, 0.0, 0.0,  0, 0.0000,     0, 0.0,25.0, 0.0
M3,27/07/22,10:12:03,     1,  2310,   396, 1016.8, 300, 0.0, 0.0, 0.0,  0, 0.0000,     0, 0.0,24.9, 0.0
M3,27/07/22,10:12:04,     1,  2311,   397, 1016.8, 300, 0.0, 0.0, 0.0,  0, 0.0000,     0, 0.0,24.9, 0.0
M3,27/07/22,10:12:05,     1,  2312,   397, 1016.8, 300, 0.0, 0.0, 0.0,  0, 0.0000,     0, 0.0,24.9, 0.0
M3,27/07/22,10:12:06,     1,  2313,   397, 1016.8, 300, 0.0, 0.0, 0.0,  0, 0.0000,     0, 0.0,24.9, 0.0
M3,27/07/22,10:12:07,     1,  2314,   398, 1016.8, 300, 0.0, 0.0, 0.0,  0, 0.0000,     0, 0.0,24.9, 0.0
M3,27/07/22,10:12:08,     1,  2315,   399, 1016.8, 300, 0.0, 0.0, 0.0,  0, 0.0000,     0, 0.0,24.9, 0.0
M3,27/07/22,10:12:09,     1,  2316,   400, 1016.8, 300, 0.0, 0.0, 0.0,  0, 0.0000,     0, 0.0,24.9, 0.0
M3,27/07/22,10:12:10,     1,  2317,   401, 1016.8, 300, 0.0, 0.0, 0.0,  0, 0.0000,     0, 0.0,24.9, 0.0
M3,27/07/22,10:12:11,     1,  2318,   402, 1016.8, 300, 0.0, 0.0, 0.0,  0, 0.0000,     0, 0.0,24.9, 0.0
M3,27/07/22,10:12:12,     1,  2319,   402, 1016.8, 300, 0.0, 0.0, 0.0,  0, 0.0000,     0, 0.0,24.9, 0.0
M3,27/07/22,10:12:13,     1,  2320,   401, 1016.8, 300, 0.0, 0.0, 0.0,  0, 0.0000,     0, 0.0,24.9, 0.0
M3,27/07/22,10:12:14,     1,  2321,   399, 1016.8, 300, 0.0, 0.0, 0.0,  0, 0.0000,     0, 0.0,24.9, 0.0
M3,27/07/22,10:12:15,     1,  2322,   399, 1016.8, 300, 0.0, 0.0, 0.0,  0, 0.0000,     0, 0.0,24.9, 0.0
M3,27/07/22,10:12:16,     1,  2323,   398, 1016.8, 300, 0.0, 0.0, 0.0,  0, 0.0000,     0, 0.0,24.9, 0.0
M3,27/07/22,10:12:17,     1,  2324,   398, 1016.8, 300, 0.0, 0.0, 0.0,  0, 0.0000,     0, 0.0,24.9, 0.0
M3,27/07/22,10:12:18,     1,  2325,   398, 1016.8, 300, 0.0, 0.0, 0.0,  0, 0.0000,     0, 0.0,24.9, 0.0
M3,27/07/22,10:12:19,     1,  2326,   398, 1016.7, 300, 0.0, 0.0, 0.0,  0, 0.0000,     0, 0.0,24.9, 0.0
M3,27/07/22,10:12:20,     1,  2327,   398, 1016.7, 300, 0.0, 0.0, 0.0,  0, 0.0000,     0, 0.0,24.9, 0.0
M3,27/07/22,10:12:21,     1,  2328,   398, 1016.7, 300, 0.0, 0.0, 0.0,  0, 0.0000,     0, 0.0,24.9, 0.0
M3,27/07/22,10:12:22,     1,  2329,   398, 1016.7, 300, 0.0, 0.0, 0.0,  0, 0.0000,     0, 0.0,24.9, 0.0
M3,27/07/22,10:12:23,     1,  2330,   399, 1016.7, 300, 0.0, 0.0, 0.0,  0, 0.0000,     0, 0.0,24.9, 0.0
M3,27/07/22,10:12:24,     1,  2331,   399, 1016.8, 300, 0.0, 0.0, 0.0,  0, 0.0000,     0, 0.0,24.9, 0.0
M3,27/07/22,10:12:25,     1,  2332,   399, 1016.8, 300, 0.0, 0.0, 0.0,  0, 0.0000,     0, 0.0,24.9, 0.0
M3,27/07/22,10:12:26,     1,  2333,   399, 1016.8, 300, 0.0, 0.0, 0.0,  0, 0.0000,     0, 0.0,24.9, 0.0
M3,27/07/22,10:12:27,     1,  2334,   399, 1016.8, 300, 0.0, 0.0, 0.0,  0, 0.0000,     0, 0.0,24.9, 0.0
M3,27/07/22,10:12:28,     1,  2335,   399, 1016.8, 300, 0.0, 0.0, 0.0,  0, 0.0000,     0, 0.0,24.9, 0.0
M3,27/07/22,10:12:29,     1,  2336,   399, 1016.8, 300, 0.0, 0.0, 0.0,  0, 0.0000,     0, 0.0,24.9, 0.0
M3,27/07/22,10:12:30,     1,  2337,   399, 1016.8, 300, 0.0, 0.0, 0.0,  0, 0.0000,     0, 0.0,24.9, 0.0
M3,27/07/22,10:12:31,     1,  2338,   399, 1016.8, 300, 0.0, 0.0, 0.0,  0, 0.0000,     0, 0.0,24.9, 0.0
M3,27/07/22,10:12:32,     1,  2339,   399, 1016.7, 300, 0.0, 0.0, 0.0,  0, 0.0000,     0, 0.0,24.9, 0.0
M3,27/07/22,10:12:33,     1,  2340,   399, 1016.7, 300, 0.0, 0.0, 0.0,  0, 0.0000,     0, 0.0,24.9, 0.0
M3,27/07/22,10:12:34,     1,  2341,   399, 1016.7, 300, 0.0, 0.0, 0.0,  0, 0.0000,     0, 0.0,24.9, 0.0
M3,27/07/22,10:12:35,     1,  2342,   399, 1016.7, 300, 0.0, 0.0, 0.0,  0, 0.0000,     0, 0.0,24.9, 0.0
M3,27/07/22,10:12:36,     1,  2343,   399, 1016.7, 300, 0.0, 0.0, 0.0,  0, 0.0000,     0, 0.0,24.9, 0.0
M3,27/07/22,10:12:37,     1,  2344,   399, 1016.7, 300, 0.0, 0.0, 0.0,  0, 0.0000,     0, 0.0,24.9, 0.0
M3,27/07/22,10:12:38,     1,  2345,   400, 1016.8, 300, 0.0, 0.0, 0.0,  0, 0.0000,     0, 0.0,24.9, 0.0
M3,27/07/22,10:12:39,     1,  2346,   400, 1016.8, 300, 0.0, 0.0, 0.0,  0, 0.0000,     0, 0.0,24.9, 0.0
M3,27/07/22,10:12:40,     1,  2347,   400, 1016.8, 300, 0.0, 0.0, 0.0,  0, 0.0000,     0, 0.0,24.9, 0.0
M3,27/07/22,10:12:41,     1,  2348,   400, 1016.8, 300, 0.0, 0.0, 0.0,  0, 0.0000,     0, 0.0,24.9, 0.0
M3,27/07/22,10:12:42,     1,  2349,   400, 1016.8, 300, 0.0, 0.0, 0.0,  0, 0.0000,     0, 0.0,24.9, 0.0
M3,27/07/22,10:12:43,     1,  2350,   400, 1016.8, 300, 0.0, 0.0, 0.0,  0, 0.0000,     0, 0.0,24.9, 0.0
M3,27/07/22,10:12:44,     1,  2351,   400, 1016.8, 300, 0.0, 0.0, 0.0,  0, 0.0000,     0, 0.0,24.9, 0.0
M3,27/07/22,10:12:45,     1,  2352,   400, 1016.8, 300, 0.0, 0.0, 0.0,  0, 0.0000,     0, 0.0,24.9, 0.0
M3,27/07/22,10:12:46,     1,  2353,   400, 1016.8, 300, 0.0, 0.0, 0.0,  0, 0.0000,     0, 0.0,24.9, 0.0
M3,27/07/22,10:12:47,     1,  2354,   400, 1016.8, 300, 0.0, 0.0, 0.0,  0, 0.0000,     0, 0.0,24.9, 0.0
M3,27/07/22,10:12:48,     1,  2355,   401, 1016.8, 300, 0.0, 0.0, 0.0,  0, 0.0000,     0, 0.0,24.9, 0.0
M3,27/07/22,10:12:49,     1,  2356,   401, 1016.7, 300, 0.0, 0.0, 0.0,  0, 0.0000,     0, 0.0,24.9, 0.0
M3,27/07/22,10:12:50,     1,  2357,   401, 1016.7, 300, 0.0, 0.0, 0.0,  0, 0.0000,     0, 0.0,24.9, 0.0
M3,27/07/22,10:12:51,     1,  2358,   401, 1016.7, 300, 0.0, 0.0, 0.0,  0, 0.0000,     0, 0.0,24.9, 0.0
M3,27/07/22,10:12:52,     1,  2359,   401, 1016.7, 300, 0.0, 0.0, 0.0,  0, 0.0000,     0, 0.0,24.9, 0.0
M3,27/07/22,10:12:53,     1,  2360,   401, 1016.7, 300, 0.0, 0.0, 0.0,  0, 0.0000,     0, 0.0,24.9, 0.0
M3,27/07/22,10:12:54,     1,  2361,   401, 1016.7, 300, 0.0, 0.0, 0.0,  0, 0.0000,     0, 0.0,24.9, 0.0
M3,27/07/22,10:12:55,     1,  2362,   401, 1016.7, 300, 0.0, 0.0, 0.0,  0, 0.0000,     0, 0.0,24.9, 0.0
M3,27/07/22,10:12:56,     1,  2363,   401, 1016.7, 300, 0.0, 0.0, 0.0,  0, 0.0000,     0, 0.0,24.9, 0.0
M3,27/07/22,10:12:57,     1,  2364,   401, 1016.7, 300, 0.0, 0.0, 0.0,  0, 0.0000,     0, 0.0,24.9, 0.0
M3,27/07/22,10:12:58,     1,  2365,   402, 1016.7, 300, 0.0, 0.0, 0.0,  0, 0.0000,     0, 0.0,24.9, 0.0
M3,27/07/22,10:12:59,     1,  2366,   402, 1016.7, 300, 0.0, 0.0, 0.0,  0, 0.0000,     0, 0.0,24.9, 0.0
M3,27/07/22,10:13:00,     1,  2367,   402, 1016.7, 300, 0.0, 0.0, 0.0,  0, 0.0000,     0, 0.0,24.9, 0.0
M3,27/07/22,10:13:01,     1,  2368,   403, 1016.7, 300, 0.0, 0.0, 0.0,  0, 0.0000,     0, 0.0,24.9, 0.0
M3,27/07/22,10:13:02,     1,  2369,   403, 1016.7, 300, 0.0, 0.0, 0.0,  0, 0.0000,     0, 0.0,24.9, 0.0
M3,27/07/22,10:13:03,     1,  2370,   403, 1016.7, 300, 0.0, 0.0, 0.0,  0, 0.0000,     0, 0.0,24.9, 0.0
M3,27/07/22,10:13:04,     1,  2371,   403, 1016.7, 300, 0.0, 0.0, 0.0,  0, 0.0000,     0, 0.0,24.9, 0.0
M3,27/07/22,10:13:05,     1,  2372,   403, 1016.7, 300, 0.0, 0.0, 0.0,  0, 0.0000,     0, 0.0,24.9, 0.0
M3,27/07/22,10:13:06,     1,  2373,   403, 1016.7, 300, 0.0, 0.0, 0.0,  0, 0.0000,     0, 0.0,24.9, 0.0
M3,27/07/22,10:13:07,     1,  2374,   403, 1016.8, 300, 0.0, 0.0, 0.0,  0, 0.0000,     0, 0.0,24.9, 0.0
M3,27/07/22,10:13:08,     1,  2375,   403, 1016.8, 300, 0.0, 0.0, 0.0,  0, 0.0000,     0, 0.0,24.9, 0.0
M3,27/07/22,10:13:09,     1,  2376,   403, 1016.8, 300, 0.0, 0.0, 0.0,  0, 0.0000,     0, 0.0,24.9, 0.0
M3,27/07/22,10:13:10,     1,  2377,   403, 1016.8, 300, 0.0, 0.0, 0.0,  0, 0.0000,     0, 0.0,24.9, 0.0
M3,27/07/22,10:13:11,     1,  2378,   403, 1016.8, 300, 0.0, 0.0, 0.0,  0, 0.0000,     0, 0.0,24.9, 0.0
M3,27/07/22,10:13:12,     1,  2379,   403, 1016.8, 300, 0.0, 0.0, 0.0,  0, 0.0000,     0, 0.0,24.9, 0.0
M3,27/07/22,10:13:13,     1,  2380,   403, 1016.8, 300, 0.0, 0.0, 0.0,  0, 0.0000,     0, 0.0,24.9, 0.0
M3,27/07/22,10:13:14,     1,  2381,   403, 1016.8, 300, 0.0, 0.0, 0.0,  0, 0.0000,     0, 0.0,24.9, 0.0
M3,27/07/22,10:13:15,     1,  2382,   403, 1016.8, 300, 0.0, 0.0, 0.0,  0, 0.0000,     0, 0.0,24.9, 0.0
M3,27/07/22,10:13:16,     1,  2383,   404, 1016.8, 300, 0.0, 0.0, 0.0,  0, 0.0000,     0, 0.0,24.9, 0.0
M3,27/07/22,10:13:17,     1,  2384,   404, 1016.8, 300, 0.0, 0.0, 0.0,  0, 0.0000,     0, 0.0,24.9, 0.0
M3,27/07/22,10:13:18,     1,  2385,   404, 1016.8, 300, 0.0, 0.0, 0.0,  0, 0.0000,     0, 0.0,24.8, 0.0
M3,27/07/22,10:13:19,     1,  2386,   404, 1016.7, 300, 0.0, 0.0, 0.0,  0, 0.0000,     0, 0.0,24.8, 0.0
M3,27/07/22,10:13:20,     1,  2387,   404, 1016.7, 300, 0.0, 0.0, 0.0,  0, 0.0000,     0, 0.0,24.8, 0.0
M3,27/07/22,10:13:21,     1,  2388,   404, 1016.7, 300, 0.0, 0.0, 0.0,  0, 0.0000,     0, 0.0,24.8, 0.0
M3,27/07/22,10:13:22,     1,  2389,   404, 1016.7, 300, 0.0, 0.0, 0.0,  0, 0.0000,     0, 0.0,24.8, 0.0
M3,27/07/22,10:13:23,     1,  2390,   404, 1016.7, 300, 0.0, 0.0, 0.0,  0, 0.0000,     0, 0.0,24.8, 0.0
M3,27/07/22,10:13:24,     1,  2391,   404, 1016.7, 300, 0.0, 0.0, 0.0,  0, 0.0000,     0, 0.0,24.8, 0.0
M3,27/07/22,10:13:25,     1,  2392,   404, 1016.7, 300, 0.0, 0.0, 0.0,  0, 0.0000,     0, 0.0,24.8, 0.0
M3,27/07/22,10:13:26,     1,  2393,   405, 1016.7, 300, 0.0, 0.0, 0.0,  0, 0.0000,     0, 0.0,24.8, 0.0
M3,27/07/22,10:13:27,     1,  2394,   405, 1016.7, 300, 0.0, 0.0, 0.0,  0, 0.0000,     0, 0.0,24.8, 0.0
M3,27/07/22,10:13:28,     1,  2395,   404, 1016.7, 300, 0.0, 0.0, 0.0,  0, 0.0000,     0, 0.0,24.8, 0.0
M3,27/07/22,10:13:29,     1,  2396,   404, 1016.7, 300, 0.0, 0.0, 0.0,  0, 0.0000,     0, 0.0,24.8, 0.0
M3,27/07/22,10:13:30,     1,  2397,   404, 1016.7, 300, 0.0, 0.0, 0.0,  0, 0.0000,     0, 0.0,24.8, 0.0
M3,27/07/22,10:13:31,     1,  2398,   404, 1016.7, 300, 0.0, 0.0, 0.0,  0, 0.0000,     0, 0.0,24.8, 0.0
M3,27/07/22,10:13:32,     1,  2399,   404, 1016.7, 300, 0.0, 0.0, 0.0,  0, 0.0000,     0, 0.0,24.8, 0.0
M3,27/07/22,10:13:33,     1,  2400,   404, 1016.7, 300, 0.0, 0.0, 0.0,  0, 0.0000,     0, 0.0,24.8, 0.0
M3,27/07/22,10:13:34,     1,  2401,   404, 1016.7, 300, 0.0, 0.0, 0.0,  0, 0.0000,     0, 0.0,24.8, 0.0
M3,27/07/22,10:13:35,     1,  2402,   404, 1016.7, 300, 0.0, 0.0, 0.0,  0, 0.0000,     0, 0.0,24.8, 0.0
M3,27/07/22,10:13:36,     1,  2403,   404, 1016.7, 300, 0.0, 0.0, 0.0,  0, 0.0000,     0, 0.0,24.8, 0.0
M3,27/07/22,10:13:37,     1,  2404,   404, 1016.7, 300, 0.0, 0.0, 0.0,  0, 0.0000,     0, 0.0,24.8, 0.0
M3,27/07/22,10:13:38,     1,  2405,   404, 1016.8, 300, 0.0, 0.0, 0.0,  0, 0.0000,     0, 0.0,24.8, 0.0
M3,27/07/22,10:13:39,     1,  2406,   404, 1016.8, 300, 0.0, 0.0, 0.0,  0, 0.0000,     0, 0.0,24.8, 0.0
M3,27/07/22,10:13:40,     1,  2407,   404, 1016.8, 300, 0.0, 0.0, 0.0,  0, 0.0000,     0, 0.0,24.8, 0.0
M3,27/07/22,10:13:42,     1,  2408,   404, 1016.8, 300, 0.0, 0.0, 0.0,  0, 0.0000,     0, 0.0,24.8, 0.0
M3,27/07/22,10:13:43,     1,  2409,   404, 1016.8, 299, 0.0, 0.0, 0.0,  0, 0.0000,     0, 0.0,24.8, 0.0
M3,27/07/22,10:13:44,     1,  2410,   404, 1016.8, 300, 0.0, 0.0, 0.0,  0, 0.0000,     0, 0.0,24.8, 0.0
M3,27/07/22,10:13:45,     1,  2411,   404, 1016.8, 300, 0.0, 0.0, 0.0,  0, 0.0000,     0, 0.0,24.8, 0.0
M3,27/07/22,10:13:46,     1,  2412,   404, 1016.8, 300, 0.0, 0.0, 0.0,  0, 0.0000,     0, 0.0,24.8, 0.0
M3,27/07/22,10:13:47,     1,  2413,   405, 1016.8, 300, 0.0, 0.0, 0.0,  0, 0.0000,     0, 0.0,24.8, 0.0
M3,27/07/22,10:13:48,     1,  2414,   405, 1016.8, 300, 0.0, 0.0, 0.0,  0, 0.0000,     0, 0.0,24.8, 0.0
M3,27/07/22,10:13:49,     1,  2415,   405, 1016.8, 300, 0.0, 0.0, 0.0,  0, 0.0000,     0, 0.0,24.8, 0.0
M3,27/07/22,10:13:50,     1,  2416,   405, 1016.8, 300, 0.0, 0.0, 0.0,  0, 0.0000,     0, 0.0,24.8, 0.0
M3,27/07/22,10:13:51,     1,  2417,   405, 1016.8, 300, 0.0, 0.0, 0.0,  0, 0.0000,     0, 0.0,24.8, 0.0
M3,27/07/22,10:13:52,     1,  2418,   405, 1016.8, 300, 0.0, 0.0, 0.0,  0, 0.0000,     0, 0.0,24.8, 0.0
M3,27/07/22,10:13:53,     1,  2419,   405, 1016.8, 300, 0.0, 0.0, 0.0,  0, 0.0000,     0, 0.0,24.8, 0.0
M3,27/07/22,10:13:54,     1,  2420,   405, 1016.8, 300, 0.0, 0.0, 0.0,  0, 0.0000,     0, 0.0,24.8, 0.0
M3,27/07/22,10:13:55,     1,  2421,   405, 1016.8, 300, 0.0, 0.0, 0.0,  0, 0.0000,     0, 0.0,24.8, 0.0
