Tag(M3),Date,Time,Plot_No,Rec_No,CO2,Pressure,Flow,H2O,Tsen,O2,Error,Aux_V,PAR,Tsoil,Tair,Msoil
M3,27/07/22,10:56:29,     1,  4958,   396, 1016.7, 300, 0.0, 0.0, 0.0, 61, 0.0000,   379, 0.0,21.7, 0.0
M3,27/07/22,10:56:30,     1,  4959,   396, 1016.7, 300, 0.0, 0.0, 0.0,  0, 0.0000,   378, 0.0,21.7, 0.0
M3,27/07/22,10:56:31,     1,  4960,   395, 1016.7, 300, 0.0, 0.0, 0.0,  0, 0.0000,   367, 0.0,21.7, 0.0
M3,27/07/22,10:56:32,     1,  4961,   395, 1016.7, 300, 0.0, 0.0, 0.0,  0, 0.0000,   366, 0.0,21.7, 0.0
M3,27/07/22,10:56:33,     1,  4962,   395, 1016.7, 300, 0.0, 0.0, 0.0,  0, 0.0000,   378, 0.0,21.7, 0.0
M3,27/07/22,10:56:34,     1,  4963,   394, 1016.7, 300, 0.0, 0.0, 0.0,  0, 0.0000,   378, 0.0,21.7, 0.0
M3,27/07/22,10:56:35,     1,  4964,   394, 1016.7, 300, 0.0, 0.0, 0.0,  0, 0.0000,   374, 0.0,21.7, 0.0
M3,27/07/22,10:56:36,     1,  4965,   394, 1016.7, 300, 0.0, 0.0, 0.0,  0, 0.0000,   368, 0.0,21.7, 0.0
M3,27/07/22,10:56:37,     1,  4966,   394, 1016.7, 300, 0.0, 0.0, 0.0,  0, 0.0000,   373, 0.0,21.7, 0.0
M3,27/07/22,10:56:38,     1,  4967,   394, 1016.7, 300, 0.0, 0.0, 0.0,  0, 0.0000,   372, 0.0,21.7, 0.0
M3,27/07/22,10:56:39,     1,  4968,   393, 1016.7, 300, 0.0, 0.0, 0.0,  0, 0.0000,   370, 0.0,21.7, 0.0
M3,27/07/22,10:56:40,     1,  4969,   393, 1016.7, 300, 0.0, 0.0, 0.0,  0, 0.0000,   365, 0.0,21.7, 0.0
M3,27/07/22,10:56:41,     1,  4970,   393, 1016.7, 300, 0.0, 0.0, 0.0,  0, 0.0000,   369, 0.0,21.7, 0.0
M3,27/07/22,10:56:42,     1,  4971,   393, 1016.7, 300, 0.0, 0.0, 0.0,  0, 0.0000,   370, 0.0,21.7, 0.0
M3,27/07/22,10:56:43,     1,  4972,   393, 1016.7, 300, 0.0, 0.0, 0.0,  0, 0.0000,   369, 0.0,21.7, 0.0
M3,27/07/22,10:56:44,     1,  4973,   392, 1016.7, 300, 0.0, 0.0, 0.0,  0, 0.0000,   364, 0.0,21.7, 0.0
M3,27/07/22,10:56:45,     1,  4974,   392, 1016.7, 300, 0.0, 0.0, 0.0,  0, 0.0000,   361, 0.0,21.7, 0.0
M3,27/07/22,10:56:46,     1,  4975,   393, 1016.7, 300, 0.0, 0.0, 0.0,  0, 0.0000,   360, 0.0,21.7, 0.0
M3,27/07/22,10:56:47,     1,  4976,   393, 1016.7, 300, 0.0, 0.0, 0.0,  0, 0.0000,   360, 0.0,21.7, 0.0
M3,27/07/22,10:56:48,     1,  4977,   393, 1016.7, 300, 0.0, 0.0, 0.0,  0, 0.0000,   359, 0.0,21.7, 0.0
M3,27/07/22,10:56:49,     1,  4978,   393, 1016.7, 300, 0.0, 0.0, 0.0,  0, 0.0000,   348, 0.0,21.7, 0.0
M3,27/07/22,10:56:50,     1,  4979,   393, 1016.7, 300, 0.0, 0.0, 0.0,  0, 0.0000,   367, 0.0,21.7, 0.0
M3,27/07/22,10:56:51,     1,  4980,   393, 1016.7, 300, 0.0, 0.0, 0.0,  0, 0.0000,   357, 0.0,21.7, 0.0
M3,27/07/22,10:56:52,     1,  4981,   392, 1016.7, 300, 0.0, 0.0, 0.0,  0, 0.0000,   358, 0.0,21.7, 0.0
M3,27/07/22,10:56:53,     1,  4982,   392, 1016.7, 300, 0.0, 0.0, 0.0,  0, 0.0000,   356, 0.0,21.7, 0.0
M3,27/07/22,10:56:54,     1,  4983,   392, 1016.7, 300, 0.0, 0.0, 0.0,  0, 0.0000,   356, 0.0,21.7, 0.0
M3,27/07/22,10:56:55,     1,  4984,   391, 1016.7, 300, 0.0, 0.0, 0.0,  0, 0.0000,   356, 0.0,21.7, 0.0
M3,27/07/22,10:56:56,     1,  4985,   392, 1016.7, 300, 0.0, 0.0, 0.0,  0, 0.0000,   354, 0.0,21.7, 0.0
M3,27/07/22,10:56:57,     1,  4986,   392, 1016.7, 300, 0.0, 0.0, 0.0,  0, 0.0000,   354, 0.0,21.7, 0.0
M3,27/07/22,10:56:58,     1,  4987,   392, 1016.7, 300, 0.0, 0.0, 0.0,  0, 0.0000,   352, 0.0,21.7, 0.0
M3,27/07/22,10:56:59,     1,  4988,   392, 1016.7, 300, 0.0, 0.0, 0.0,  0, 0.0000,   353, 0.0,21.7, 0.0
M3,27/07/22,10:57:00,     1,  4989,   392, 1016.7, 300, 0.0, 0.0, 0.0,  0, 0.0000,   353, 0.0,21.7, 0.0
M3,27/07/22,10:57:01,     1,  4990,   392, 1016.7, 300, 0.0, 0.0, 0.0,  0, 0.0000,   352, 0.0,21.7, 0.0
M3,27/07/22,10:57:02,     1,  4991,   392, 1016.7, 300, 0.0, 0.0, 0.0,  0, 0.0000,   351, 0.0,21.7, 0.0
M3,27/07/22,10:57:03,     1,  4992,   391, 1016.7, 300, 0.0, 0.0, 0.0,  0, 0.0000,   350, 0.0,21.7, 0.0
M3,27/07/22,10:57:04,     1,  4993,   391, 1016.7, 300, 0.0, 0.0, 0.0,  0, 0.0000,   348, 0.0,21.7, 0.0
M3,27/07/22,10:57:05,     1,  4994,   391, 1016.7, 300, 0.0, 0.0, 0.0,  0, 0.0000,   347, 0.0,21.7, 0.0
M3,27/07/22,10:57:06,     1,  4995,   391, 1016.7, 300, 0.0, 0.0, 0.0,  0, 0.0000,   349, 0.0,21.7, 0.0
M3,27/07/22,10:57:07,     1,  4996,   391, 1016.7, 300, 0.0, 0.0, 0.0,  0, 0.0000,   346, 0.0,21.7, 0.0
M3,27/07/22,10:57:08,     1,  4997,   391, 1016.7, 300, 0.0, 0.0, 0.0,  0, 0.0000,   344, 0.0,21.7, 0.0
M3,27/07/22,10:57:09,     1,  4998,   391, 1016.7, 299, 0.0, 0.0, 0.0,  0, 0.0000,   337, 0.0,21.7, 0.0
M3,27/07/22,10:57:10,     1,  4999,   390, 1016.7, 300, 0.0, 0.0, 0.0,  0, 0.0000,   325, 0.0,21.7, 0.0
M3,27/07/22,10:57:11,     1,  5000,   390, 1016.7, 300, 0.0, 0.0, 0.0,  0, 0.0000,   293, 0.0,21.7, 0.0
M3,27/07/22,10:57:12,     1,  5001,   390, 1016.7, 300, 0.0, 0.0, 0.0,  0, 0.0000,   269, 0.0,21.7, 0.0
M3,27/07/22,10:57:13,     1,  5002,   390, 1016.7, 300, 0.0, 0.0, 0.0,  0, 0.0000,   313, 0.0,21.7, 0.0
M3,27/07/22,10:57:14,     1,  5003,   390, 1016.7, 300, 0.0, 0.0, 0.0,  0, 0.0000,   328, 0.0,21.7, 0.0
M3,27/07/22,10:57:15,     1,  5004,   390, 1016.7, 300, 0.0, 0.0, 0.0,  0, 0.0000,   332, 0.0,21.7, 0.0
M3,27/07/22,10:57:16,     1,  5005,   389, 1016.7, 300, 0.0, 0.0, 0.0,  0, 0.0000,   335, 0.0,21.7, 0.0
M3,27/07/22,10:57:17,     1,  5006,   389, 1016.7, 300, 0.0, 0.0, 0.0,  0, 0.0000,   337, 0.0,21.7, 0.0
M3,27/07/22,10:57:18,     1,  5007,   389, 1016.7, 300, 0.0, 0.0, 0.0,  0, 0.0000,   340, 0.0,21.7, 0.0
M3,27/07/22,10:57:19,     1,  5008,   390, 1016.7, 300, 0.0, 0.0, 0.0,  0, 0.0000,   341, 0.0,21.7, 0.0
M3,27/07/22,10:57:20,     1,  5009,   389, 1016.7, 300, 0.0, 0.0, 0.0,  0, 0.0000,   344, 0.0,21.7, 0.0
M3,27/07/22,10:57:21,     1,  5010,   389, 1016.7, 300, 0.0, 0.0, 0.0,  0, 0.0000,   337, 0.0,21.7, 0.0
M3,27/07/22,10:57:22,     1,  5011,   389, 1016.7, 300, 0.0, 0.0, 0.0,  0, 0.0000,   333, 0.0,21.7, 0.0
M3,27/07/22,10:57:23,     1,  5012,   389, 1016.7, 300, 0.0, 0.0, 0.0,  0, 0.0000,   336, 0.0,21.7, 0.0
M3,27/07/22,10:57:24,     1,  5013,   389, 1016.7, 300, 0.0, 0.0, 0.0,  0, 0.0000,   333, 0.0,21.7, 0.0
M3,27/07/22,10:57:25,     1,  5014,   389, 1016.7, 300, 0.0, 0.0, 0.0,  0, 0.0000,   332, 0.0,21.7, 0.0
M3,27/07/22,10:57:26,     1,  5015,   389, 1016.7, 300, 0.0, 0.0, 0.0,  0, 0.0000,   338, 0.0,21.7, 0.0
M3,27/07/22,10:57:27,     1,  5016,   389, 1016.7, 300, 0.0, 0.0, 0.0,  0, 0.0000,   339, 0.0,21.7, 0.0
M3,27/07/22,10:57:28,     1,  5017,   389, 1016.7, 300, 0.0, 0.0, 0.0,  0, 0.0000,   339, 0.0,21.7, 0.0
M3,27/07/22,10:57:29,     1,  5018,   389, 1016.7, 300, 0.0, 0.0, 0.0,  0, 0.0000,   340, 0.0,21.7, 0.0
M3,27/07/22,10:57:30,     1,  5019,   388, 1016.7, 300, 0.0, 0.0, 0.0,  0, 0.0000,   336, 0.0,21.7, 0.0
M3,27/07/22,10:57:31,     1,  5020,   388, 1016.7, 300, 0.0, 0.0, 0.0,  0, 0.0000,   332, 0.0,21.7, 0.0
M3,27/07/22,10:57:32,     1,  5021,   387, 1016.7, 300, 0.0, 0.0, 0.0,  0, 0.0000,   332, 0.0,21.7, 0.0
M3,27/07/22,10:57:33,     1,  5022,   387, 1016.7, 300, 0.0, 0.0, 0.0,  0, 0.0000,   335, 0.0,21.7, 0.0
M3,27/07/22,10:57:34,     1,  5023,   387, 1016.7, 300, 0.0, 0.0, 0.0,  0, 0.0000,   335, 0.0,21.7, 0.0
M3,27/07/22,10:57:35,     1,  5024,   387, 1016.7, 300, 0.0, 0.0, 0.0,  0, 0.0000,   325, 0.0,21.7, 0.0
M3,27/07/22,10:57:36,     1,  5025,   387, 1016.7, 300, 0.0, 0.0, 0.0,  0, 0.0000,   321, 0.0,21.7, 0.0
M3,27/07/22,10:57:37,     1,  5026,   387, 1016.7, 300, 0.0, 0.0, 0.0,  0, 0.0000,   328, 0.0,21.7, 0.0
M3,27/07/22,10:57:38,     1,  5027,   387, 1016.7, 300, 0.0, 0.0, 0.0,  0, 0.0000,   328, 0.0,21.7, 0.0
M3,27/07/22,10:57:39,     1,  5028,   387, 1016.7, 300, 0.0, 0.0, 0.0,  0, 0.0000,   327, 0.0,21.7, 0.0
M3,27/07/22,10:57:40,     1,  5029,   388, 1016.7, 300, 0.0, 0.0, 0.0,  0, 0.0000,   330, 0.0,21.7, 0.0
M3,27/07/22,10:57:41,     1,  5030,   388, 1016.7, 300, 0.0, 0.0, 0.0,  0, 0.0000,   329, 0.0,21.7, 0.0
M3,27/07/22,10:57:42,     1,  5031,   388, 1016.7, 300, 0.0, 0.0, 0.0,  0, 0.0000,   332, 0.0,21.7, 0.0
M3,27/07/22,10:57:43,     1,  5032,   388, 1016.7, 299, 0.0, 0.0, 0.0,  0, 0.0000,   334, 0.0,21.7, 0.0
M3,27/07/22,10:57:44,     1,  5033,   388, 1016.7, 300, 0.0, 0.0, 0.0,  0, 0.0000,   337, 0.0,21.7, 0.0
M3,27/07/22,10:57:45,     1,  5034,   388, 1016.7, 300, 0.0, 0.0, 0.0,  0, 0.0000,   334, 0.0,21.7, 0.0
M3,27/07/22,10:57:46,     1,  5035,   387, 1016.7, 300, 0.0, 0.0, 0.0,  0, 0.0000,   334, 0.0,21.7, 0.0
M3,27/07/22,10:57:47,     1,  5036,   387, 1016.7, 300, 0.0, 0.0, 0.0,  0, 0.0000,   334, 0.0,21.7, 0.0
M3,27/07/22,10:57:48,     1,  5037,   387, 1016.7, 300, 0.0, 0.0, 0.0,  0, 0.0000,   333, 0.0,21.7, 0.0
M3,27/07/22,10:57:49,     1,  5038,   387, 1016.7, 300, 0.0, 0.0, 0.0,  0, 0.0000,   337, 0.0,21.7, 0.0
M3,27/07/22,10:57:50,     1,  5039,   387, 1016.7, 300, 0.0, 0.0, 0.0,  0, 0.0000,   339, 0.0,21.7, 0.0
M3,27/07/22,10:57:51,     1,  5040,   387, 1016.7, 300, 0.0, 0.0, 0.0,  0, 0.0000,   339, 0.0,21.7, 0.0
M3,27/07/22,10:57:52,     1,  5041,   387, 1016.7, 300, 0.0, 0.0, 0.0,  0, 0.0000,   340, 0.0,21.7, 0.0
M3,27/07/22,10:57:53,     1,  5042,   387, 1016.7, 300, 0.0, 0.0, 0.0,  0, 0.0000,   336, 0.0,21.7, 0.0
M3,27/07/22,10:57:54,     1,  5043,   386, 1016.7, 300, 0.0, 0.0, 0.0,  0, 0.0000,   338, 0.0,21.7, 0.0
M3,27/07/22,10:57:55,     1,  5044,   386, 1016.7, 300, 0.0, 0.0, 0.0,  0, 0.0000,   335, 0.0,21.7, 0.0
M3,27/07/22,10:57:56,     1,  5045,   387, 1016.7, 300, 0.0, 0.0, 0.0,  0, 0.0000,   337, 0.0,21.7, 0.0
M3,27/07/22,10:57:57,     1,  5046,   387, 1016.7, 300, 0.0, 0.0, 0.0,  0, 0.0000,   341, 0.0,21.7, 0.0
M3,27/07/22,10:57:58,     1,  5047,   387, 1016.7, 300, 0.0, 0.0, 0.0,  0, 0.0000,   342, 0.0,21.7, 0.0
M3,27/07/22,10:57:59,     1,  5048,   387, 1016.7, 300, 0.0, 0.0, 0.0,  0, 0.0000,   337, 0.0,21.7, 0.0
M3,27/07/22,10:58:00,     1,  5049,   387, 1016.7, 300, 0.0, 0.0, 0.0,  0, 0.0000,   342, 0.0,21.7, 0.0
M3,27/07/22,10:58:01,     1,  5050,   387, 1016.7, 300, 0.0, 0.0, 0.0,  0, 0.0000,   341, 0.0,21.7, 0.0
M3,27/07/22,10:58:02,     1,  5051,   386, 1016.7, 300, 0.0, 0.0, 0.0,  0, 0.0000,   340, 0.0,21.7, 0.0
M3,27/07/22,10:58:03,     1,  5052,   386, 1016.7, 300, 0.0, 0.0, 0.0,  0, 0.0000,   348, 0.0,21.7, 0.0
M3,27/07/22,10:58:04,     1,  5053,   386, 1016.7, 300, 0.0, 0.0, 0.0,  0, 0.0000,   353, 0.0,21.7, 0.0
M3,27/07/22,10:58:05,     1,  5054,   386, 1016.7, 300, 0.0, 0.0, 0.0,  0, 0.0000,   356, 0.0,21.7, 0.0
M3,27/07/22,10:58:06,     1,  5055,   387, 1016.7, 300, 0.0, 0.0, 0.0,  0, 0.0000,   353, 0.0,21.7, 0.0
M3,27/07/22,10:58:07,     1,  5056,   387, 1016.7, 300, 0.0, 0.0, 0.0,  0, 0.0000,   353, 0.0,21.7, 0.0
M3,27/07/22,10:58:08,     1,  5057,   387, 1016.7, 300, 0.0, 0.0, 0.0,  0, 0.0000,   352, 0.0,21.7, 0.0
M3,27/07/22,10:58:09,     1,  5058,   387, 1016.7, 300, 0.0, 0.0, 0.0,  0, 0.0000,   355, 0.0,21.7, 0.0
M3,27/07/22,10:58:10,     1,  5059,   386, 1016.7, 300, 0.0, 0.0, 0.0,  0, 0.0000,   358, 0.0,21.7, 0.0
M3,27/07/22,10:58:11,     1,  5060,   386, 1016.7, 300, 0.0, 0.0, 0.0,  0, 0.0000,   363, 0.0,21.7, 0.0
M3,27/07/22,10:58:12,     1,  5061,   386, 1016.7, 300, 0.0, 0.0, 0.0,  0, 0.0000,   363, 0.0,21.7, 0.0
M3,27/07/22,10:58:13,     1,  5062,   387, 1016.7, 300, 0.0, 0.0, 0.0,  0, 0.0000,   363, 0.0,21.7, 0.0
M3,27/07/22,10:58:14,     1,  5063,   387, 1016.7, 300, 0.0, 0.0, 0.0,  0, 0.0000,   362, 0.0,21.7, 0.0
M3,27/07/22,10:58:15,     1,  5064,   387, 1016.7, 300, 0.0, 0.0, 0.0,  0, 0.0000,   367, 0.0,21.7, 0.0
M3,27/07/22,10:58:16,     1,  5065,   387, 1016.7, 300, 0.0, 0.0, 0.0,  0, 0.0000,   367, 0.0,21.7, 0.0
M3,27/07/22,10:58:17,     1,  5066,   387, 1016.7, 300, 0.0, 0.0, 0.0,  0, 0.0000,   369, 0.0,21.7, 0.0
M3,27/07/22,10:58:18,     1,  5067,   387, 1016.7, 300, 0.0, 0.0, 0.0,  0, 0.0000,   369, 0.0,21.7, 0.0
M3,27/07/22,10:58:19,     1,  5068,   387, 1016.7, 300, 0.0, 0.0, 0.0,  0, 0.0000,   364, 0.0,21.7, 0.0
M3,27/07/22,10:58:20,     1,  5069,   387, 1016.7, 300, 0.0, 0.0, 0.0,  0, 0.0000,   365, 0.0,21.7, 0.0
M3,27/07/22,10:58:21,     1,  5070,   387, 1016.7, 300, 0.0, 0.0, 0.0,  0, 0.0000,   369, 0.0,21.7, 0.0
M3,27/07/22,10:58:22,     1,  5071,   387, 1016.7, 300, 0.0, 0.0, 0.0,  0, 0.0000,   364, 0.0,21.7, 0.0
M3,27/07/22,10:58:23,     1,  5072,   387, 1016.7, 300, 0.0, 0.0, 0.0,  0, 0.0000,   435, 0.0,21.7, 0.0
M3,27/07/22,10:58:24,     1,  5073,   387, 1016.7, 300, 0.0, 0.0, 0.0,  0, 0.0000,   530, 0.0,21.7, 0.0
M3,27/07/22,10:58:25,     1,  5074,   387, 1016.7, 300, 0.0, 0.0, 0.0,  0, 0.0000,   521, 0.0,21.7, 0.0
M3,27/07/22,10:58:26,     1,  5075,   387, 1016.7, 300, 0.0, 0.0, 0.0,  0, 0.0000,   403, 0.0,21.7, 0.0
M3,27/07/22,10:58:27,     1,  5076,   388, 1016.7, 300, 0.0, 0.0, 0.0,  0, 0.0000,   405, 0.0,21.7, 0.0
M3,27/07/22,10:58:28,     1,  5077,   388, 1016.7, 300, 0.0, 0.0, 0.0,  0, 0.0000,   371, 0.0,21.7, 0.0
M3,27/07/22,10:58:29,     1,  5078,   387, 1016.7, 300, 0.0, 0.0, 0.0,  0, 0.0000,   359, 0.0,21.7, 0.0
M3,27/07/22,10:58:30,     1,  5079,   387, 1016.7, 300, 0.0, 0.0, 0.0,  0, 0.0000,   395, 0.0,21.7, 0.0
M3,27/07/22,10:58:31,     1,  5080,   387, 1016.7, 300, 0.0, 0.0, 0.0,  0, 0.0000,   407, 0.0,21.7, 0.0
M3,27/07/22,10:58:32,     1,  5081,   387, 1016.7, 300, 0.0, 0.0, 0.0,  0, 0.0000,   410, 0.0,21.7, 0.0
M3,27/07/22,10:58:33,     1,  5082,   387, 1016.7, 300, 0.0, 0.0, 0.0,  0, 0.0000,   404, 0.0,21.7, 0.0
M3,27/07/22,10:58:34,     1,  5083,   387, 1016.7, 300, 0.0, 0.0, 0.0,  0, 0.0000,   403, 0.0,21.7, 0.0
M3,27/07/22,10:58:35,     1,  5084,   387, 1016.7, 300, 0.0, 0.0, 0.0,  0, 0.0000,   405, 0.0,21.7, 0.0
M3,27/07/22,10:58:37,     1,  5085,   387, 1016.7, 300, 0.0, 0.0, 0.0,  0, 0.0000,   412, 0.0,21.7, 0.0
M3,27/07/22,10:58:38,     1,  5086,   387, 1016.7, 300, 0.0, 0.0, 0.0,  0, 0.0000,   419, 0.0,21.7, 0.0
M3,27/07/22,10:58:39,     1,  5087,   387, 1016.7, 300, 0.0, 0.0, 0.0,  0, 0.0000,   408, 0.0,21.7, 0.0
M3,27/07/22,10:58:40,     1,  5088,   387, 1016.7, 300, 0.0, 0.0, 0.0,  0, 0.0000,   417, 0.0,21.7, 0.0
M3,27/07/22,10:58:41,     1,  5089,   387, 1016.7, 300, 0.0, 0.0, 0.0,  0, 0.0000,   416, 0.0,21.7, 0.0
M3,27/07/22,10:58:42,     1,  5090,   387, 1016.7, 300, 0.0, 0.0, 0.0,  0, 0.0000,   412, 0.0,21.7, 0.0
M3,27/07/22,10:58:43,     1,  5091,   386, 1016.7, 300, 0.0, 0.0, 0.0,  0, 0.0000,   407, 0.0,21.7, 0.0
M3,27/07/22,10:58:44,     1,  5092,   386, 1016.7, 300, 0.0, 0.0, 0.0,  0, 0.0000,   413, 0.0,21.7, 0.0
M3,27/07/22,10:58:45,     1,  5093,   386, 1016.7, 300, 0.0, 0.0, 0.0,  0, 0.0000,   408, 0.0,21.7, 0.0
M3,27/07/22,10:58:46,     1,  5094,   385, 1016.7, 300, 0.0, 0.0, 0.0,  0, 0.0000,   408, 0.0,21.7, 0.0
M3,27/07/22,10:58:47,     1,  5095,   385, 1016.7, 300, 0.0, 0.0, 0.0,  0, 0.0000,   415, 0.0,21.7, 0.0
M3,27/07/22,10:58:48,     1,  5096,   386, 1016.7, 300, 0.0, 0.0, 0.0,  0, 0.0000,   406, 0.0,21.7, 0.0
M3,27/07/22,10:58:49,     1,  5097,   386, 1016.7, 300, 0.0, 0.0, 0.0,  0, 0.0000,   406, 0.0,21.7, 0.0
M3,27/07/22,10:58:50,     1,  5098,   386, 1016.7, 300, 0.0, 0.0, 0.0,  0, 0.0000,   414, 0.0,21.7, 0.0
M3,27/07/22,10:58:51,     1,  5099,   386, 1016.7, 300, 0.0, 0.0, 0.0,  0, 0.0000,   421, 0.0,21.7, 0.0
M3,27/07/22,10:58:52,     1,  5100,   386, 1016.7, 300, 0.0, 0.0, 0.0,  0, 0.0000,   446, 0.0,21.7, 0.0
M3,27/07/22,10:58:53,     1,  5101,   387, 1016.7, 300, 0.0, 0.0, 0.0,  0, 0.0000,   434, 0.0,21.7, 0.0
