Tag(M3),Date,Time,Plot_No,Rec_No,CO2,Pressure,Flow,H2O,Tsen,O2,Error,Aux_V,PAR,Tsoil,Tair,Msoil
M3,21/06/22,10:29:12,     1,  4588,   422, 1030.6, 300, 0.0, 0.0, 0.0, 61, 0.0000,  1611, 0.0,22.6, 0.0
M3,21/06/22,10:29:13,     1,  4589,   422, 1030.6, 300, 0.0, 0.0, 0.0,  0, 0.0000,  1611, 0.0,22.6, 0.0
M3,21/06/22,10:29:14,     1,  4590,   421, 1030.6, 300, 0.0, 0.0, 0.0,  0, 0.0000,  1610, 0.0,22.7, 0.0
M3,21/06/22,10:29:15,     1,  4591,   421, 1030.6, 300, 0.0, 0.0, 0.0,  0, 0.0000,  1612, 0.0,22.7, 0.0
M3,21/06/22,10:29:16,     1,  4592,   421, 1030.6, 300, 0.0, 0.0, 0.0,  0, 0.0000,  1609, 0.0,22.8, 0.0
M3,21/06/22,10:29:17,     1,  4593,   421, 1030.6, 300, 0.0, 0.0, 0.0,  0, 0.0000,  1609, 0.0,22.8, 0.0
M3,21/06/22,10:29:18,     1,  4594,   420, 1030.6, 300, 0.0, 0.0, 0.0,  0, 0.0000,  1608, 0.0,22.8, 0.0
M3,21/06/22,10:29:19,     1,  4595,   420, 1030.6, 300, 0.0, 0.0, 0.0,  0, 0.0000,  1584, 0.0,22.8, 0.0
M3,21/06/22,10:29:20,     1,  4596,   420, 1030.6, 300, 0.0, 0.0, 0.0,  0, 0.0000,  1520, 0.0,22.9, 0.0
M3,21/06/22,10:29:21,     1,  4597,   420, 1030.6, 300, 0.0, 0.0, 0.0,  0, 0.0000,  1520, 0.0,22.9, 0.0
M3,21/06/22,10:29:22,     1,  4598,   419, 1030.6, 300, 0.0, 0.0, 0.0,  0, 0.0000,  1519, 0.0,22.9, 0.0
M3,21/06/22,10:29:23,     1,  4599,   419, 1030.6, 300, 0.0, 0.0, 0.0,  0, 0.0000,  1520, 0.0,23.0, 0.0
M3,21/06/22,10:29:24,     1,  4600,   419, 1030.6, 300, 0.0, 0.0, 0.0,  0, 0.0000,  1520, 0.0,23.0, 0.0
M3,21/06/22,10:29:25,     1,  4601,   419, 1030.6, 300, 0.0, 0.0, 0.0,  0, 0.0000,  1520, 0.0,23.0, 0.0
M3,21/06/22,10:29:26,     1,  4602,   418, 1030.6, 300, 0.0, 0.0, 0.0,  0, 0.0000,  1521, 0.0,23.0, 0.0
M3,21/06/22,10:29:27,     1,  4603,   418, 1030.6, 300, 0.0, 0.0, 0.0,  0, 0.0000,  1520, 0.0,23.0, 0.0
M3,21/06/22,10:29:28,     1,  4604,   418, 1030.6, 300, 0.0, 0.0, 0.0,  0, 0.0000,  1520, 0.0,23.0, 0.0
M3,21/06/22,10:29:29,     1,  4605,   418, 1030.6, 300, 0.0, 0.0, 0.0,  0, 0.0000,  1520, 0.0,23.1, 0.0
M3,21/06/22,10:29:30,     1,  4606,   418, 1030.6, 300, 0.0, 0.0, 0.0,  0, 0.0000,  1521, 0.0,23.1, 0.0
M3,21/06/22,10:29:31,     1,  4607,   418, 1030.6, 300, 0.0, 0.0, 0.0,  0, 0.0000,  1520, 0.0,23.1, 0.0
M3,21/06/22,10:29:32,     1,  4608,   418, 1030.6, 300, 0.0, 0.0, 0.0,  0, 0.0000,  1520, 0.0,23.1, 0.0
M3,21/06/22,10:29:33,     1,  4609,   417, 1030.6, 300, 0.0, 0.0, 0.0,  0, 0.0000,  1520, 0.0,23.1, 0.0
M3,21/06/22,10:29:34,     1,  4610,   417, 1030.6, 300, 0.0, 0.0, 0.0,  0, 0.0000,  1521, 0.0,23.1, 0.0
M3,21/06/22,10:29:35,     1,  4611,   417, 1030.6, 300, 0.0, 0.0, 0.0,  0, 0.0000,  1521, 0.0,23.1, 0.0
M3,21/06/22,10:29:36,     1,  4612,   417, 1030.6, 300, 0.0, 0.0, 0.0,  0, 0.0000,  1521, 0.0,23.1, 0.0
M3,21/06/22,10:29:37,     1,  4613,   417, 1030.6, 300, 0.0, 0.0, 0.0,  0, 0.0000,  1521, 0.0,23.2, 0.0
M3,21/06/22,10:29:38,     1,  4614,   417, 1030.6, 300, 0.0, 0.0, 0.0,  0, 0.0000,  1521, 0.0,23.2, 0.0
M3,21/06/22,10:29:39,     1,  4615,   416, 1030.6, 300, 0.0, 0.0, 0.0,  0, 0.0000,  1521, 0.0,23.2, 0.0
M3,21/06/22,10:29:40,     1,  4616,   416, 1030.6, 300, 0.0, 0.0, 0.0,  0, 0.0000,  1522, 0.0,23.2, 0.0
M3,21/06/22,10:29:41,     1,  4617,   416, 1030.6, 300, 0.0, 0.0, 0.0,  0, 0.0000,  1522, 0.0,23.2, 0.0
M3,21/06/22,10:29:42,     1,  4618,   416, 1030.6, 300, 0.0, 0.0, 0.0,  0, 0.0000,  1522, 0.0,23.2, 0.0
M3,21/06/22,10:29:43,     1,  4619,   416, 1030.6, 300, 0.0, 0.0, 0.0,  0, 0.0000,  1522, 0.0,23.2, 0.0
M3,21/06/22,10:29:44,     1,  4620,   416, 1030.6, 300, 0.0, 0.0, 0.0,  0, 0.0000,  1521, 0.0,23.2, 0.0
M3,21/06/22,10:29:45,     1,  4621,   416, 1030.6, 300, 0.0, 0.0, 0.0,  0, 0.0000,  1521, 0.0,23.2, 0.0
M3,21/06/22,10:29:46,     1,  4622,   415, 1030.6, 300, 0.0, 0.0, 0.0,  0, 0.0000,  1521, 0.0,23.3, 0.0
M3,21/06/22,10:29:47,     1,  4623,   415, 1030.6, 300, 0.0, 0.0, 0.0,  0, 0.0000,  1521, 0.0,23.3, 0.0
M3,21/06/22,10:29:48,     1,  4624,   415, 1030.6, 300, 0.0, 0.0, 0.0,  0, 0.0000,  1521, 0.0,23.3, 0.0
M3,21/06/22,10:29:49,     1,  4625,   415, 1030.6, 300, 0.0, 0.0, 0.0,  0, 0.0000,  1521, 0.0,23.3, 0.0
M3,21/06/22,10:29:50,     1,  4626,   415, 1030.6, 300, 0.0, 0.0, 0.0,  0, 0.0000,  1522, 0.0,23.3, 0.0
M3,21/06/22,10:29:51,     1,  4627,   414, 1030.6, 300, 0.0, 0.0, 0.0,  0, 0.0000,  1522, 0.0,23.3, 0.0
M3,21/06/22,10:29:52,     1,  4628,   414, 1030.6, 300, 0.0, 0.0, 0.0,  0, 0.0000,  1522, 0.0,23.3, 0.0
M3,21/06/22,10:29:53,     1,  4629,   414, 1030.6, 300, 0.0, 0.0, 0.0,  0, 0.0000,  1523, 0.0,23.3, 0.0
M3,21/06/22,10:29:54,     1,  4630,   414, 1030.6, 300, 0.0, 0.0, 0.0,  0, 0.0000,  1524, 0.0,23.3, 0.0
M3,21/06/22,10:29:55,     1,  4631,   413, 1030.6, 300, 0.0, 0.0, 0.0,  0, 0.0000,  1523, 0.0,23.3, 0.0
M3,21/06/22,10:29:56,     1,  4632,   413, 1030.6, 300, 0.0, 0.0, 0.0,  0, 0.0000,  1523, 0.0,23.3, 0.0
M3,21/06/22,10:29:57,     1,  4633,   413, 1030.6, 300, 0.0, 0.0, 0.0,  0, 0.0000,  1524, 0.0,23.4, 0.0
M3,21/06/22,10:29:58,     1,  4634,   412, 1030.6, 300, 0.0, 0.0, 0.0,  0, 0.0000,  1524, 0.0,23.4, 0.0
M3,21/06/22,10:29:59,     1,  4635,   412, 1030.6, 300, 0.0, 0.0, 0.0,  0, 0.0000,  1525, 0.0,23.4, 0.0
M3,21/06/22,10:30:00,     1,  4636,   412, 1030.6, 300, 0.0, 0.0, 0.0,  0, 0.0000,  1526, 0.0,23.4, 0.0
M3,21/06/22,10:30:01,     1,  4637,   412, 1030.6, 300, 0.0, 0.0, 0.0,  0, 0.0000,  1526, 0.0,23.4, 0.0
M3,21/06/22,10:30:02,     1,  4638,   412, 1030.6, 300, 0.0, 0.0, 0.0,  0, 0.0000,  1527, 0.0,23.4, 0.0
M3,21/06/22,10:30:03,     1,  4639,   412, 1030.6, 300, 0.0, 0.0, 0.0,  0, 0.0000,  1528, 0.0,23.4, 0.0
M3,21/06/22,10:30:04,     1,  4640,   412, 1030.6, 300, 0.0, 0.0, 0.0,  0, 0.0000,  1529, 0.0,23.4, 0.0
M3,21/06/22,10:30:05,     1,  4641,   412, 1030.6, 300, 0.0, 0.0, 0.0,  0, 0.0000,  1530, 0.0,23.4, 0.0
M3,21/06/22,10:30:06,     1,  4642,   411, 1030.6, 300, 0.0, 0.0, 0.0,  0, 0.0000,  1532, 0.0,23.4, 0.0
M3,21/06/22,10:30:07,     1,  4643,   411, 1030.6, 300, 0.0, 0.0, 0.0,  0, 0.0000,  1533, 0.0,23.4, 0.0
M3,21/06/22,10:30:08,     1,  4644,   411, 1030.6, 300, 0.0, 0.0, 0.0,  0, 0.0000,  1537, 0.0,23.4, 0.0
M3,21/06/22,10:30:09,     1,  4645,   410, 1030.6, 300, 0.0, 0.0, 0.0,  0, 0.0000,  1541, 0.0,23.4, 0.0
M3,21/06/22,10:30:10,     1,  4646,   410, 1030.7, 300, 0.0, 0.0, 0.0,  0, 0.0000,  1545, 0.0,23.5, 0.0
M3,21/06/22,10:30:11,     1,  4647,   410, 1030.7, 300, 0.0, 0.0, 0.0,  0, 0.0000,  1550, 0.0,23.5, 0.0
M3,21/06/22,10:30:12,     1,  4648,   410, 1030.7, 300, 0.0, 0.0, 0.0,  0, 0.0000,  1558, 0.0,23.5, 0.0
M3,21/06/22,10:30:13,     1,  4649,   409, 1030.7, 300, 0.0, 0.0, 0.0,  0, 0.0000,  1566, 0.0,23.5, 0.0
M3,21/06/22,10:30:14,     1,  4650,   409, 1030.7, 300, 0.0, 0.0, 0.0,  0, 0.0000,  1572, 0.0,23.5, 0.0
M3,21/06/22,10:30:15,     1,  4651,   409, 1030.7, 300, 0.0, 0.0, 0.0,  0, 0.0000,  1578, 0.0,23.5, 0.0
M3,21/06/22,10:30:16,     1,  4652,   409, 1030.7, 300, 0.0, 0.0, 0.0,  0, 0.0000,  1585, 0.0,23.5, 0.0
M3,21/06/22,10:30:17,     1,  4653,   409, 1030.7, 300, 0.0, 0.0, 0.0,  0, 0.0000,  1594, 0.0,23.5, 0.0
M3,21/06/22,10:30:18,     1,  4654,   409, 1030.7, 300, 0.0, 0.0, 0.0,  0, 0.0000,  1601, 0.0,23.5, 0.0
M3,21/06/22,10:30:19,     1,  4655,   409, 1030.7, 300, 0.0, 0.0, 0.0,  0, 0.0000,  1610, 0.0,23.5, 0.0
M3,21/06/22,10:30:20,     1,  4656,   409, 1030.7, 300, 0.0, 0.0, 0.0,  0, 0.0000,  1619, 0.0,23.5, 0.0
M3,21/06/22,10:30:21,     1,  4657,   409, 1030.7, 300, 0.0, 0.0, 0.0,  0, 0.0000,  1629, 0.0,23.5, 0.0
M3,21/06/22,10:30:22,     1,  4658,   409, 1030.7, 300, 0.0, 0.0, 0.0,  0, 0.0000,  1637, 0.0,23.5, 0.0
M3,21/06/22,10:30:23,     1,  4659,   409, 1030.7, 300, 0.0, 0.0, 0.0,  0, 0.0000,  1641, 0.0,23.5, 0.0
M3,21/06/22,10:30:24,     1,  4660,   409, 1030.6, 300, 0.0, 0.0, 0.0,  0, 0.0000,  1646, 0.0,23.6, 0.0
M3,21/06/22,10:30:25,     1,  4661,   409, 1030.6, 300, 0.0, 0.0, 0.0,  0, 0.0000,  1650, 0.0,23.6, 0.0
M3,21/06/22,10:30:27,     1,  4662,   409, 1030.6, 300, 0.0, 0.0, 0.0,  0, 0.0000,  1653, 0.0,23.6, 0.0
M3,21/06/22,10:30:28,     1,  4663,   409, 1030.6, 300, 0.0, 0.0, 0.0,  0, 0.0000,  1655, 0.0,23.6, 0.0
M3,21/06/22,10:30:29,     1,  4664,   408, 1030.7, 300, 0.0, 0.0, 0.0,  0, 0.0000,  1656, 0.0,23.6, 0.0
M3,21/06/22,10:30:30,     1,  4665,   408, 1030.7, 300, 0.0, 0.0, 0.0,  0, 0.0000,  1657, 0.0,23.6, 0.0
M3,21/06/22,10:30:31,     1,  4666,   408, 1030.7, 300, 0.0, 0.0, 0.0,  0, 0.0000,  1657, 0.0,23.6, 0.0
M3,21/06/22,10:30:32,     1,  4667,   408, 1030.7, 300, 0.0, 0.0, 0.0,  0, 0.0000,  1659, 0.0,23.6, 0.0
M3,21/06/22,10:30:33,     1,  4668,   408, 1030.7, 300, 0.0, 0.0, 0.0,  0, 0.0000,  1657, 0.0,23.6, 0.0
M3,21/06/22,10:30:34,     1,  4669,   408, 1030.7, 300, 0.0, 0.0, 0.0,  0, 0.0000,  1656, 0.0,23.6, 0.0
M3,21/06/22,10:30:35,     1,  4670,   407, 1030.6, 300, 0.0, 0.0, 0.0,  0, 0.0000,  1658, 0.0,23.6, 0.0
M3,21/06/22,10:30:36,     1,  4671,   407, 1030.6, 300, 0.0, 0.0, 0.0,  0, 0.0000,  1660, 0.0,23.6, 0.0
M3,21/06/22,10:30:37,     1,  4672,   407, 1030.6, 300, 0.0, 0.0, 0.0,  0, 0.0000,  1659, 0.0,23.6, 0.0
M3,21/06/22,10:30:38,     1,  4673,   407, 1030.6, 300, 0.0, 0.0, 0.0,  0, 0.0000,  1660, 0.0,23.6, 0.0
M3,21/06/22,10:30:39,     1,  4674,   407, 1030.6, 300, 0.0, 0.0, 0.0,  0, 0.0000,  1660, 0.0,23.6, 0.0
M3,21/06/22,10:30:40,     1,  4675,   407, 1030.6, 300, 0.0, 0.0, 0.0,  0, 0.0000,  1660, 0.0,23.6, 0.0
M3,21/06/22,10:30:41,     1,  4676,   407, 1030.7, 300, 0.0, 0.0, 0.0,  0, 0.0000,  1661, 0.0,23.7, 0.0
M3,21/06/22,10:30:42,     1,  4677,   406, 1030.7, 300, 0.0, 0.0, 0.0,  0, 0.0000,  1663, 0.0,23.7, 0.0
M3,21/06/22,10:30:43,     1,  4678,   406, 1030.7, 300, 0.0, 0.0, 0.0,  0, 0.0000,  1664, 0.0,23.7, 0.0
M3,21/06/22,10:30:44,     1,  4679,   406, 1030.7, 300, 0.0, 0.0, 0.0,  0, 0.0000,  1664, 0.0,23.7, 0.0
M3,21/06/22,10:30:45,     1,  4680,   406, 1030.7, 300, 0.0, 0.0, 0.0,  0, 0.0000,  1665, 0.0,23.7, 0.0
M3,21/06/22,10:30:46,     1,  4681,   406, 1030.7, 300, 0.0, 0.0, 0.0,  0, 0.0000,  1665, 0.0,23.7, 0.0
M3,21/06/22,10:30:47,     1,  4682,   406, 1030.7, 300, 0.0, 0.0, 0.0,  0, 0.0000,  1665, 0.0,23.7, 0.0
M3,21/06/22,10:30:48,     1,  4683,   406, 1030.7, 300, 0.0, 0.0, 0.0,  0, 0.0000,  1667, 0.0,23.7, 0.0
M3,21/06/22,10:30:49,     1,  4684,   406, 1030.7, 300, 0.0, 0.0, 0.0,  0, 0.0000,  1667, 0.0,23.7, 0.0
M3,21/06/22,10:30:50,     1,  4685,   406, 1030.7, 300, 0.0, 0.0, 0.0,  0, 0.0000,  1668, 0.0,23.7, 0.0
M3,21/06/22,10:30:51,     1,  4686,   406, 1030.7, 300, 0.0, 0.0, 0.0,  0, 0.0000,  1670, 0.0,23.7, 0.0
M3,21/06/22,10:30:52,     1,  4687,   405, 1030.7, 300, 0.0, 0.0, 0.0,  0, 0.0000,  1671, 0.0,23.7, 0.0
M3,21/06/22,10:30:53,     1,  4688,   405, 1030.7, 300, 0.0, 0.0, 0.0,  0, 0.0000,  1671, 0.0,23.7, 0.0
M3,21/06/22,10:30:54,     1,  4689,   405, 1030.7, 300, 0.0, 0.0, 0.0,  0, 0.0000,  1672, 0.0,23.7, 0.0
M3,21/06/22,10:30:55,     1,  4690,   405, 1030.6, 300, 0.0, 0.0, 0.0,  0, 0.0000,  1673, 0.0,23.7, 0.0
M3,21/06/22,10:30:56,     1,  4691,   405, 1030.6, 300, 0.0, 0.0, 0.0,  0, 0.0000,  1673, 0.0,23.8, 0.0
M3,21/06/22,10:30:57,     1,  4692,   404, 1030.6, 300, 0.0, 0.0, 0.0,  0, 0.0000,  1674, 0.0,23.8, 0.0
M3,21/06/22,10:30:58,     1,  4693,   404, 1030.6, 300, 0.0, 0.0, 0.0,  0, 0.0000,  1673, 0.0,23.8, 0.0
M3,21/06/22,10:30:59,     1,  4694,   404, 1030.6, 300, 0.0, 0.0, 0.0,  0, 0.0000,  1675, 0.0,23.8, 0.0
M3,21/06/22,10:31:00,     1,  4695,   403, 1030.6, 300, 0.0, 0.0, 0.0,  0, 0.0000,  1676, 0.0,23.8, 0.0
M3,21/06/22,10:31:01,     1,  4696,   403, 1030.6, 300, 0.0, 0.0, 0.0,  0, 0.0000,  1677, 0.0,23.8, 0.0
M3,21/06/22,10:31:02,     1,  4697,   403, 1030.6, 300, 0.0, 0.0, 0.0,  0, 0.0000,  1678, 0.0,23.8, 0.0
M3,21/06/22,10:31:03,     1,  4698,   403, 1030.6, 300, 0.0, 0.0, 0.0,  0, 0.0000,  1679, 0.0,23.8, 0.0
M3,21/06/22,10:31:04,     1,  4699,   403, 1030.6, 300, 0.0, 0.0, 0.0,  0, 0.0000,  1679, 0.0,23.8, 0.0
M3,21/06/22,10:31:05,     1,  4700,   403, 1030.6, 300, 0.0, 0.0, 0.0,  0, 0.0000,  1680, 0.0,23.8, 0.0
M3,21/06/22,10:31:06,     1,  4701,   403, 1030.6, 300, 0.0, 0.0, 0.0,  0, 0.0000,  1680, 0.0,23.8, 0.0
M3,21/06/22,10:31:07,     1,  4702,   403, 1030.6, 300, 0.0, 0.0, 0.0,  0, 0.0000,  1680, 0.0,23.8, 0.0
M3,21/06/22,10:31:08,     1,  4703,   403, 1030.6, 300, 0.0, 0.0, 0.0,  0, 0.0000,  1681, 0.0,23.8, 0.0
M3,21/06/22,10:31:09,     1,  4704,   403, 1030.6, 300, 0.0, 0.0, 0.0,  0, 0.0000,  1682, 0.0,23.8, 0.0
M3,21/06/22,10:31:10,     1,  4705,   402, 1030.6, 300, 0.0, 0.0, 0.0,  0, 0.0000,  1683, 0.0,23.8, 0.0
M3,21/06/22,10:31:11,     1,  4706,   402, 1030.6, 300, 0.0, 0.0, 0.0,  0, 0.0000,  1683, 0.0,23.8, 0.0
M3,21/06/22,10:31:12,     1,  4707,   402, 1030.6, 300, 0.0, 0.0, 0.0,  0, 0.0000,  1684, 0.0,23.8, 0.0
M3,21/06/22,10:31:13,     1,  4708,   402, 1030.6, 300, 0.0, 0.0, 0.0,  0, 0.0000,  1684, 0.0,23.9, 0.0
M3,21/06/22,10:31:14,     1,  4709,   402, 1030.6, 300, 0.0, 0.0, 0.0,  0, 0.0000,  1685, 0.0,23.9, 0.0
M3,21/06/22,10:31:15,     1,  4710,   402, 1030.6, 300, 0.0, 0.0, 0.0,  0, 0.0000,  1686, 0.0,23.9, 0.0
M3,21/06/22,10:31:16,     1,  4711,   402, 1030.6, 300, 0.0, 0.0, 0.0,  0, 0.0000,  1686, 0.0,23.9, 0.0
M3,21/06/22,10:31:17,     1,  4712,   401, 1030.6, 300, 0.0, 0.0, 0.0,  0, 0.0000,  1685, 0.0,23.9, 0.0
M3,21/06/22,10:31:18,     1,  4713,   401, 1030.6, 300, 0.0, 0.0, 0.0,  0, 0.0000,  1686, 0.0,23.9, 0.0
M3,21/06/22,10:31:19,     1,  4714,   401, 1030.6, 300, 0.0, 0.0, 0.0,  0, 0.0000,  1687, 0.0,23.9, 0.0
M3,21/06/22,10:31:20,     1,  4715,   401, 1030.6, 300, 0.0, 0.0, 0.0,  0, 0.0000,  1686, 0.0,23.9, 0.0
M3,21/06/22,10:31:21,     1,  4716,   400, 1030.6, 300, 0.0, 0.0, 0.0,  0, 0.0000,  1686, 0.0,23.9, 0.0
M3,21/06/22,10:31:22,     1,  4717,   400, 1030.6, 300, 0.0, 0.0, 0.0,  0, 0.0000,  1686, 0.0,23.9, 0.0
M3,21/06/22,10:31:23,     1,  4718,   400, 1030.6, 300, 0.0, 0.0, 0.0,  0, 0.0000,  1684, 0.0,23.9, 0.0
M3,21/06/22,10:31:24,     1,  4719,   400, 1030.6, 300, 0.0, 0.0, 0.0,  0, 0.0000,  1686, 0.0,23.9, 0.0
M3,21/06/22,10:31:25,     1,  4720,   400, 1030.6, 300, 0.0, 0.0, 0.0,  0, 0.0000,  1686, 0.0,23.9, 0.0
M3,21/06/22,10:31:26,     1,  4721,   400, 1030.6, 300, 0.0, 0.0, 0.0,  0, 0.0000,  1687, 0.0,24.0, 0.0
M3,21/06/22,10:31:27,     1,  4722,   400, 1030.6, 300, 0.0, 0.0, 0.0,  0, 0.0000,  1688, 0.0,24.0, 0.0
M3,21/06/22,10:31:28,     1,  4723,   400, 1030.6, 300, 0.0, 0.0, 0.0,  0, 0.0000,  1687, 0.0,24.0, 0.0
M3,21/06/22,10:31:29,     1,  4724,   399, 1030.6, 300, 0.0, 0.0, 0.0,  0, 0.0000,  1686, 0.0,24.0, 0.0
M3,21/06/22,10:31:30,     1,  4725,   399, 1030.6, 300, 0.0, 0.0, 0.0,  0, 0.0000,  1686, 0.0,24.0, 0.0
M3,21/06/22,10:31:31,     1,  4726,   399, 1030.6, 300, 0.0, 0.0, 0.0,  0, 0.0000,  1687, 0.0,24.0, 0.0
M3,21/06/22,10:31:32,     1,  4727,   399, 1030.6, 300, 0.0, 0.0, 0.0,  0, 0.0000,  1687, 0.0,24.0, 0.0
M3,21/06/22,10:31:33,     1,  4728,   399, 1030.6, 300, 0.0, 0.0, 0.0,  0, 0.0000,  1687, 0.0,24.0, 0.0
M3,21/06/22,10:31:34,     1,  4729,   399, 1030.6, 300, 0.0, 0.0, 0.0,  0, 0.0000,  1687, 0.0,24.0, 0.0
M3,21/06/22,10:31:35,     1,  4730,   399, 1030.6, 300, 0.0, 0.0, 0.0,  0, 0.0000,  1688, 0.0,24.0, 0.0
M3,21/06/22,10:31:36,     1,  4731,   399, 1030.6, 300, 0.0, 0.0, 0.0,  0, 0.0000,  1687, 0.0,24.0, 0.0
M3,21/06/22,10:31:37,     1,  4732,   399, 1030.6, 300, 0.0, 0.0, 0.0,  0, 0.0000,  1687, 0.0,24.0, 0.0
M3,21/06/22,10:31:38,     1,  4733,   398, 1030.6, 300, 0.0, 0.0, 0.0,  0, 0.0000,  1688, 0.0,24.0, 0.0
M3,21/06/22,10:31:39,     1,  4734,   398, 1030.6, 300, 0.0, 0.0, 0.0,  0, 0.0000,  1688, 0.0,24.0, 0.0
M3,21/06/22,10:31:40,     1,  4735,   398, 1030.6, 300, 0.0, 0.0, 0.0,  0, 0.0000,  1689, 0.0,24.0, 0.0
M3,21/06/22,10:31:41,     1,  4736,   398, 1030.6, 300, 0.0, 0.0, 0.0,  0, 0.0000,  1687, 0.0,24.1, 0.0
M3,21/06/22,10:31:42,     1,  4737,   397, 1030.6, 300, 0.0, 0.0, 0.0,  0, 0.0000,  1686, 0.0,24.1, 0.0
M3,21/06/22,10:31:43,     1,  4738,   397, 1030.6, 300, 0.0, 0.0, 0.0,  0, 0.0000,  1685, 0.0,24.1, 0.0
M3,21/06/22,10:31:44,     1,  4739,   397, 1030.6, 300, 0.0, 0.0, 0.0,  0, 0.0000,  1686, 0.0,24.1, 0.0
M3,21/06/22,10:31:45,     1,  4740,   396, 1030.6, 300, 0.0, 0.0, 0.0,  0, 0.0000,  1687, 0.0,24.1, 0.0
M3,21/06/22,10:31:46,     1,  4741,   396, 1030.6, 300, 0.0, 0.0, 0.0,  0, 0.0000,  1688, 0.0,24.1, 0.0
M3,21/06/22,10:31:47,     1,  4742,   396, 1030.6, 300, 0.0, 0.0, 0.0,  0, 0.0000,  1687, 0.0,24.1, 0.0
M3,21/06/22,10:31:48,     1,  4743,   396, 1030.6, 300, 0.0, 0.0, 0.0,  0, 0.0000,  1687, 0.0,24.1, 0.0
M3,21/06/22,10:31:49,     1,  4744,   396, 1030.6, 300, 0.0, 0.0, 0.0,  0, 0.0000,  1686, 0.0,24.1, 0.0
M3,21/06/22,10:31:50,     1,  4745,   396, 1030.6, 300, 0.0, 0.0, 0.0,  0, 0.0000,  1686, 0.0,24.1, 0.0
M3,21/06/22,10:31:51,     1,  4746,   395, 1030.6, 300, 0.0, 0.0, 0.0,  0, 0.0000,  1685, 0.0,24.1, 0.0
M3,21/06/22,10:31:52,     1,  4747,   395, 1030.6, 300, 0.0, 0.0, 0.0,  0, 0.0000,  1686, 0.0,24.1, 0.0
M3,21/06/22,10:31:53,     1,  4748,   395, 1030.6, 300, 0.0, 0.0, 0.0,  0, 0.0000,  1683, 0.0,24.1, 0.0
