Tag(M3),Date,Time,Plot_No,Rec_No,CO2,Pressure,Flow,H2O,Tsen,O2,Error,Aux_V,PAR,Tsoil,Tair,Msoil
M3,21/06/22,10:33:53,     1,  4867,   417, 1030.6, 300, 0.0, 0.0, 0.0, 61, 0.0000,   472, 0.0,23.9, 0.0
M3,21/06/22,10:33:54,     1,  4868,   417, 1030.6, 300, 0.0, 0.0, 0.0,  0, 0.0000,   472, 0.0,23.9, 0.0
M3,21/06/22,10:33:55,     1,  4869,   416, 1030.6, 300, 0.0, 0.0, 0.0,  0, 0.0000,   472, 0.0,23.9, 0.0
M3,21/06/22,10:33:56,     1,  4870,   416, 1030.6, 300, 0.0, 0.0, 0.0,  0, 0.0000,   475, 0.0,23.9, 0.0
M3,21/06/22,10:33:57,     1,  4871,   416, 1030.6, 300, 0.0, 0.0, 0.0,  0, 0.0000,   482, 0.0,23.9, 0.0
M3,21/06/22,10:33:58,     1,  4872,   416, 1030.6, 300, 0.0, 0.0, 0.0,  0, 0.0000,   484, 0.0,23.9, 0.0
M3,21/06/22,10:33:59,     1,  4873,   416, 1030.6, 300, 0.0, 0.0, 0.0,  0, 0.0000,   484, 0.0,23.9, 0.0
M3,21/06/22,10:34:00,     1,  4874,   416, 1030.6, 300, 0.0, 0.0, 0.0,  0, 0.0000,   483, 0.0,23.9, 0.0
M3,21/06/22,10:34:01,     1,  4875,   416, 1030.6, 300, 0.0, 0.0, 0.0,  0, 0.0000,   484, 0.0,23.9, 0.0
M3,21/06/22,10:34:02,     1,  4876,   416, 1030.6, 300, 0.0, 0.0, 0.0,  0, 0.0000,   484, 0.0,23.9, 0.0
M3,21/06/22,10:34:03,     1,  4877,   415, 1030.6, 300, 0.0, 0.0, 0.0,  0, 0.0000,   484, 0.0,23.9, 0.0
M3,21/06/22,10:34:04,     1,  4878,   416, 1030.6, 300, 0.0, 0.0, 0.0,  0, 0.0000,   484, 0.0,23.9, 0.0
M3,21/06/22,10:34:05,     1,  4879,   416, 1030.6, 300, 0.0, 0.0, 0.0,  0, 0.0000,   483, 0.0,23.9, 0.0
M3,21/06/22,10:34:06,     1,  4880,   416, 1030.6, 300, 0.0, 0.0, 0.0,  0, 0.0000,   484, 0.0,23.9, 0.0
M3,21/06/22,10:34:07,     1,  4881,   416, 1030.6, 300, 0.0, 0.0, 0.0,  0, 0.0000,   484, 0.0,23.9, 0.0
M3,21/06/22,10:34:08,     1,  4882,   416, 1030.6, 300, 0.0, 0.0, 0.0,  0, 0.0000,   484, 0.0,23.9, 0.0
M3,21/06/22,10:34:09,     1,  4883,   416, 1030.6, 300, 0.0, 0.0, 0.0,  0, 0.0000,   484, 0.0,23.9, 0.0
M3,21/06/22,10:34:10,     1,  4884,   416, 1030.6, 300, 0.0, 0.0, 0.0,  0, 0.0000,   484, 0.0,23.9, 0.0
M3,21/06/22,10:34:11,     1,  4885,   416, 1030.6, 300, 0.0, 0.0, 0.0,  0, 0.0000,   484, 0.0,23.9, 0.0
M3,21/06/22,10:34:12,     1,  4886,   416, 1030.6, 300, 0.0, 0.0, 0.0,  0, 0.0000,   484, 0.0,23.9, 0.0
M3,21/06/22,10:34:13,     1,  4887,   416, 1030.6, 300, 0.0, 0.0, 0.0,  0, 0.0000,   484, 0.0,23.9, 0.0
M3,21/06/22,10:34:14,     1,  4888,   416, 1030.6, 300, 0.0, 0.0, 0.0,  0, 0.0000,   483, 0.0,23.9, 0.0
M3,21/06/22,10:34:15,     1,  4889,   416, 1030.6, 300, 0.0, 0.0, 0.0,  0, 0.0000,   483, 0.0,23.9, 0.0
M3,21/06/22,10:34:16,     1,  4890,   416, 1030.6, 300, 0.0, 0.0, 0.0,  0, 0.0000,   483, 0.0,23.9, 0.0
M3,21/06/22,10:34:17,     1,  4891,   416, 1030.6, 300, 0.0, 0.0, 0.0,  0, 0.0000,   483, 0.0,24.0, 0.0
M3,21/06/22,10:34:18,     1,  4892,   416, 1030.6, 300, 0.0, 0.0, 0.0,  0, 0.0000,   483, 0.0,24.0, 0.0
M3,21/06/22,10:34:19,     1,  4893,   416, 1030.6, 300, 0.0, 0.0, 0.0,  0, 0.0000,   483, 0.0,24.0, 0.0
M3,21/06/22,10:34:20,     1,  4894,   415, 1030.6, 300, 0.0, 0.0, 0.0,  0, 0.0000,   482, 0.0,23.9, 0.0
M3,21/06/22,10:34:21,     1,  4895,   415, 1030.6, 300, 0.0, 0.0, 0.0,  0, 0.0000,   482, 0.0,24.0, 0.0
M3,21/06/22,10:34:22,     1,  4896,   415, 1030.6, 300, 0.0, 0.0, 0.0,  0, 0.0000,   482, 0.0,24.0, 0.0
M3,21/06/22,10:34:23,     1,  4897,   415, 1030.6, 300, 0.0, 0.0, 0.0,  0, 0.0000,   482, 0.0,24.0, 0.0
M3,21/06/22,10:34:24,     1,  4898,   415, 1030.6, 300, 0.0, 0.0, 0.0,  0, 0.0000,   482, 0.0,24.0, 0.0
M3,21/06/22,10:34:25,     1,  4899,   415, 1030.6, 300, 0.0, 0.0, 0.0,  0, 0.0000,   482, 0.0,24.0, 0.0
M3,21/06/22,10:34:26,     1,  4900,   415, 1030.6, 300, 0.0, 0.0, 0.0,  0, 0.0000,   481, 0.0,24.0, 0.0
M3,21/06/22,10:34:27,     1,  4901,   415, 1030.6, 300, 0.0, 0.0, 0.0,  0, 0.0000,   481, 0.0,24.0, 0.0
M3,21/06/22,10:34:28,     1,  4902,   415, 1030.6, 300, 0.0, 0.0, 0.0,  0, 0.0000,   481, 0.0,23.9, 0.0
M3,21/06/22,10:34:29,     1,  4903,   415, 1030.6, 300, 0.0, 0.0, 0.0,  0, 0.0000,   481, 0.0,24.0, 0.0
M3,21/06/22,10:34:30,     1,  4904,   415, 1030.6, 300, 0.0, 0.0, 0.0,  0, 0.0000,   481, 0.0,24.0, 0.0
M3,21/06/22,10:34:31,     1,  4905,   415, 1030.6, 300, 0.0, 0.0, 0.0,  0, 0.0000,   482, 0.0,24.0, 0.0
M3,21/06/22,10:34:32,     1,  4906,   415, 1030.6, 300, 0.0, 0.0, 0.0,  0, 0.0000,   481, 0.0,23.9, 0.0
M3,21/06/22,10:34:33,     1,  4907,   415, 1030.6, 300, 0.0, 0.0, 0.0,  0, 0.0000,   482, 0.0,23.9, 0.0
M3,21/06/22,10:34:34,     1,  4908,   414, 1030.6, 300, 0.0, 0.0, 0.0,  0, 0.0000,   482, 0.0,23.9, 0.0
M3,21/06/22,10:34:35,     1,  4909,   414, 1030.6, 300, 0.0, 0.0, 0.0,  0, 0.0000,   481, 0.0,23.9, 0.0
M3,21/06/22,10:34:36,     1,  4910,   414, 1030.6, 300, 0.0, 0.0, 0.0,  0, 0.0000,   482, 0.0,23.9, 0.0
M3,21/06/22,10:34:37,     1,  4911,   414, 1030.6, 300, 0.0, 0.0, 0.0,  0, 0.0000,   482, 0.0,24.0, 0.0
M3,21/06/22,10:34:38,     1,  4912,   414, 1030.6, 300, 0.0, 0.0, 0.0,  0, 0.0000,   482, 0.0,24.0, 0.0
M3,21/06/22,10:34:39,     1,  4913,   414, 1030.6, 300, 0.0, 0.0, 0.0,  0, 0.0000,   483, 0.0,24.0, 0.0
M3,21/06/22,10:34:40,     1,  4914,   414, 1030.6, 300, 0.0, 0.0, 0.0,  0, 0.0000,   483, 0.0,24.0, 0.0
M3,21/06/22,10:34:41,     1,  4915,   414, 1030.6, 300, 0.0, 0.0, 0.0,  0, 0.0000,   483, 0.0,24.0, 0.0
M3,21/06/22,10:34:42,     1,  4916,   413, 1030.6, 300, 0.0, 0.0, 0.0,  0, 0.0000,   484, 0.0,24.0, 0.0
M3,21/06/22,10:34:43,     1,  4917,   413, 1030.6, 300, 0.0, 0.0, 0.0,  0, 0.0000,   484, 0.0,24.0, 0.0
M3,21/06/22,10:34:44,     1,  4918,   413, 1030.6, 300, 0.0, 0.0, 0.0,  0, 0.0000,   484, 0.0,24.0, 0.0
M3,21/06/22,10:34:45,     1,  4919,   413, 1030.6, 300, 0.0, 0.0, 0.0,  0, 0.0000,   484, 0.0,24.0, 0.0
M3,21/06/22,10:34:46,     1,  4920,   413, 1030.6, 300, 0.0, 0.0, 0.0,  0, 0.0000,   485, 0.0,24.0, 0.0
M3,21/06/22,10:34:47,     1,  4921,   413, 1030.6, 300, 0.0, 0.0, 0.0,  0, 0.0000,   485, 0.0,24.0, 0.0
M3,21/06/22,10:34:48,     1,  4922,   413, 1030.6, 300, 0.0, 0.0, 0.0,  0, 0.0000,   486, 0.0,24.0, 0.0
M3,21/06/22,10:34:49,     1,  4923,   413, 1030.6, 300, 0.0, 0.0, 0.0,  0, 0.0000,   487, 0.0,24.0, 0.0
M3,21/06/22,10:34:50,     1,  4924,   413, 1030.6, 300, 0.0, 0.0, 0.0,  0, 0.0000,   487, 0.0,24.0, 0.0
M3,21/06/22,10:34:51,     1,  4925,   413, 1030.6, 300, 0.0, 0.0, 0.0,  0, 0.0000,   488, 0.0,24.0, 0.0
M3,21/06/22,10:34:52,     1,  4926,   413, 1030.6, 300, 0.0, 0.0, 0.0,  0, 0.0000,   488, 0.0,24.0, 0.0
M3,21/06/22,10:34:53,     1,  4927,   413, 1030.6, 300, 0.0, 0.0, 0.0,  0, 0.0000,   488, 0.0,24.0, 0.0
M3,21/06/22,10:34:54,     1,  4928,   413, 1030.6, 300, 0.0, 0.0, 0.0,  0, 0.0000,   489, 0.0,24.0, 0.0
M3,21/06/22,10:34:55,     1,  4929,   413, 1030.6, 300, 0.0, 0.0, 0.0,  0, 0.0000,   490, 0.0,24.0, 0.0
M3,21/06/22,10:34:56,     1,  4930,   412, 1030.6, 300, 0.0, 0.0, 0.0,  0, 0.0000,   490, 0.0,24.0, 0.0
M3,21/06/22,10:34:57,     1,  4931,   412, 1030.6, 300, 0.0, 0.0, 0.0,  0, 0.0000,   490, 0.0,24.0, 0.0
M3,21/06/22,10:34:58,     1,  4932,   413, 1030.6, 300, 0.0, 0.0, 0.0,  0, 0.0000,   490, 0.0,24.0, 0.0
M3,21/06/22,10:34:59,     1,  4933,   413, 1030.6, 300, 0.0, 0.0, 0.0,  0, 0.0000,   490, 0.0,24.0, 0.0
M3,21/06/22,10:35:00,     1,  4934,   413, 1030.6, 300, 0.0, 0.0, 0.0,  0, 0.0000,   489, 0.0,24.0, 0.0
M3,21/06/22,10:35:01,     1,  4935,   413, 1030.6, 300, 0.0, 0.0, 0.0,  0, 0.0000,   490, 0.0,24.0, 0.0
M3,21/06/22,10:35:02,     1,  4936,   413, 1030.6, 300, 0.0, 0.0, 0.0,  0, 0.0000,   489, 0.0,24.0, 0.0
M3,21/06/22,10:35:03,     1,  4937,   413, 1030.6, 300, 0.0, 0.0, 0.0,  0, 0.0000,   489, 0.0,24.0, 0.0
M3,21/06/22,10:35:04,     1,  4938,   412, 1030.6, 300, 0.0, 0.0, 0.0,  0, 0.0000,   488, 0.0,24.0, 0.0
M3,21/06/22,10:35:05,     1,  4939,   412, 1030.6, 300, 0.0, 0.0, 0.0,  0, 0.0000,   487, 0.0,24.0, 0.0
M3,21/06/22,10:35:06,     1,  4940,   412, 1030.6, 300, 0.0, 0.0, 0.0,  0, 0.0000,   487, 0.0,24.0, 0.0
M3,21/06/22,10:35:07,     1,  4941,   412, 1030.6, 300, 0.0, 0.0, 0.0,  0, 0.0000,   486, 0.0,24.0, 0.0
M3,21/06/22,10:35:08,     1,  4942,   412, 1030.6, 300, 0.0, 0.0, 0.0,  0, 0.0000,   486, 0.0,24.0, 0.0
M3,21/06/22,10:35:09,     1,  4943,   412, 1030.6, 300, 0.0, 0.0, 0.0,  0, 0.0000,   486, 0.0,24.0, 0.0
M3,21/06/22,10:35:10,     1,  4944,   412, 1030.6, 300, 0.0, 0.0, 0.0,  0, 0.0000,   484, 0.0,24.0, 0.0
M3,21/06/22,10:35:11,     1,  4945,   412, 1030.6, 300, 0.0, 0.0, 0.0,  0, 0.0000,   483, 0.0,24.0, 0.0
M3,21/06/22,10:35:12,     1,  4946,   411, 1030.6, 300, 0.0, 0.0, 0.0,  0, 0.0000,   482, 0.0,24.0, 0.0
M3,21/06/22,10:35:13,     1,  4947,   411, 1030.6, 300, 0.0, 0.0, 0.0,  0, 0.0000,   481, 0.0,24.0, 0.0
M3,21/06/22,10:35:14,     1,  4948,   411, 1030.6, 300, 0.0, 0.0, 0.0,  0, 0.0000,   479, 0.0,24.0, 0.0
M3,21/06/22,10:35:16,     1,  4949,   411, 1030.6, 300, 0.0, 0.0, 0.0,  0, 0.0000,   478, 0.0,24.0, 0.0
M3,21/06/22,10:35:17,     1,  4950,   411, 1030.6, 300, 0.0, 0.0, 0.0,  0, 0.0000,   478, 0.0,24.0, 0.0
M3,21/06/22,10:35:18,     1,  4951,   411, 1030.6, 300, 0.0, 0.0, 0.0,  0, 0.0000,   477, 0.0,24.0, 0.0
M3,21/06/22,10:35:19,     1,  4952,   411, 1030.6, 300, 0.0, 0.0, 0.0,  0, 0.0000,   476, 0.0,24.0, 0.0
M3,21/06/22,10:35:20,     1,  4953,   411, 1030.6, 300, 0.0, 0.0, 0.0,  0, 0.0000,   475, 0.0,24.0, 0.0
M3,21/06/22,10:35:21,     1,  4954,   411, 1030.6, 300, 0.0, 0.0, 0.0,  0, 0.0000,   475, 0.0,24.0, 0.0
M3,21/06/22,10:35:22,     1,  4955,   411, 1030.6, 300, 0.0, 0.0, 0.0,  0, 0.0000,   474, 0.0,24.0, 0.0
M3,21/06/22,10:35:23,     1,  4956,   411, 1030.6, 300, 0.0, 0.0, 0.0,  0, 0.0000,   474, 0.0,24.0, 0.0
M3,21/06/22,10:35:24,     1,  4957,   411, 1030.6, 300, 0.0, 0.0, 0.0,  0, 0.0000,   474, 0.0,24.0, 0.0
M3,21/06/22,10:35:25,     1,  4958,   411, 1030.6, 300, 0.0, 0.0, 0.0,  0, 0.0000,   473, 0.0,24.0, 0.0
M3,21/06/22,10:35:26,     1,  4959,   411, 1030.6, 300, 0.0, 0.0, 0.0,  0, 0.0000,   473, 0.0,24.0, 0.0
M3,21/06/22,10:35:27,     1,  4960,   411, 1030.6, 300, 0.0, 0.0, 0.0,  0, 0.0000,   473, 0.0,24.0, 0.0
M3,21/06/22,10:35:28,     1,  4961,   411, 1030.6, 300, 0.0, 0.0, 0.0,  0, 0.0000,   472, 0.0,24.0, 0.0
M3,21/06/22,10:35:29,     1,  4962,   411, 1030.6, 300, 0.0, 0.0, 0.0,  0, 0.0000,   471, 0.0,24.0, 0.0
M3,21/06/22,10:35:30,     1,  4963,   411, 1030.6, 300, 0.0, 0.0, 0.0,  0, 0.0000,   471, 0.0,24.0, 0.0
M3,21/06/22,10:35:31,     1,  4964,   411, 1030.6, 300, 0.0, 0.0, 0.0,  0, 0.0000,   470, 0.0,24.0, 0.0
M3,21/06/22,10:35:32,     1,  4965,   411, 1030.6, 300, 0.0, 0.0, 0.0,  0, 0.0000,   470, 0.0,24.0, 0.0
M3,21/06/22,10:35:33,     1,  4966,   411, 1030.6, 300, 0.0, 0.0, 0.0,  0, 0.0000,   470, 0.0,24.0, 0.0
M3,21/06/22,10:35:34,     1,  4967,   410, 1030.6, 300, 0.0, 0.0, 0.0,  0, 0.0000,   470, 0.0,24.0, 0.0
M3,21/06/22,10:35:35,     1,  4968,   410, 1030.6, 300, 0.0, 0.0, 0.0,  0, 0.0000,   469, 0.0,24.0, 0.0
M3,21/06/22,10:35:36,     1,  4969,   410, 1030.6, 300, 0.0, 0.0, 0.0,  0, 0.0000,   469, 0.0,24.0, 0.0
M3,21/06/22,10:35:37,     1,  4970,   410, 1030.6, 300, 0.0, 0.0, 0.0,  0, 0.0000,   468, 0.0,24.0, 0.0
M3,21/06/22,10:35:38,     1,  4971,   410, 1030.6, 300, 0.0, 0.0, 0.0,  0, 0.0000,   468, 0.0,24.0, 0.0
M3,21/06/22,10:35:39,     1,  4972,   410, 1030.6, 300, 0.0, 0.0, 0.0,  0, 0.0000,   468, 0.0,24.0, 0.0
M3,21/06/22,10:35:40,     1,  4973,   410, 1030.6, 300, 0.0, 0.0, 0.0,  0, 0.0000,   468, 0.0,24.0, 0.0
M3,21/06/22,10:35:41,     1,  4974,   410, 1030.6, 300, 0.0, 0.0, 0.0,  0, 0.0000,   467, 0.0,24.0, 0.0
M3,21/06/22,10:35:42,     1,  4975,   410, 1030.6, 300, 0.0, 0.0, 0.0,  0, 0.0000,   467, 0.0,24.0, 0.0
M3,21/06/22,10:35:43,     1,  4976,   410, 1030.6, 300, 0.0, 0.0, 0.0,  0, 0.0000,   467, 0.0,24.0, 0.0
M3,21/06/22,10:35:44,     1,  4977,   410, 1030.6, 300, 0.0, 0.0, 0.0,  0, 0.0000,   466, 0.0,24.0, 0.0
M3,21/06/22,10:35:45,     1,  4978,   410, 1030.6, 300, 0.0, 0.0, 0.0,  0, 0.0000,   466, 0.0,24.0, 0.0
M3,21/06/22,10:35:46,     1,  4979,   410, 1030.6, 300, 0.0, 0.0, 0.0,  0, 0.0000,   466, 0.0,24.0, 0.0
M3,21/06/22,10:35:47,     1,  4980,   409, 1030.6, 300, 0.0, 0.0, 0.0,  0, 0.0000,   466, 0.0,24.0, 0.0
M3,21/06/22,10:35:48,     1,  4981,   409, 1030.6, 300, 0.0, 0.0, 0.0,  0, 0.0000,   465, 0.0,24.0, 0.0
M3,21/06/22,10:35:49,     1,  4982,   409, 1030.6, 300, 0.0, 0.0, 0.0,  0, 0.0000,   465, 0.0,24.0, 0.0
M3,21/06/22,10:35:50,     1,  4983,   409, 1030.6, 300, 0.0, 0.0, 0.0,  0, 0.0000,   465, 0.0,24.0, 0.0
M3,21/06/22,10:35:51,     1,  4984,   409, 1030.6, 300, 0.0, 0.0, 0.0,  0, 0.0000,   464, 0.0,24.0, 0.0
M3,21/06/22,10:35:52,     1,  4985,   409, 1030.6, 300, 0.0, 0.0, 0.0,  0, 0.0000,   464, 0.0,24.0, 0.0
M3,21/06/22,10:35:53,     1,  4986,   409, 1030.6, 300, 0.0, 0.0, 0.0,  0, 0.0000,   464, 0.0,24.0, 0.0
M3,21/06/22,10:35:54,     1,  4987,   409, 1030.6, 300, 0.0, 0.0, 0.0,  0, 0.0000,   463, 0.0,24.0, 0.0
M3,21/06/22,10:35:55,     1,  4988,   409, 1030.6, 300, 0.0, 0.0, 0.0,  0, 0.0000,   463, 0.0,24.0, 0.0
M3,21/06/22,10:35:56,     1,  4989,   409, 1030.6, 300, 0.0, 0.0, 0.0,  0, 0.0000,   463, 0.0,24.0, 0.0
M3,21/06/22,10:35:57,     1,  4990,   409, 1030.6, 300, 0.0, 0.0, 0.0,  0, 0.0000,   463, 0.0,24.0, 0.0
M3,21/06/22,10:35:58,     1,  4991,   409, 1030.6, 300, 0.0, 0.0, 0.0,  0, 0.0000,   462, 0.0,24.0, 0.0
M3,21/06/22,10:35:59,     1,  4992,   409, 1030.6, 300, 0.0, 0.0, 0.0,  0, 0.0000,   462, 0.0,24.0, 0.0
M3,21/06/22,10:36:00,     1,  4993,   409, 1030.6, 300, 0.0, 0.0, 0.0,  0, 0.0000,   462, 0.0,24.0, 0.0
M3,21/06/22,10:36:01,     1,  4994,   409, 1030.6, 300, 0.0, 0.0, 0.0,  0, 0.0000,   461, 0.0,24.0, 0.0
M3,21/06/22,10:36:02,     1,  4995,   408, 1030.6, 300, 0.0, 0.0, 0.0,  0, 0.0000,   461, 0.0,24.0, 0.0
M3,21/06/22,10:36:03,     1,  4996,   409, 1030.6, 300, 0.0, 0.0, 0.0,  0, 0.0000,   461, 0.0,24.0, 0.0
M3,21/06/22,10:36:04,     1,  4997,   409, 1030.6, 300, 0.0, 0.0, 0.0,  0, 0.0000,   461, 0.0,24.0, 0.0
M3,21/06/22,10:36:05,     1,  4998,   409, 1030.6, 300, 0.0, 0.0, 0.0,  0, 0.0000,   460, 0.0,24.0, 0.0
M3,21/06/22,10:36:06,     1,  4999,   409, 1030.6, 300, 0.0, 0.0, 0.0,  0, 0.0000,   460, 0.0,24.0, 0.0
M3,21/06/22,10:36:07,     1,  5000,   409, 1030.6, 300, 0.0, 0.0, 0.0,  0, 0.0000,   460, 0.0,24.0, 0.0
M3,21/06/22,10:36:08,     1,  5001,   408, 1030.6, 300, 0.0, 0.0, 0.0,  0, 0.0000,   459, 0.0,24.0, 0.0
M3,21/06/22,10:36:09,     1,  5002,   408, 1030.6, 300, 0.0, 0.0, 0.0,  0, 0.0000,   460, 0.0,24.0, 0.0
M3,21/06/22,10:36:10,     1,  5003,   408, 1030.6, 300, 0.0, 0.0, 0.0,  0, 0.0000,   459, 0.0,24.0, 0.0
M3,21/06/22,10:36:11,     1,  5004,   408, 1030.6, 300, 0.0, 0.0, 0.0,  0, 0.0000,   459, 0.0,24.0, 0.0
M3,21/06/22,10:36:12,     1,  5005,   408, 1030.6, 300, 0.0, 0.0, 0.0,  0, 0.0000,   459, 0.0,24.0, 0.0
M3,21/06/22,10:36:13,     1,  5006,   408, 1030.6, 300, 0.0, 0.0, 0.0,  0, 0.0000,   459, 0.0,24.0, 0.0
M3,21/06/22,10:36:14,     1,  5007,   408, 1030.6, 300, 0.0, 0.0, 0.0,  0, 0.0000,   458, 0.0,24.0, 0.0
M3,21/06/22,10:36:15,     1,  5008,   408, 1030.6, 300, 0.0, 0.0, 0.0,  0, 0.0000,   458, 0.0,24.0, 0.0
M3,21/06/22,10:36:16,     1,  5009,   408, 1030.6, 300, 0.0, 0.0, 0.0,  0, 0.0000,   458, 0.0,24.0, 0.0
M3,21/06/22,10:36:17,     1,  5010,   408, 1030.6, 300, 0.0, 0.0, 0.0,  0, 0.0000,   457, 0.0,24.0, 0.0
M3,21/06/22,10:36:18,     1,  5011,   408, 1030.6, 300, 0.0, 0.0, 0.0,  0, 0.0000,   457, 0.0,24.0, 0.0
M3,21/06/22,10:36:19,     1,  5012,   407, 1030.6, 300, 0.0, 0.0, 0.0,  0, 0.0000,   457, 0.0,24.0, 0.0
M3,21/06/22,10:36:20,     1,  5013,   407, 1030.6, 300, 0.0, 0.0, 0.0,  0, 0.0000,   457, 0.0,24.0, 0.0
M3,21/06/22,10:36:21,     1,  5014,   407, 1030.6, 300, 0.0, 0.0, 0.0,  0, 0.0000,   457, 0.0,24.0, 0.0
M3,21/06/22,10:36:22,     1,  5015,   407, 1030.6, 300, 0.0, 0.0, 0.0,  0, 0.0000,   457, 0.0,24.0, 0.0
M3,21/06/22,10:36:23,     1,  5016,   407, 1030.6, 300, 0.0, 0.0, 0.0,  0, 0.0000,   456, 0.0,24.0, 0.0
M3,21/06/22,10:36:24,     1,  5017,   407, 1030.6, 300, 0.0, 0.0, 0.0,  0, 0.0000,   456, 0.0,24.0, 0.0
M3,21/06/22,10:36:25,     1,  5018,   407, 1030.6, 300, 0.0, 0.0, 0.0,  0, 0.0000,   456, 0.0,24.0, 0.0
M3,21/06/22,10:36:26,     1,  5019,   407, 1030.6, 300, 0.0, 0.0, 0.0,  0, 0.0000,   456, 0.0,24.0, 0.0
M3,21/06/22,10:36:27,     1,  5020,   408, 1030.6, 300, 0.0, 0.0, 0.0,  0, 0.0000,   455, 0.0,24.0, 0.0
M3,21/06/22,10:36:28,     1,  5021,   408, 1030.6, 300, 0.0, 0.0, 0.0,  0, 0.0000,   455, 0.0,24.0, 0.0
M3,21/06/22,10:36:29,     1,  5022,   407, 1030.6, 300, 0.0, 0.0, 0.0,  0, 0.0000,   455, 0.0,24.0, 0.0
M3,21/06/22,10:36:30,     1,  5023,   407, 1030.6, 300, 0.0, 0.0, 0.0,  0, 0.0000,   455, 0.0,24.0, 0.0
